time,x,y,z,qx,qy,qz,qw
0.006642400010605343,-0.4098788797855377,0.8994019627571106,-0.02595718950033188,0.15946590900421143,0.11907152831554413,0.14927445352077484,0.9685606360435486
0.011001200007740408,-0.40993380546569824,0.8994495868682861,-0.025922851637005806,0.1588919758796692,0.11856081336736679,0.1495683640241623,0.9686722755432129
0.015226000003167428,-0.4099959433078766,0.8995080590248108,-0.025897538289427757,0.15813587605953217,0.11776655912399292,0.14993064105510712,0.9688368439674377
0.0198104000010062,-0.4100407361984253,0.8995519876480103,-0.025897903367877007,0.15741592645645142,0.11753004044294357,0.14986713230609894,0.9689926505088806
0.024420900008408353,-0.41008129715919495,0.899626612663269,-0.025876332074403763,0.1563776582479477,0.11643420159816742,0.1507488191127777,0.9691562652587891
0.028434600011678413,-0.4101259410381317,0.8996741771697998,-0.02588135376572609,0.15563742816448212,0.11575397849082947,0.15100480616092682,0.9693171381950378
0.03408260000287555,-0.41018491983413696,0.8997127413749695,-0.02592429332435131,0.15497250854969025,0.11521334946155548,0.15085740387439728,0.9695109128952026
0.038247500007855706,-0.41025015711784363,0.8997876644134521,-0.025929512456059456,0.15386874973773956,0.11369409412145615,0.15133459866046906,0.9697916507720947
0.042233000000123866,-0.4103109538555145,0.8998508453369141,-0.025980306789278984,0.15298131108283997,0.11250848323106766,0.15146151185035706,0.970050573348999
0.046626200011814944,-0.4103974401950836,0.8998802304267883,-0.026086125522851944,0.15104013681411743,0.11078658699989319,0.15314728021621704,0.9702882170677185
0.05080409999936819,-0.41047537326812744,0.8999415040016174,-0.026138922199606895,0.14952827990055084,0.10976562649011612,0.15307384729385376,0.9706499576568604
0.0547870000009425,-0.41056305170059204,0.8999828100204468,-0.026174400001764297,0.14874856173992157,0.1078069880604744,0.1535714715719223,0.9709106087684631
0.05922110000392422,-0.4106305241584778,0.9000507593154907,-0.02626821957528591,0.1475924253463745,0.10705062001943588,0.1534782201051712,0.9711853861808777
0.06288060000224505,-0.41070717573165894,0.9001095294952393,-0.02634362503886223,0.14644353091716766,0.10581479966640472,0.15363220870494843,0.9714704155921936
0.06760700000450015,-0.41082799434661865,0.900174617767334,-0.02643502689898014,0.14511680603027344,0.10411053895950317,0.15387341380119324,0.9718153476715088
0.0715733000106411,-0.4109141230583191,0.900232195854187,-0.02649889700114727,0.14383646845817566,0.10315240919589996,0.1542513370513916,0.9720479846000671
0.07561810000333935,-0.41102197766304016,0.9002897143363953,-0.026573438197374344,0.142412930727005,0.10213354974985123,0.1546318680047989,0.9723047018051147
0.08008100000733975,-0.41112104058265686,0.9003280401229858,-0.026632137596607208,0.1414368450641632,0.10132831335067749,0.15508964657783508,0.9724584221839905
0.0838625000033062,-0.4112256169319153,0.9003729224205017,-0.026693187654018402,0.14003363251686096,0.10043942183256149,0.15594978630542755,0.9726161956787109
0.0874348000070313,-0.4113311469554901,0.9003952145576477,-0.026736164465546608,0.13950450718402863,0.09994109719991684,0.15610237419605255,0.972719132900238
0.09089170000515878,-0.4114494025707245,0.9004004597663879,-0.026782864704728127,0.13911965489387512,0.09922368079423904,0.15648019313812256,0.9727869033813477
0.09471160000248346,-0.4115867018699646,0.9004330635070801,-0.026796163991093636,0.13782982528209686,0.09825152903795242,0.15774381160736084,0.972865104675293
0.09956000000238419,-0.4117014706134796,0.9004409909248352,-0.026828965172171593,0.13725537061691284,0.09761608392000198,0.1582237184047699,0.9729323387145996
0.10311000001092907,-0.4118514657020569,0.9004166722297668,-0.02687779814004898,0.13648287951946259,0.09688407927751541,0.15928123891353607,0.9729416370391846
0.10720600000058766,-0.4119812548160553,0.9004068970680237,-0.02691878378391266,0.1361546814441681,0.09618721157312393,0.15974566340446472,0.9729806184768677
0.11109940000460483,-0.41211798787117004,0.9003921151161194,-0.02694171480834484,0.13585972785949707,0.09571949392557144,0.1605014204978943,0.9729436039924622
0.11552960000699386,-0.4122594892978668,0.9003400206565857,-0.026988724246621132,0.13518205285072327,0.09434108436107635,0.16192001104354858,0.9729376435279846
0.11941030000161845,-0.4123843014240265,0.9003037810325623,-0.027018548920750618,0.13525523245334625,0.09407145529985428,0.16219192743301392,0.9729081988334656
0.12373570000636391,-0.41249704360961914,0.9002465009689331,-0.027035154402256012,0.1354082077741623,0.09362795948982239,0.16257533431053162,0.9728657603263855
0.12840529999812134,-0.4126144349575043,0.900191068649292,-0.027043785899877548,0.1355203539133072,0.09321070462465286,0.16325177252292633,0.9727768898010254
0.13415969999914523,-0.4127237796783447,0.9001237750053406,-0.027050552889704704,0.1355404406785965,0.09291429072618484,0.16389870643615723,0.9726936221122742
0.13812080000934657,-0.41283097863197327,0.9000458121299744,-0.027079293504357338,0.13643689453601837,0.09271508455276489,0.16410264372825623,0.972553014755249
0.14252370000758674,-0.4129452407360077,0.8999574780464172,-0.027080491185188293,0.13674351572990417,0.09240182489156723,0.16426368057727814,0.9725125432014465
0.14713470000424422,-0.4130440056324005,0.8998848795890808,-0.027090955525636673,0.13708677887916565,0.09235094487667084,0.16441574692726135,0.9724432826042175
0.15083440000307746,-0.4131340980529785,0.8998079895973206,-0.02711336314678192,0.13727320730686188,0.09229425340890884,0.1648574024438858,0.972347617149353
0.1549587000044994,-0.41321861743927,0.8997242450714111,-0.02713213860988617,0.1375909149646759,0.09243260324001312,0.1649763435125351,0.9722694754600525
0.1589667000080226,-0.4133445620536804,0.8996344804763794,-0.02716078981757164,0.13722409307956696,0.0928378477692604,0.16471350193023682,0.9723271727561951
0.16326610000396613,-0.4134245216846466,0.899502694606781,-0.027170972898602486,0.13730047643184662,0.09297557175159454,0.16552314162254333,0.9721658229827881
0.1671325000061188,-0.4134907126426697,0.899405837059021,-0.02718895860016346,0.13780167698860168,0.09314480423927307,0.16573868691921234,0.9720419049263
0.17089700000360608,-0.41353893280029297,0.8992926478385925,-0.02721397392451763,0.13896729052066803,0.09374245256185532,0.1657545566558838,0.9718157649040222
0.17438740000943653,-0.41360101103782654,0.899189829826355,-0.02722659893333912,0.13966131210327148,0.09404265880584717,0.1658378541469574,0.9716730713844299
0.17846350000763778,-0.413695752620697,0.899070680141449,-0.02724054455757141,0.13905003666877747,0.09361676871776581,0.16697002947330475,0.9716079831123352
0.18207200001052115,-0.4137425422668457,0.8989518880844116,-0.02727334201335907,0.14051184058189392,0.09421699494123459,0.16674891114234924,0.9713776111602783
0.18614630000956822,-0.41379740834236145,0.8988251686096191,-0.02724376879632473,0.14001807570457458,0.09444902092218399,0.1669338494539261,0.9713945984840393
0.1906028000084916,-0.4138495624065399,0.8987042307853699,-0.02726028859615326,0.14113749563694,0.09476195275783539,0.16693635284900665,0.9712017178535461
0.19444570000632666,-0.41390666365623474,0.8985920548439026,-0.027252448722720146,0.14190168678760529,0.09501870721578598,0.16707736253738403,0.9710409045219421
0.20048310000856873,-0.4139474034309387,0.8984618186950684,-0.027264900505542755,0.1430579125881195,0.09544885903596878,0.16673541069030762,0.9708878397941589
0.20489770000858698,-0.4139762818813324,0.8983578085899353,-0.02726016566157341,0.14333172142505646,0.09568504989147186,0.1668975055217743,0.9707964062690735
0.20926490001147613,-0.4140107035636902,0.8982685804367065,-0.027273353189229965,0.14382168650627136,0.09588898718357086,0.16663743555545807,0.9707485437393188
0.21327510000264738,-0.4140535891056061,0.898173987865448,-0.02730887569487095,0.1443198174238205,0.09607120603322983,0.1661325842142105,0.9707430601119995
0.21798810000473168,-0.4140883982181549,0.8980891108512878,-0.027335280552506447,0.14482368528842926,0.0961976945400238,0.16544894874095917,0.9707722663879395
0.22225190000608563,-0.41411370038986206,0.8980053067207336,-0.02736697345972061,0.14513476192951202,0.09612742066383362,0.16523870825767517,0.9707686305046082
0.22661290000542067,-0.41414472460746765,0.8979084491729736,-0.02740885317325592,0.14515019953250885,0.09581075608730316,0.165079265832901,0.9708247184753418
0.23144150000007357,-0.41420912742614746,0.8977495431900024,-0.027536766603589058,0.14558981359004974,0.09573253244161606,0.16349878907203674,0.9710339903831482
0.23727399999916088,-0.4142366647720337,0.8976949453353882,-0.027591895312070847,0.14555205404758453,0.09570864588022232,0.16324979066848755,0.9710839986801147
0.2422711000108393,-0.41425636410713196,0.8976466059684753,-0.02763374336063862,0.1454428732395172,0.09559709578752518,0.16280868649482727,0.9711853861808777
0.2465622000017902,-0.4142829179763794,0.8976051211357117,-0.02768167108297348,0.1454877406358719,0.09544649720191956,0.1622467190027237,0.9712874889373779
0.2504371000104584,-0.4143155813217163,0.8975317478179932,-0.027747957035899162,0.1463431566953659,0.0954020768404007,0.16127604246139526,0.9713249206542969
0.2546589999983553,-0.41433578729629517,0.8974856734275818,-0.02781282365322113,0.1460830718278885,0.09554555267095566,0.16031411290168762,0.9715092182159424
0.25873200000205543,-0.4143452048301697,0.897432267665863,-0.027904875576496124,0.14482025802135468,0.09459032118320465,0.16120338439941406,0.9716446995735168
0.2631946000037715,-0.4143962264060974,0.8974009156227112,-0.02794048935174942,0.1445019394159317,0.09439072757959366,0.16087503731250763,0.9717658162117004
0.27035849999811035,-0.41448238492012024,0.8973512649536133,-0.028052743524312973,0.14399893581867218,0.09356604516506195,0.16002801060676575,0.9720600247383118
0.2737789000093471,-0.4145224094390869,0.8973296880722046,-0.028098367154598236,0.14377228915691376,0.09311722218990326,0.1597435474395752,0.9721835255622864
0.2777716999989934,-0.4145543873310089,0.8973305821418762,-0.02813754603266716,0.14318127930164337,0.09241057187318802,0.15951453149318695,0.972375750541687
0.2821317000052659,-0.41462287306785583,0.8973044157028198,-0.028166797012090683,0.14268101751804352,0.09204211086034775,0.15902195870876312,0.9725649356842041
0.2861618000024464,-0.41468146443367004,0.8972998261451721,-0.02821159176528454,0.14221858978271484,0.09146609902381897,0.15884186327457428,0.9727163910865784
0.28954840000369586,-0.41468146443367004,0.8972998261451721,-0.02821159176528454,0.14221858978271484,0.09146609902381897,0.15884186327457428,0.9727163910865784
0.29413140000542626,-0.4148191809654236,0.8973144888877869,-0.028283126652240753,0.14150722324848175,0.09031127393245697,0.15826405584812164,0.9730221629142761
0.2983671000110917,-0.4148823618888855,0.8973342180252075,-0.02832968905568123,0.14081217348575592,0.08962149173021317,0.15834853053092957,0.9731729626655579
0.3028350000095088,-0.41495397686958313,0.8973472118377686,-0.028358593583106995,0.14061419665813446,0.08924532681703568,0.15818539261817932,0.9732627272605896
0.3070385000028182,-0.4150409698486328,0.8973668813705444,-0.028387337923049927,0.14024502038955688,0.08878353238105774,0.15833835303783417,0.9733334183692932
0.3111055000044871,-0.41513803601264954,0.8973807692527771,-0.028393369168043137,0.13980484008789062,0.08837402611970901,0.15882275998592377,0.9733549952507019
0.31521250000514556,-0.4152613878250122,0.897383451461792,-0.028410306200385094,0.1401119977235794,0.08799911290407181,0.15911497175693512,0.9732970595359802
0.31927700000233017,-0.41535383462905884,0.897400438785553,-0.02840714156627655,0.1398957520723343,0.0879063829779625,0.15922605991363525,0.9733183979988098
0.3235207000107039,-0.4154415726661682,0.8974207639694214,-0.028395624831318855,0.13955441117286682,0.08764708787202835,0.15952233970165253,0.9733423590660095
0.32777960000385065,-0.4155350625514984,0.8974376916885376,-0.028376547619700432,0.13952475786209106,0.08750849962234497,0.15995730459690094,0.9732877016067505
0.3327404000010574,-0.41562244296073914,0.897454023361206,-0.02834271267056465,0.1397789716720581,0.087744802236557,0.1598614752292633,0.9732456803321838
0.3371241999993799,-0.41573455929756165,0.8974740505218506,-0.02830284647643566,0.13890574872493744,0.08738375455141068,0.1607150435447693,0.9732626080513
0.34061140000994783,-0.41583994030952454,0.8974946141242981,-0.028283745050430298,0.13878513872623444,0.08717454224824905,0.16160699725151062,0.9731508493423462
0.3447813000093447,-0.41593021154403687,0.897513747215271,-0.028251057490706444,0.138931542634964,0.08717525750398636,0.16177166998386383,0.9731025099754333
0.3488381000061054,-0.41602903604507446,0.8975299596786499,-0.02821197733283043,0.1391543447971344,0.08729852735996246,0.16193105280399323,0.9730331301689148
0.35301089999848045,-0.4161357581615448,0.8975295424461365,-0.028174880892038345,0.13949011266231537,0.08729882538318634,0.16217806935310364,0.9729438424110413
0.3578072000091197,-0.4162515699863434,0.8975440859794617,-0.028136199340224266,0.140044704079628,0.08758312463760376,0.16206206381320953,0.9728579521179199
0.3614630000083707,-0.4163583815097809,0.8975566029548645,-0.028067702427506447,0.14033257961273193,0.08733733743429184,0.16269415616989136,0.9727330803871155
0.3654826999991201,-0.41645950078964233,0.8975635170936584,-0.02802337519824505,0.14077572524547577,0.08746442198753357,0.16294972598552704,0.9726148843765259
0.3694160000013653,-0.4165961444377899,0.8975679278373718,-0.027959248051047325,0.14109820127487183,0.08786656707525253,0.16373507678508759,0.972399890422821
0.37361550000787247,-0.4166973829269409,0.8975754976272583,-0.027911359444260597,0.14145761728286743,0.08816412836313248,0.16385456919670105,0.9723007082939148
0.3783268999977736,-0.41681039333343506,0.8975831270217896,-0.027843324467539787,0.14173901081085205,0.08812612295150757,0.1640189290046692,0.9722354412078857
0.3818891999981133,-0.41690048575401306,0.8975921273231506,-0.027793526649475098,0.14194835722446442,0.08839523047208786,0.16402596235275269,0.9721792340278625
0.3861769000068307,-0.4169866442680359,0.8975912928581238,-0.027746066451072693,0.14255909621715546,0.08862407505512238,0.16392715275287628,0.97208571434021
0.3902191000088351,-0.4170617163181305,0.8975955247879028,-0.02769533544778824,0.14295294880867004,0.08893115073442459,0.16392430663108826,0.972000241279602
0.3936944000015501,-0.4170617163181305,0.8975955247879028,-0.02769533544778824,0.14295294880867004,0.08893115073442459,0.16392430663108826,0.972000241279602
0.39814730000216514,-0.41724535822868347,0.8976299166679382,-0.027550868690013885,0.14360007643699646,0.0899469181895256,0.16335655748844147,0.9719070196151733
0.40236649999860674,-0.4173223376274109,0.8976324796676636,-0.027484184131026268,0.14391154050827026,0.09040629118680954,0.16327165067195892,0.9718325734138489
0.4066179000074044,-0.4173872172832489,0.8976324200630188,-0.0274199191480875,0.14443816244602203,0.09068337827920914,0.1632930040359497,0.9717250466346741
0.4108845000009751,-0.41744425892829895,0.8976238369941711,-0.02734922431409359,0.14510178565979004,0.09118273109197617,0.16316308081150055,0.9716012477874756
0.41506240000308026,-0.41751283407211304,0.8976487517356873,-0.027245603501796722,0.14593151211738586,0.09155711531639099,0.16368189454078674,0.9713545441627502
0.4196976000093855,-0.4175805449485779,0.8976173996925354,-0.02714039571583271,0.14665360748767853,0.09209580719470978,0.16337591409683228,0.9712463617324829
0.42371540000021923,-0.4176603853702545,0.8975808620452881,-0.027045171707868576,0.14719299972057343,0.0929272323846817,0.16359522938728333,0.9710485935211182
0.42788740000105463,-0.41772162914276123,0.8975332975387573,-0.02694508619606495,0.14823535084724426,0.09365801513195038,0.16348406672477722,0.9708385467529297
0.43200400000205263,-0.41777303814888,0.8974973559379578,-0.026853347197175026,0.14912769198417664,0.09450697153806686,0.16323421895503998,0.9706615805625916
0.4360519000038039,-0.41783079504966736,0.8974522352218628,-0.026755275204777718,0.150092214345932,0.0953160896897316,0.16308322548866272,0.9704592227935791
0.440579300004174,-0.41785728931427,0.8974612951278687,-0.026651447638869286,0.15122291445732117,0.09567692130804062,0.16443055868148804,0.9700206518173218
0.44439640000928193,-0.4179042875766754,0.8973853588104248,-0.02653934806585312,0.15258973836898804,0.096625417470932,0.16472655534744263,0.9696624279022217
0.44862370000919327,-0.4179224371910095,0.8973085880279541,-0.02642589993774891,0.15401053428649902,0.09778851270675659,0.16481687128543854,0.9693057537078857
0.4528889000066556,-0.4179052412509918,0.8972732424736023,-0.0263047032058239,0.15473929047584534,0.09958286583423615,0.1650889366865158,0.9689605832099915
0.4569923000090057,-0.4179219603538513,0.8972072005271912,-0.02619093842804432,0.15574322640895844,0.10067234933376312,0.16529399156570435,0.9686521887779236
0.4616692999989027,-0.4179226756095886,0.8971655964851379,-0.02602333389222622,0.1576867550611496,0.10283612459897995,0.16393180191516876,0.9683419466018677
0.4652481000084663,-0.41794201731681824,0.8970342874526978,-0.025900017470121384,0.15886633098125458,0.10437298566102982,0.1622920036315918,0.9682609438896179
0.4696983000030741,-0.4179275631904602,0.8969566822052002,-0.025782737880945206,0.16030389070510864,0.10547981411218643,0.16208316385746002,0.9679389595985413
0.4735258000000613,-0.41792458295822144,0.8969138860702515,-0.025651272386312485,0.16209281980991364,0.10675016790628433,0.16189657151699066,0.9675329327583313
0.4778688000078546,-0.4179058372974396,0.8968563675880432,-0.025530315935611725,0.16382458806037903,0.10802002996206284,0.16113139688968658,0.9672279953956604
0.4827724000060698,-0.4178631603717804,0.8967938423156738,-0.025437353178858757,0.16481636464595795,0.1087208166718483,0.1613476425409317,0.9669448137283325
0.4870915000064997,-0.41785159707069397,0.8967390656471252,-0.02533385157585144,0.16663633286952972,0.1093299612402916,0.16120105981826782,0.96658855676651
0.49217320000752807,-0.4177960455417633,0.8966890573501587,-0.025243399664759636,0.1676807850599289,0.11031996458768845,0.16084544360637665,0.9663547277450562
0.49646860000211746,-0.41773709654808044,0.8966284990310669,-0.025160402059555054,0.16871118545532227,0.11135107278823853,0.1605767458677292,0.9661017656326294
0.5003908000071533,-0.4176730513572693,0.8965719938278198,-0.02509225718677044,0.16958999633789062,0.11208802461624146,0.16053380072116852,0.9658697843551636
0.5049296000070171,-0.41760239005088806,0.896531343460083,-0.025023050606250763,0.17052865028381348,0.11311839520931244,0.16019105911254883,0.9656413197517395
0.5089755000080913,-0.41754311323165894,0.8964967727661133,-0.02496541291475296,0.17126873135566711,0.11388174444437027,0.15998856723308563,0.9654541611671448
0.5129898000013782,-0.4174550771713257,0.8964675664901733,-0.024897459894418716,0.1719709038734436,0.11487159878015518,0.15974946320056915,0.965251624584198
0.5164176000107545,-0.41737890243530273,0.8964205980300903,-0.02483401447534561,0.17260266840457916,0.11584373563528061,0.15900962054729462,0.9651448726654053
0.5198971000063466,-0.4173184335231781,0.8963925838470459,-0.02477928437292576,0.17311382293701172,0.11663554608821869,0.15866568684577942,0.9650144577026367
0.5244235999998637,-0.4172528088092804,0.8963589668273926,-0.02469644695520401,0.17379465699195862,0.11754493415355682,0.15841834247112274,0.9648224115371704
0.5280391999986023,-0.4171932339668274,0.8963257670402527,-0.024637265130877495,0.17451828718185425,0.11833608150482178,0.15821591019630432,0.964628279209137
0.5322656000062125,-0.4171222448348999,0.8962926864624023,-0.024576660245656967,0.1753125786781311,0.11929824203252792,0.15796665847301483,0.9644065499305725
0.5363393000006909,-0.4170664846897125,0.8962427377700806,-0.02450891025364399,0.17618222534656525,0.1201678067445755,0.15778537094593048,0.9641698002815247
0.5404024000017671,-0.4170052409172058,0.8962069749832153,-0.024442024528980255,0.17723532021045685,0.1211073100566864,0.157341867685318,0.963931679725647
0.5449774000007892,-0.4169268012046814,0.8961828947067261,-0.02435539849102497,0.17835775017738342,0.1220674142241478,0.15671207010746002,0.9637061357498169
0.5489487000013469,-0.4168594777584076,0.8961433172225952,-0.024297896772623062,0.17938461899757385,0.1228737160563469,0.1563124805688858,0.9634779095649719
0.5529958000115585,-0.4167729616165161,0.8961371183395386,-0.024205410853028297,0.18045853078365326,0.12332088500261307,0.1563919484615326,0.9632073044776917
0.5569286000099964,-0.4167044758796692,0.8961213231086731,-0.02412937395274639,0.18184764683246613,0.12436264753341675,0.15537643432617188,0.9629764556884766
0.5615345000114758,-0.41663870215415955,0.8960731625556946,-0.024068497121334076,0.18255144357681274,0.12507492303848267,0.1554543823003769,0.9627383947372437
0.565924200011068,-0.4165491759777069,0.896058201789856,-0.024003617465496063,0.1830042004585266,0.12600457668304443,0.15539515018463135,0.9625407457351685
0.5696258000098169,-0.4164692461490631,0.8960183262825012,-0.02393639087677002,0.18380044400691986,0.12654945254325867,0.1552167534828186,0.9623462557792664
0.5740497000078904,-0.41638249158859253,0.8959862589836121,-0.023877959698438644,0.18459387123584747,0.12742064893245697,0.15455545485019684,0.9621859192848206
0.5778497999999672,-0.4162854552268982,0.8959903120994568,-0.0238077100366354,0.18515829741954803,0.12789656221866608,0.15520811080932617,0.9619091749191284
0.5818653000023915,-0.4161861538887024,0.8959658741950989,-0.023756522685289383,0.18571250140666962,0.12861351668834686,0.15471963584423065,0.9617854356765747
0.5862797000008868,-0.41608816385269165,0.895945131778717,-0.0237212423235178,0.18642862141132355,0.12938585877418518,0.1544964611530304,0.9615791440010071
0.5902485000115121,-0.415985107421875,0.8959318995475769,-0.023675881326198578,0.18666668236255646,0.12983070313930511,0.15460769832134247,0.9614551663398743
0.5946890000050189,-0.4158734381198883,0.8959225416183472,-0.023634012788534164,0.18684913218021393,0.13046765327453613,0.1542488932609558,0.9613911509513855
0.5985918000078527,-0.41575923562049866,0.895923912525177,-0.023573268204927444,0.187295064330101,0.13138559460639954,0.15365836024284363,0.9612739682197571
0.6027763000020059,-0.41564497351646423,0.8958950638771057,-0.023521751165390015,0.1879943311214447,0.1320267617702484,0.15312160551548004,0.9611352682113647
0.6068802000081632,-0.4155348539352417,0.8959177136421204,-0.02346053533256054,0.18776468932628632,0.13288889825344086,0.15327391028404236,0.9610370397567749
0.6110751000087475,-0.41541776061058044,0.8959024548530579,-0.0234111025929451,0.18819017708301544,0.13334321975708008,0.1528576910495758,0.9609571099281311
0.6154729999980191,-0.4152785837650299,0.8959271311759949,-0.02333345264196396,0.18928998708724976,0.13492879271507263,0.15137949585914612,0.960753858089447
0.619445700009237,-0.4151453673839569,0.8959368467330933,-0.02326556108891964,0.18976028263568878,0.13576823472976685,0.1508612334728241,0.9606242179870605
0.6236766000074567,-0.415030300617218,0.895940363407135,-0.023205673322081566,0.1901087611913681,0.13655772805213928,0.15055803954601288,0.9604910612106323
0.6279447999986587,-0.41491490602493286,0.8959482908248901,-0.0231451615691185,0.19052685797214508,0.1374889761209488,0.15029367804527283,0.9603166580200195
0.6321678000094835,-0.4147730767726898,0.8959328532218933,-0.023075859993696213,0.19100230932235718,0.13793320953845978,0.14984261989593506,0.9602290391921997
0.6364808000071207,-0.4146656095981598,0.895923912525177,-0.023024404421448708,0.191685289144516,0.13837726414203644,0.14962203800678253,0.9600634574890137
0.6407241999986582,-0.41455498337745667,0.8959190845489502,-0.022951070219278336,0.19210654497146606,0.13903427124023438,0.14928893744945526,0.9599362015724182
0.6444817000010516,-0.41442787647247314,0.8958978056907654,-0.022889312356710434,0.19239169359207153,0.13938571512699127,0.14866216480731964,0.9599253535270691
0.6529583000083221,-0.4142071008682251,0.8958871364593506,-0.02276354655623436,0.19347397983074188,0.14049740135669708,0.1484050750732422,0.9595854878425598
0.6570671000081347,-0.41409334540367126,0.8958857655525208,-0.02266637422144413,0.19387948513031006,0.1407271921634674,0.14874482154846191,0.9594173431396484
0.6611337000067579,-0.4139785170555115,0.895892322063446,-0.022592682391405106,0.19375835359096527,0.14129212498664856,0.14892813563346863,0.9593303203582764
0.6652908000105526,-0.4138781428337097,0.8958898782730103,-0.022517744451761246,0.1940402090549469,0.14177767932415009,0.14883773028850555,0.9592157006263733
0.6696376000036253,-0.4137480556964874,0.8959017992019653,-0.02241986058652401,0.19428685307502747,0.14186421036720276,0.14945217967033386,0.9590574502944946
0.6735747000057017,-0.41363725066185,0.8959193229675293,-0.02230873703956604,0.19530729949474335,0.14289961755275726,0.1481143981218338,0.9589040279388428
0.6788334000011673,-0.4135241210460663,0.8959199786186218,-0.022232873365283012,0.19533707201480865,0.1432020217180252,0.14805065095424652,0.9588626623153687
0.6833993000036571,-0.41342470049858093,0.8959481716156006,-0.022153643891215324,0.19486109912395477,0.1436396688222885,0.14809930324554443,0.9588865637779236
0.686939799998072,-0.41342470049858093,0.8959481716156006,-0.022153643891215324,0.19486109912395477,0.1436396688222885,0.14809930324554443,0.9588865637779236
0.6922219999978552,-0.4132251441478729,0.8959716558456421,-0.02203286997973919,0.19500337541103363,0.14429157972335815,0.1480283886194229,0.9587706923484802
0.6964208999997936,-0.4131297171115875,0.8959982991218567,-0.021973976865410805,0.19531379640102386,0.14470204710960388,0.14752691984176636,0.9587229490280151
0.7006562000024132,-0.4130385220050812,0.8960229158401489,-0.02191093936562538,0.1952601969242096,0.14487937092781067,0.14731532335281372,0.9587395787239075
0.7045878000062658,-0.41295403242111206,0.8960521817207336,-0.021852664649486542,0.19506055116653442,0.14517055451869965,0.14725607633590698,0.9587453007698059
0.7086105000053067,-0.4128657579421997,0.8960773944854736,-0.021799439564347267,0.19487865269184113,0.14540325105190277,0.14712202548980713,0.9587676525115967
0.7128845000115689,-0.4127667248249054,0.8961090445518494,-0.021725663915276527,0.19476200640201569,0.14559514820575714,0.14710558950901031,0.9587646722793579
0.7163695000053849,-0.4126623868942261,0.8961384296417236,-0.021639758720993996,0.1942606121301651,0.1460692584514618,0.1472303718328476,0.9587752223014832
0.7198951000027591,-0.4125787615776062,0.8961801528930664,-0.02157241478562355,0.19405248761177063,0.1462756097316742,0.1471354216337204,0.9588004946708679
0.7241939000086859,-0.4124859571456909,0.896216630935669,-0.021497860550880432,0.19383670389652252,0.1466495543718338,0.14714616537094116,0.9587852954864502
0.7281360000051791,-0.4123922884464264,0.8962550759315491,-0.02142801508307457,0.1937747448682785,0.1469002217054367,0.14691287279129028,0.9587952494621277
0.7331432000064524,-0.4123063087463379,0.8962967395782471,-0.021354297176003456,0.19380536675453186,0.147211953997612,0.1465339958667755,0.9587991833686829
0.736582500001532,-0.4121915400028229,0.8963815569877625,-0.021221695467829704,0.19457592070102692,0.1482478529214859,0.14413493871688843,0.9588472247123718
0.7405878999998095,-0.41208553314208984,0.8964154720306396,-0.02113664336502552,0.19432292878627777,0.14868761599063873,0.14419734477996826,0.9588209986686707
0.745074200007366,-0.4119837284088135,0.8964539766311646,-0.02107199840247631,0.1942489594221115,0.14908865094184875,0.14407499134540558,0.9587920904159546
0.7485917000012705,-0.4118807911872864,0.8964977860450745,-0.0209659356623888,0.19430525600910187,0.148789182305336,0.14416126906871796,0.9588142037391663
0.7528743000002578,-0.4117993712425232,0.8965513110160828,-0.020880628377199173,0.19392065703868866,0.14890393614768982,0.1442907154560089,0.9588548541069031
0.7569879000075161,-0.4117262065410614,0.8965932726860046,-0.02080543339252472,0.19378289580345154,0.14914163947105408,0.14404824376106262,0.9588822722434998
0.7618631000077585,-0.41163647174835205,0.8966172933578491,-0.02073782868683338,0.19355827569961548,0.1490628719329834,0.1439649611711502,0.9589523077011108
0.7660202999977628,-0.41155871748924255,0.8966622948646545,-0.020656174048781395,0.19356171786785126,0.14930151402950287,0.143872931599617,0.9589282870292664
0.7699148000101559,-0.4114910364151001,0.8966877460479736,-0.02058596909046173,0.19337198138237,0.14940901100635529,0.1437915712594986,0.958962082862854
0.7741797000053339,-0.4114146828651428,0.8967204093933105,-0.020499207079410553,0.1929340958595276,0.14967861771583557,0.14403000473976135,0.9589723944664001
0.7778238000028068,-0.4113527834415436,0.8967523574829102,-0.020417507737874985,0.1927272528409958,0.14980380237102509,0.1439189314842224,0.9590111970901489
0.7821114000107627,-0.41128355264663696,0.8967748284339905,-0.020336776971817017,0.1926196962594986,0.14997851848602295,0.1439073383808136,0.9590072631835938
0.7861306000122568,-0.41122502088546753,0.8968220949172974,-0.020226165652275085,0.19165167212486267,0.15013934671878815,0.14409558475017548,0.9591476917266846
0.7911559000058332,-0.4111391007900238,0.8968697786331177,-0.020109020173549652,0.19243641197681427,0.1507870852947235,0.14303214848041534,0.9590480923652649
0.7951279000117211,-0.4110717475414276,0.8968977332115173,-0.02001967839896679,0.1923329085111618,0.1510506421327591,0.14307275414466858,0.9590213894844055
0.7990495999983978,-0.41100600361824036,0.8969166874885559,-0.019919877871870995,0.19210535287857056,0.1510280817747116,0.14316152036190033,0.9590573310852051
0.8028848000103608,-0.4109371304512024,0.8969531059265137,-0.019819136708974838,0.19232292473316193,0.1513567864894867,0.14260421693325043,0.959044873714447
0.8069354000035673,-0.41085436940193176,0.8969711065292358,-0.019719326868653297,0.19213935732841492,0.15147243440151215,0.14278212189674377,0.9590369462966919
0.8111906000121962,-0.4107871949672699,0.8969932198524475,-0.01961326040327549,0.19197218120098114,0.15171945095062256,0.1428246647119522,0.9590250253677368
0.8154247000056785,-0.4107264280319214,0.8970232009887695,-0.019510557875037193,0.19156301021575928,0.15191006660461426,0.14287957549095154,0.9590685367584229
0.8195162000047276,-0.41066378355026245,0.8970686793327332,-0.01938880793750286,0.19160808622837067,0.1515588015317917,0.14392203092575073,0.9589592218399048
0.8240396000037435,-0.4105965793132782,0.897077202796936,-0.019297534599900246,0.191339373588562,0.15145152807235718,0.14376328885555267,0.959053635597229
0.8278638000047067,-0.41053301095962524,0.8971011638641357,-0.019211668521165848,0.19125716388225555,0.151544988155365,0.14393870532512665,0.959028959274292
0.8318737000081455,-0.410474956035614,0.897120475769043,-0.019120225682854652,0.19108498096466064,0.15161365270614624,0.14395663142204285,0.9590497016906738
0.8366528000042308,-0.41040149331092834,0.8971536159515381,-0.01901513896882534,0.19065523147583008,0.1519789844751358,0.1441093385219574,0.9590544700622559
0.8412934000079986,-0.4103393256664276,0.8972078561782837,-0.018907390534877777,0.19005441665649414,0.15208812057971954,0.14395563304424286,0.9591795206069946
0.8454226000030758,-0.41026759147644043,0.8972187042236328,-0.018805718049407005,0.18988560140132904,0.1522999405860901,0.14368775486946106,0.9592194557189941
0.8492359000083525,-0.4101890027523041,0.8972666263580322,-0.01869232952594757,0.19057533144950867,0.15313789248466492,0.14246496558189392,0.9591317176818848
0.8532881999999518,-0.4101269245147705,0.8973028659820557,-0.018590714782476425,0.19075603783130646,0.15349611639976501,0.14183850586414337,0.9591313600540161
0.8578903000015998,-0.4100585877895355,0.8973437547683716,-0.018465552479028702,0.19054949283599854,0.1534254103899002,0.14227674901485443,0.9591187834739685
0.8631824000040069,-0.40998589992523193,0.897368848323822,-0.0183535348623991,0.19067762792110443,0.15365713834762573,0.14195193350315094,0.9591043591499329
0.8674959000054514,-0.4099082350730896,0.8974000811576843,-0.018246158957481384,0.19076476991176605,0.15367546677589417,0.14172570407390594,0.9591175317764282
0.8719414000079269,-0.4098217487335205,0.8974379301071167,-0.01813831366598606,0.191199392080307,0.1538459211587906,0.14105837047100067,0.9591020941734314
0.8755749000119977,-0.40974703431129456,0.8974672555923462,-0.01804882474243641,0.19107764959335327,0.15396779775619507,0.14106012880802155,0.9591065645217896
0.8799685000121826,-0.4096650183200836,0.8974852561950684,-0.01793222315609455,0.1909310221672058,0.15422998368740082,0.1410374492406845,0.9590969085693359
0.8861616000067443,-0.40950673818588257,0.897556722164154,-0.017713308334350586,0.1907467395067215,0.15433315932750702,0.1413269191980362,0.9590744376182556
0.8903204000089318,-0.40943488478660583,0.897611141204834,-0.017620550468564034,0.19001661241054535,0.15443970263004303,0.14133822917938232,0.9592005610466003
0.8943756000080612,-0.4093519449234009,0.8976345658302307,-0.01751030795276165,0.1894824206829071,0.15487392246723175,0.14145168662071228,0.9592194557189941
0.8988484000001336,-0.4092840850353241,0.8976673483848572,-0.017430048435926437,0.18906055390834808,0.1550769805908203,0.1416105031967163,0.9592463970184326
0.9068540000007488,-0.40913569927215576,0.8977389931678772,-0.017235105857253075,0.18905109167099,0.155782088637352,0.1405394971370697,0.9592915177345276
0.9109698000102071,-0.409036248922348,0.8977546691894531,-0.017152229323983192,0.188782200217247,0.15586604177951813,0.14030903577804565,0.9593645930290222
0.9150501000112854,-0.408956378698349,0.8977961540222168,-0.017057519406080246,0.1879694163799286,0.1561690717935562,0.14048634469509125,0.959449052810669
0.9195425000070827,-0.40888485312461853,0.8978151082992554,-0.01697789877653122,0.18778738379478455,0.15636740624904633,0.14019761979579926,0.9594945907592773
0.9238877000025241,-0.40881529450416565,0.8978385329246521,-0.01689884066581726,0.1876232773065567,0.15653181076049805,0.1400327980518341,0.9595239162445068
0.9281775999988895,-0.40873029828071594,0.8978444933891296,-0.016800295561552048,0.18748976290225983,0.15653428435325623,0.1397881805896759,0.9595852494239807
0.9320133000001078,-0.4086472690105438,0.8978594541549683,-0.016679314896464348,0.18736034631729126,0.15688879787921906,0.1395585685968399,0.9595861434936523
0.9360778999980539,-0.40857014060020447,0.8978651762008667,-0.01656566746532917,0.1871056854724884,0.15707889199256897,0.13965870440006256,0.9595900774002075
0.940429000009317,-0.40848249197006226,0.8978718519210815,-0.016407320275902748,0.18680046498775482,0.15734797716140747,0.13969944417476654,0.9595995545387268
0.9444683000037912,-0.4084029495716095,0.8978685736656189,-0.016271598637104034,0.1869763731956482,0.157569020986557,0.13969586789608002,0.9595295190811157
0.9486803000036161,-0.4083050787448883,0.8978390097618103,-0.016093099489808083,0.18689210712909698,0.15802311897277832,0.1397683471441269,0.9594606757164001
0.9528194000013173,-0.408220112323761,0.8978212475776672,-0.01593443937599659,0.18715406954288483,0.15861964225769043,0.13928015530109406,0.9593822360038757
0.9572423000063282,-0.4081145226955414,0.8978450894355774,-0.01570778712630272,0.18790824711322784,0.1586901992559433,0.13955070078372955,0.9591838121414185
0.9616081999993185,-0.4080263078212738,0.8978208303451538,-0.015551619231700897,0.18828071653842926,0.159098818898201,0.1392025202512741,0.9590936303138733
0.9654406000045128,-0.40795502066612244,0.8977956771850586,-0.015398766845464706,0.1884407103061676,0.15919598937034607,0.13907918334007263,0.9590640068054199
0.9698267000057967,-0.4078788757324219,0.8977774977684021,-0.015234771184623241,0.18881256878376007,0.15958403050899506,0.1384463757276535,0.9590179920196533
0.9741007999982685,-0.40781012177467346,0.8977524638175964,-0.015065047889947891,0.18896815180778503,0.15972685813903809,0.13812945783138275,0.9590092301368713
0.9777740999998059,-0.40781012177467346,0.8977524638175964,-0.015065047889947891,0.18896815180778503,0.15972685813903809,0.13812945783138275,0.9590092301368713
0.9815208000072744,-0.40781012177467346,0.8977524638175964,-0.015065047889947891,0.18896815180778503,0.15972685813903809,0.13812945783138275,0.9590092301368713
0.9848667000042042,-0.40781012177467346,0.8977524638175964,-0.015065047889947891,0.18896815180778503,0.15972685813903809,0.13812945783138275,0.9590092301368713
0.9881217000074685,-0.40781012177467346,0.8977524638175964,-0.015065047889947891,0.18896815180778503,0.15972685813903809,0.13812945783138275,0.9590092301368713
0.9924375000118744,-0.40773528814315796,0.8977239727973938,-0.014891104772686958,0.1889302134513855,0.15986254811286926,0.13780060410499573,0.9590413570404053
0.9960300000093412,-0.40773528814315796,0.8977239727973938,-0.014891104772686958,0.1889302134513855,0.15986254811286926,0.13780060410499573,0.9590413570404053
0.9995514000038384,-0.40773528814315796,0.8977239727973938,-0.014891104772686958,0.1889302134513855,0.15986254811286926,0.13780060410499573,0.9590413570404053
1.0030948000057833,-0.40773528814315796,0.8977239727973938,-0.014891104772686958,0.1889302134513855,0.15986254811286926,0.13780060410499573,0.9590413570404053
1.0083840000006603,-0.4074658453464508,0.8976918458938599,-0.014230748638510704,0.18808116018772125,0.15994328260421753,0.13760091364383698,0.9592235088348389
1.0122818000090774,-0.40694665908813477,0.8977489471435547,-0.01287301629781723,0.18799570202827454,0.16092732548713684,0.13496430218219757,0.9594501852989197
1.0163557000050787,-0.4068168103694916,0.8978089094161987,-0.012502411380410194,0.18757209181785583,0.1611122190952301,0.13388879597187042,0.9596527814865112
1.019889500006684,-0.4066833555698395,0.8978725671768188,-0.012118316255509853,0.18779227137565613,0.16163679957389832,0.1325249969959259,0.9597108364105225
1.0239255000051344,-0.40652287006378174,0.8979318141937256,-0.011715684086084366,0.1877165585756302,0.1613418459892273,0.1322285383939743,0.9598161578178406
1.027856900007464,-0.40638309717178345,0.8980143666267395,-0.011313415132462978,0.1873871237039566,0.161189004778862,0.13265492022037506,0.9598473310470581
1.0322349000052782,-0.40624722838401794,0.8981038331985474,-0.010914046317338943,0.186415895819664,0.1614217907190323,0.13265079259872437,0.959997832775116
1.0363990000041667,-0.4061166048049927,0.8982252478599548,-0.010459710843861103,0.18630045652389526,0.16232821345329285,0.13095518946647644,0.9601002335548401
1.0405988999991678,-0.4059571623802185,0.8983508348464966,-0.009938842616975307,0.1863502860069275,0.16277660429477692,0.13012897968292236,0.960127055644989
1.044653400007519,-0.4057956337928772,0.8984823822975159,-0.009386871941387653,0.18521448969841003,0.1620101034641266,0.13182379305362701,0.9602452516555786
1.0486985000025015,-0.4056639075279236,0.898628830909729,-0.008851440623402596,0.18515527248382568,0.162893608212471,0.13041193783283234,0.9602999687194824
1.053185199998552,-0.40551263093948364,0.8987324833869934,-0.008248324505984783,0.18537668883800507,0.16362525522708893,0.12931261956691742,0.960281491279602
1.0573433000099612,-0.40533247590065,0.8989143967628479,-0.007532264105975628,0.18412919342517853,0.1637297421693802,0.13081343472003937,0.9603004455566406
1.0613639000075636,-0.4051785469055176,0.8990779519081116,-0.0068353088572621346,0.18448419868946075,0.16380901634693146,0.13011322915554047,0.9603139162063599
1.0655852000054438,-0.4050549864768982,0.899273693561554,-0.006134233437478542,0.184116393327713,0.16457201540470123,0.1294706165790558,0.9603408575057983
1.0697967000014614,-0.40484917163848877,0.8995034098625183,-0.005289515946060419,0.1845238208770752,0.1653268039226532,0.12966123223304749,0.9601072669029236
1.0739582000096561,-0.4047092795372009,0.8997414112091064,-0.004499498289078474,0.18329083919525146,0.16553866863250732,0.13021157681941986,0.9602324366569519
1.0785226000007242,-0.40455618500709534,0.8999919295310974,-0.0035930899903178215,0.18403933942317963,0.16610832512378693,0.1294746994972229,0.9600905776023865
1.0821769000031054,-0.40434375405311584,0.9002686142921448,-0.0026009927969425917,0.18325336277484894,0.1665748804807663,0.1307147592306137,0.959991991519928
1.086477000004379,-0.4041704833507538,0.9005574584007263,-0.001634229556657374,0.18437819182872772,0.16775715351104736,0.12917739152908325,0.9597788453102112
1.0903324000100838,-0.40397417545318604,0.900912880897522,-0.0006125028012320399,0.18332406878471375,0.1680082380771637,0.13098515570163727,0.9596918225288391
1.0947383000020636,-0.40378257632255554,0.9012287259101868,0.00044024025555700064,0.18375153839588165,0.16896899044513702,0.12982895970344543,0.9595984816551208
1.0989964000036707,-0.40355759859085083,0.9016221165657043,0.0016430631512776017,0.18287602066993713,0.169292151927948,0.1306612640619278,0.959595799446106
1.1029150000103982,-0.4033718407154083,0.9020140767097473,0.0027930336073040962,0.18294090032577515,0.1703295260667801,0.13009648025035858,0.9594767093658447
1.1073100000066916,-0.4031156301498413,0.9024335145950317,0.004000712651759386,0.18174301087856293,0.16998308897018433,0.13088196516036987,0.9596589207649231
1.1112745999998879,-0.40288326144218445,0.9028823971748352,0.005241485312581062,0.1822221279144287,0.17110276222229004,0.13063295185565948,0.9594029784202576
1.1156660999986343,-0.40262696146965027,0.9033629894256592,0.006593008991330862,0.18148104846477509,0.17200782895088196,0.1304904818534851,0.95940101146698
1.1195439000002807,-0.40238454937934875,0.9037891626358032,0.00796862319111824,0.18025833368301392,0.17212946712970734,0.13163450360298157,0.9594533443450928
1.1236197000107495,-0.40210309624671936,0.904288113117218,0.009389542043209076,0.18025317788124084,0.1739581972360611,0.12958301603794098,0.9594038128852844
1.1278539000049932,-0.40184497833251953,0.9048216342926025,0.010836056433618069,0.1792871057987213,0.17530179023742676,0.1300274282693863,0.9592800736427307
1.1320353000046453,-0.4015480577945709,0.9053718447685242,0.012342892587184906,0.17882126569747925,0.17515215277671814,0.13029223680496216,0.9593584537506104
1.1363414000079501,-0.4012814164161682,0.9059433341026306,0.01394639816135168,0.17787598073482513,0.17629976570606232,0.12994036078453064,0.9593716859817505
1.1402568000048632,-0.4009641706943512,0.9065341353416443,0.015558513812720776,0.17719627916812897,0.17738039791584015,0.1292639523744583,0.9593896865844727
1.144458200011286,-0.40067586302757263,0.9071758985519409,0.017213182523846626,0.17664936184883118,0.17793715000152588,0.12884116172790527,0.9594443440437317
1.1488164000038523,-0.4003600478172302,0.9078080654144287,0.01898987777531147,0.1767270267009735,0.1793345957994461,0.12676513195037842,0.9594463109970093
1.152729499997804,-0.4000539481639862,0.908453643321991,0.02072702907025814,0.17482814192771912,0.17983387410640717,0.12809045612812042,0.9595248103141785
1.1571795000054408,-0.3997083306312561,0.9091632962226868,0.02259088307619095,0.17433485388755798,0.18051788210868835,0.12731851637363434,0.9595887660980225
1.1613735999999335,-0.3993907570838928,0.9098612070083618,0.02440786175429821,0.17241278290748596,0.181096151471138,0.12710224092006683,0.9598557353019714
1.1662664000032237,-0.39902806282043457,0.910593569278717,0.026277966797351837,0.17130108177661896,0.18220238387584686,0.12773175537586212,0.959761917591095
1.1712559000006877,-0.39861002564430237,0.9113689064979553,0.028226010501384735,0.17059879004955292,0.18232771754264832,0.12777996063232422,0.9598568081855774
1.1756404000043403,-0.3982222080230713,0.9121373891830444,0.030191855505108833,0.17031356692314148,0.1836613416671753,0.1255338490009308,0.9599496126174927
1.1799450000107754,-0.397813618183136,0.9129782915115356,0.032208140939474106,0.16833193600177765,0.1854926347732544,0.12419600039720535,0.9601209163665771
1.1839579000079539,-0.397418737411499,0.9138027429580688,0.03419717401266098,0.1669560968875885,0.18598172068595886,0.12356732785701752,0.9603477120399475
1.1883042000117712,-0.3970092236995697,0.9146559834480286,0.0362856350839138,0.16614927351474762,0.18740732967853546,0.12126342952251434,0.9605041146278381
1.1927389000047697,-0.3966052830219269,0.9155371189117432,0.03837085887789726,0.16386058926582336,0.18733222782611847,0.12177751958370209,0.9608468413352966
1.1965535000053933,-0.3961818814277649,0.9163792133331299,0.0404508076608181,0.16255852580070496,0.18836024403572083,0.12091434001922607,0.9609760046005249
1.2005225000029895,-0.3957577347755432,0.9172665476799011,0.04262077808380127,0.1608271300792694,0.18942566215991974,0.11982535570859909,0.9611942768096924
1.2045110000035493,-0.3953216075897217,0.9181690812110901,0.04473631829023361,0.15889859199523926,0.19037118554115295,0.11938225477933884,0.9613833427429199
1.2086860999988858,-0.3948618173599243,0.919094979763031,0.046956855803728104,0.1579088568687439,0.19092127680778503,0.11909634619951248,0.9614728093147278
1.212875900004292,-0.3944184482097626,0.9200081825256348,0.04920099675655365,0.15644247829914093,0.19185926020145416,0.11725468188524246,0.96175217628479
1.2171282000053907,-0.39399993419647217,0.9208845496177673,0.0514129213988781,0.15517529845237732,0.19228945672512054,0.11710068583488464,0.9618902206420898
1.2214004999987083,-0.39355769753456116,0.9217987060546875,0.05372791737318039,0.1534210592508316,0.19241607189178467,0.11759625375270844,0.9620858430862427
1.2258753000060096,-0.39312827587127686,0.9226918816566467,0.05596927925944328,0.1514371633529663,0.19315671920776367,0.11784332990646362,0.9622215032577515
1.2297206000075676,-0.3927052617073059,0.9235422611236572,0.05825832486152649,0.14901213347911835,0.19375057518482208,0.11816560477018356,0.9624412059783936
1.2371986000071047,-0.3919050097465515,0.9253172874450684,0.06289666146039963,0.1462615430355072,0.1952100247144699,0.11845961958169937,0.9625320434570312
1.2407270000112476,-0.39146408438682556,0.926173210144043,0.06527784466743469,0.14599910378456116,0.19662068784236908,0.1173754557967186,0.9624175429344177
1.2447415000060573,-0.3910350799560547,0.9270727038383484,0.06759706884622574,0.1454406976699829,0.19655251502990723,0.11857138574123383,0.962369441986084
1.2486523000115994,-0.3905717730522156,0.9279564023017883,0.06998181343078613,0.14285384118556976,0.19677674770355225,0.12001275271177292,0.9625324606895447
1.2535140000109095,-0.3900916576385498,0.9288508892059326,0.07234498113393784,0.14214341342449188,0.19734591245651245,0.12004051357507706,0.9625175595283508
1.2575212000083411,-0.3896629810333252,0.9297258853912354,0.07471968233585358,0.13993427157402039,0.1976674646139145,0.12141977995634079,0.9626023769378662
1.2613573999988148,-0.3892112076282501,0.9306005239486694,0.077067069709301,0.13903284072875977,0.19796711206436157,0.1208847314119339,0.9627386927604675
1.2653627000108827,-0.38873040676116943,0.9314820170402527,0.07950730621814728,0.13685342669487,0.198133185505867,0.12228763103485107,0.9628396034240723
1.2696857000119053,-0.3882528841495514,0.9323368072509766,0.0818377435207367,0.13637493550777435,0.19935725629329681,0.1213284507393837,0.9627761840820312
1.273766099999193,-0.3877399265766144,0.9332534670829773,0.08423324674367905,0.1341293454170227,0.19979138672351837,0.12254810333251953,0.9628472924232483
1.2782210000004852,-0.3872720003128052,0.9341065287590027,0.08657940477132797,0.13330022990703583,0.20013737678527832,0.12217757105827332,0.9629375338554382
1.2821523000020534,-0.3867449164390564,0.9349858164787292,0.08891715854406357,0.1320096254348755,0.20054493844509125,0.12237130850553513,0.9630059599876404
1.2866733000118984,-0.38629695773124695,0.9358176589012146,0.09129883348941803,0.13046571612358093,0.2001619040966034,0.12343394011259079,0.9631604552268982
1.2905058000033023,-0.3857578933238983,0.9366337656974792,0.0936238020658493,0.12923096120357513,0.20079192519187927,0.12330299615859985,0.9632124900817871
1.2947706000122707,-0.38527217507362366,0.9374030232429504,0.09601370245218277,0.12773117423057556,0.20138806104660034,0.12308987975120544,0.9633154273033142
1.2989248000085354,-0.3847706913948059,0.9381648898124695,0.09831250458955765,0.12621745467185974,0.20128025114536285,0.1254216879606247,0.9632366299629211
1.3082935999991605,-0.38377130031585693,0.9396461248397827,0.10294272750616074,0.1234365925192833,0.20170041918754578,0.1250271052122116,0.9635604023933411
1.3135832000116352,-0.3832845389842987,0.940403163433075,0.1052352786064148,0.12255434691905975,0.20166754722595215,0.12598255276679993,0.9635553956031799
1.3174685000121826,-0.3827589154243469,0.9411382675170898,0.10755383223295212,0.12056947499513626,0.20148584246635437,0.12785738706588745,0.9635969400405884
1.3215058000059798,-0.382216215133667,0.9418548941612244,0.10980858653783798,0.11985539644956589,0.201786607503891,0.1271628439426422,0.9637150168418884
1.3255164000001969,-0.38168469071388245,0.9425489902496338,0.11208712309598923,0.11929233372211456,0.2021988481283188,0.1274825483560562,0.9636561870574951
1.3292743000056362,-0.3811778128147125,0.9432212114334106,0.11431378126144409,0.1173805445432663,0.20193737745285034,0.12865236401557922,0.9637902975082397
1.332676400008495,-0.38065510988235474,0.9438615441322327,0.11654562503099442,0.11681032180786133,0.2020380049943924,0.12735389173030853,0.9640109539031982
1.3361951000115369,-0.38013362884521484,0.9444743394851685,0.11875362694263458,0.11641406267881393,0.20180518925189972,0.126973494887352,0.9641578197479248
1.3407936000003247,-0.3795449733734131,0.9451215267181396,0.12095676362514496,0.11571228504180908,0.20191940665245056,0.1274862289428711,0.964150607585907
1.3445428000122774,-0.3789668083190918,0.9457724094390869,0.1231369748711586,0.11475052684545517,0.20197176933288574,0.12829937040805817,0.9641468524932861
1.3486155999999028,-0.378388911485672,0.9463887214660645,0.1253158450126648,0.11444609612226486,0.20238281786441803,0.12731103599071503,0.9642277359962463
1.3581793000048492,-0.37718665599823,0.9475665092468262,0.12950733304023743,0.1122153028845787,0.20341834425926208,0.1271289885044098,0.9642961025238037
1.362162100005662,-0.3765765428543091,0.9481184482574463,0.1315830647945404,0.11141655594110489,0.20381295680999756,0.12678346037864685,0.9643509387969971
1.3672807000111789,-0.375971257686615,0.9486684203147888,0.13365478813648224,0.11028029769659042,0.20420238375663757,0.12571217119693756,0.9645392894744873
1.37430320000567,-0.3747800290584564,0.9497190713882446,0.1377459317445755,0.11071701347827911,0.20422901213169098,0.12442813068628311,0.9646502137184143
1.3794879000051878,-0.3741348087787628,0.9501707553863525,0.13973607122898102,0.1092621237039566,0.2044975757598877,0.12554214894771576,0.9646148085594177
1.3834978000086267,-0.373559832572937,0.950628399848938,0.1416977196931839,0.10849529504776001,0.20520292222499847,0.12639795243740082,0.964439868927002
1.3873148999991827,-0.3730018734931946,0.9510551691055298,0.14365430176258087,0.10691183060407639,0.20478768646717072,0.12679049372673035,0.9646533727645874
1.390998300004867,-0.37246355414390564,0.951457679271698,0.14556574821472168,0.10620642453432083,0.20527657866477966,0.12734264135360718,0.9645546078681946
1.3950679000117816,-0.37192755937576294,0.9518466591835022,0.14752168953418732,0.10556093603372574,0.20552080869674683,0.12787814438343048,0.9645025730133057
1.3988581000012346,-0.3713814318180084,0.9522231221199036,0.14946584403514862,0.10599222779273987,0.20629025995731354,0.12710639834403992,0.9643930196762085
1.4027325000060955,-0.3708997070789337,0.9525333046913147,0.1513957679271698,0.1048821434378624,0.2054637372493744,0.1292908936738968,0.9644005298614502
1.4070521000103327,-0.3703702390193939,0.9528398513793945,0.15324780344963074,0.10451222956180573,0.20563027262687683,0.12962989509105682,0.964359700679779
1.4110404000093695,-0.36985933780670166,0.9531214833259583,0.1551542431116104,0.10406273603439331,0.20536866784095764,0.13093319535255432,0.9642879366874695
1.415358099999139,-0.3693317770957947,0.9533143043518066,0.15698295831680298,0.10363543778657913,0.20476827025413513,0.1325157731771469,0.9642454385757446
1.419794000001275,-0.36887067556381226,0.9535690546035767,0.1588546484708786,0.10261157900094986,0.20497916638851166,0.1335725039243698,0.9641643166542053
1.4239968000038061,-0.368384450674057,0.9537824392318726,0.16063228249549866,0.10189741849899292,0.20518717169761658,0.134737029671669,0.9640337228775024
1.4279246000078274,-0.36790984869003296,0.9539610743522644,0.16246330738067627,0.10342276841402054,0.20481695234775543,0.13399001955986023,0.9640542268753052
1.4324214000080246,-0.36742305755615234,0.9541105628013611,0.16428272426128387,0.10405747592449188,0.2046118974685669,0.13571907579898834,0.9637875556945801
1.4365267000102904,-0.3669184148311615,0.9542881846427917,0.16610246896743774,0.10381156951189041,0.20503564178943634,0.1358337253332138,0.9637078046798706
1.4399923000019044,-0.3669184148311615,0.9542881846427917,0.16610246896743774,0.10381156951189041,0.20503564178943634,0.1358337253332138,0.9637078046798706
1.4440269000042463,-0.36588701605796814,0.9545689821243286,0.16967608034610748,0.1039314940571785,0.20377396047115326,0.13745342195034027,0.9637328386306763
1.448653600004036,-0.3653563857078552,0.9547205567359924,0.17141757905483246,0.10476921498775482,0.2043112814426422,0.13825790584087372,0.9634132981300354
1.4528827000031015,-0.36475279927253723,0.9548413157463074,0.1731066107749939,0.10584262013435364,0.2047930657863617,0.1375349760055542,0.9632971286773682
1.4571943000046303,-0.36414816975593567,0.9549947381019592,0.1748119741678238,0.10586991161108017,0.20463816821575165,0.13681674003601074,0.96342933177948
1.4613720000052126,-0.36352720856666565,0.9551246166229248,0.17651861906051636,0.10661531984806061,0.20452551543712616,0.1347779631614685,0.963658332824707
1.4653713000006974,-0.36298540234565735,0.9552448987960815,0.17810514569282532,0.10752703994512558,0.2050340324640274,0.13456563651561737,0.963478684425354
1.4696747999987565,-0.36232802271842957,0.9554340243339539,0.1797216683626175,0.10778415948152542,0.20512446761131287,0.1340968757867813,0.9634960293769836
1.4737965000094846,-0.36171412467956543,0.9556086659431458,0.18128372728824615,0.10778244584798813,0.2058190554380417,0.13101668655872345,0.9637718796730042
1.4778804000088712,-0.3610742390155792,0.9557514786720276,0.1828424334526062,0.10795973241329193,0.20583342015743256,0.13053017854690552,0.9638149738311768
1.4825077999994392,-0.36037617921829224,0.9559163451194763,0.1843719333410263,0.10863343626260757,0.20643603801727295,0.12871308624744415,0.9638547301292419
1.4862977000011597,-0.35974180698394775,0.9560097455978394,0.18584676086902618,0.10825611650943756,0.20691590011119843,0.1278199851512909,0.963913083076477
1.4905968000093708,-0.359127014875412,0.9561622142791748,0.1873461902141571,0.10817325115203857,0.20745305716991425,0.127100870013237,0.9639020562171936
1.4944588000071235,-0.3585377335548401,0.9562866687774658,0.18874810636043549,0.10888101905584335,0.2082897126674652,0.12515325844287872,0.9638968110084534
1.4986887000122806,-0.35792461037635803,0.9563501477241516,0.19020740687847137,0.10797951370477676,0.20793382823467255,0.12540222704410553,0.9640427231788635
1.5029092000040691,-0.3573282063007355,0.956378161907196,0.1916050761938095,0.1085781529545784,0.2085951864719391,0.12356600165367126,0.9640697240829468
1.5070246000104817,-0.3567297160625458,0.9564633965492249,0.19300036132335663,0.10874340683221817,0.20903930068016052,0.1238536685705185,0.9639179706573486
1.5116276000044309,-0.3562047779560089,0.9565038681030273,0.19440259039402008,0.10844257473945618,0.2101820558309555,0.12261318415403366,0.963861882686615
1.5156063000031281,-0.35571590065956116,0.956536591053009,0.19576281309127808,0.10763345658779144,0.20939670503139496,0.1244167909026146,0.96389240026474
1.5194507999985944,-0.3552195429801941,0.9564818143844604,0.19711360335350037,0.10859107226133347,0.20961683988571167,0.12387337535619736,0.9638071060180664
1.5236799999984214,-0.3547595739364624,0.9564679861068726,0.19849728047847748,0.10837972909212112,0.20969092845916748,0.12437079101800919,0.9637507796287537
1.5277373999997508,-0.3543175458908081,0.9564091563224792,0.1997881680727005,0.10886354744434357,0.20980174839496613,0.1255865842103958,0.9635144472122192
1.5327518999984022,-0.35382869839668274,0.9563031196594238,0.2011253386735916,0.10922835767269135,0.20940136909484863,0.1259649097919464,0.9635108709335327
1.536755200009793,-0.3533982038497925,0.9561557769775391,0.20251955091953278,0.11008580774068832,0.20924437046051025,0.12504538893699646,0.9635670781135559
1.540267300006235,-0.3530125916004181,0.956028163433075,0.20381583273410797,0.1093432828783989,0.20894987881183624,0.12835060060024261,0.9632809162139893
1.5446282000048086,-0.3526117205619812,0.9558818936347961,0.2051318734884262,0.1099625751376152,0.20845229923725128,0.12935106456279755,0.9631844162940979
1.548541900003329,-0.35223832726478577,0.9557148218154907,0.2064974308013916,0.1116708293557167,0.20835831761360168,0.12893107533454895,0.9630645513534546
1.5531353000114905,-0.3518368899822235,0.9553989768028259,0.2077649086713791,0.11182763427495956,0.20774579048156738,0.13063478469848633,0.9629490971565247
1.5570555000012973,-0.3515348434448242,0.9552133083343506,0.2091113179922104,0.11377529054880142,0.20702362060546875,0.13141193985939026,0.9627706408500671
1.5612662000057753,-0.35120776295661926,0.9549806714057922,0.21041244268417358,0.11360733211040497,0.20703287422657013,0.13188694417476654,0.9627235531806946
1.5654982999985805,-0.3508908152580261,0.9546321034431458,0.2116284966468811,0.11459427326917648,0.20601269602775574,0.133785679936409,0.9625635147094727
1.5696637000073679,-0.3505719006061554,0.9542995691299438,0.21287590265274048,0.11630728840827942,0.2057119905948639,0.13450084626674652,0.9623225927352905
1.5739113000017824,-0.350309818983078,0.9539726376533508,0.21415291726589203,0.11578115820884705,0.20539499819278717,0.13435830175876617,0.9624736905097961
1.5799001999985194,-0.35007044672966003,0.9536334872245789,0.21538402140140533,0.11659765243530273,0.20371922850608826,0.13680557906627655,0.9623864889144897
1.5839432000066154,-0.3497966229915619,0.9531922936439514,0.21654468774795532,0.11849144101142883,0.2039133906364441,0.1366550475358963,0.9621354341506958
1.5883163000107743,-0.34954386949539185,0.9527576565742493,0.2177513837814331,0.11867112666368484,0.20263776183128357,0.13777939975261688,0.9622224569320679
1.5943339000077685,-0.3491295278072357,0.951840341091156,0.2200879156589508,0.12035428732633591,0.2017803192138672,0.13982056081295013,0.9618991017341614
1.5986104000039632,-0.3488924503326416,0.9513612389564514,0.22120977938175201,0.12079222500324249,0.2004009634256363,0.14118103682994843,0.9619338512420654
1.6062507000024198,-0.3487374484539032,0.9508408308029175,0.22230298817157745,0.12125145643949509,0.1999722123146057,0.1422865390777588,0.9618023037910461
1.6118221000069752,-0.348419725894928,0.9496796727180481,0.2245427370071411,0.1239757239818573,0.19871099293231964,0.1434922218322754,0.96153724193573
1.615733700004057,-0.3483155071735382,0.9490259289741516,0.2256155014038086,0.12502354383468628,0.19774027168750763,0.14423596858978271,0.9614904522895813
1.619432000006782,-0.3481868803501129,0.9484347701072693,0.22665247321128845,0.12615185976028442,0.19659629464149475,0.14765751361846924,0.9610581994056702
1.623556800012011,-0.34810203313827515,0.9477661848068237,0.2277461588382721,0.12763577699661255,0.19619908928871155,0.1465836465358734,0.9611078500747681
1.627777600006084,-0.348003625869751,0.9470905065536499,0.22868573665618896,0.1291963905096054,0.19499841332435608,0.14743424952030182,0.9610136151313782
1.6319617999979528,-0.34791257977485657,0.946428656578064,0.2296830713748932,0.13061611354351044,0.19487227499485016,0.1478806436061859,0.9607786536216736
1.6363342000113335,-0.3478491008281708,0.9457578659057617,0.2306370884180069,0.13146093487739563,0.19291208684444427,0.1502692997455597,0.9606883525848389
1.6410184999986086,-0.34779852628707886,0.9450609683990479,0.2315026819705963,0.13315656781196594,0.19228611886501312,0.15006186068058014,0.9606127738952637
1.6444928999990225,-0.34771186113357544,0.944385826587677,0.23241722583770752,0.13471762835979462,0.192050501704216,0.14991600811481476,0.9604649543762207
1.6479065000021365,-0.34771186113357544,0.944385826587677,0.23241722583770752,0.13471762835979462,0.192050501704216,0.14991600811481476,0.9604649543762207
1.6520722999994177,-0.34759339690208435,0.9430140256881714,0.23403672873973846,0.13813143968582153,0.1899673342704773,0.14993038773536682,0.96039217710495
1.6563661000109278,-0.34749549627304077,0.9423876404762268,0.2347957342863083,0.13956192135810852,0.18976885080337524,0.14965063333511353,0.9602681398391724
1.6607837000046857,-0.3474350571632385,0.941701352596283,0.2355252206325531,0.1407373994588852,0.1887732893228531,0.15073426067829132,0.9601233601570129
1.6648915000114357,-0.34735730290412903,0.9410662055015564,0.23613601922988892,0.1414840817451477,0.18836155533790588,0.14957469701766968,0.9602758884429932
1.6697038999991491,-0.34732747077941895,0.9403929114341736,0.23671729862689972,0.14351679384708405,0.1877390444278717,0.14867286384105682,0.9602361917495728
1.6735812000115402,-0.347219318151474,0.9398218393325806,0.23731152713298798,0.1433607041835785,0.187688410282135,0.14952154457569122,0.9601376056671143
1.677946299998439,-0.3471386134624481,0.9391401410102844,0.2377970814704895,0.14559949934482574,0.18781402707099915,0.14766672253608704,0.9600631594657898
1.6814195000042673,-0.3471386134624481,0.9391401410102844,0.2377970814704895,0.14559949934482574,0.18781402707099915,0.14766672253608704,0.9600631594657898
1.6855735999997705,-0.3470327854156494,0.9379444122314453,0.23863735795021057,0.14707662165164948,0.18711042404174805,0.14590774476528168,0.9602442979812622
1.6901829999987967,-0.34694039821624756,0.9373329281806946,0.23901240527629852,0.14774110913276672,0.18692685663700104,0.14580048620700836,0.9601944088935852
1.6941320000041742,-0.3469184935092926,0.9367504119873047,0.23935848474502563,0.14939334988594055,0.1871151179075241,0.14438006281852722,0.9601166844367981
1.698878600000171,-0.3468887209892273,0.9361734390258789,0.23966844379901886,0.14929930865764618,0.18728329241275787,0.1444963812828064,0.9600810408592224
1.703423600003589,-0.3468697965145111,0.9356287121772766,0.23997095227241516,0.14969570934772491,0.1877274513244629,0.1437075287103653,0.9600508809089661
1.7068949000095017,-0.3468398153781891,0.935036301612854,0.24014441668987274,0.1505412459373474,0.187374085187912,0.14462623000144958,0.9598497748374939
1.711100800006534,-0.3468301594257355,0.9344663023948669,0.2403290718793869,0.151901513338089,0.18743211030960083,0.14336860179901123,0.9598127603530884
1.715131700009806,-0.3468484580516815,0.9339045882225037,0.24048596620559692,0.15285588800907135,0.18761028349399567,0.14213593304157257,0.9598097801208496
1.7194631000020308,-0.3468935191631317,0.9333881735801697,0.2405933141708374,0.15101566910743713,0.1870255470275879,0.14376935362815857,0.9599720239639282
1.7235131000052206,-0.3469060957431793,0.932860255241394,0.24064910411834717,0.1527814269065857,0.18731269240379333,0.14272211492061615,0.9597928524017334
1.727735100008431,-0.34696999192237854,0.9322677254676819,0.24068066477775574,0.15457259118556976,0.18807560205459595,0.14075693488121033,0.9596471190452576
1.7319166000088444,-0.34705495834350586,0.9317256212234497,0.2407081425189972,0.15417106449604034,0.1878051608800888,0.1428762823343277,0.9594513773918152
1.7359078000008594,-0.3471338450908661,0.9312267899513245,0.24070410430431366,0.1541309803724289,0.1883791983127594,0.14206069707870483,0.9594663977622986
1.7402971000119578,-0.34724515676498413,0.9306883215904236,0.2405853420495987,0.1555623710155487,0.18840965628623962,0.14235317707061768,0.9591860175132751
1.744570000009844,-0.34737691283226013,0.9301797747612,0.24057114124298096,0.15572458505630493,0.18802720308303833,0.14128237962722778,0.9593929648399353
1.7482417999999598,-0.34737691283226013,0.9301797747612,0.24057114124298096,0.15572458505630493,0.18802720308303833,0.14128237962722778,0.9593929648399353
1.7527350000018487,-0.347622275352478,0.9291966557502747,0.24026718735694885,0.16101215779781342,0.19038993120193481,0.13666628301143646,0.958722710609436
1.7569088000018382,-0.3477940261363983,0.9287256002426147,0.23999081552028656,0.15631340444087982,0.18885520100593567,0.14171312749385834,0.9590710401535034
1.761638000010862,-0.34794002771377563,0.9282875061035156,0.2397521734237671,0.15596579015254974,0.188304603099823,0.14358031749725342,0.9589582085609436
1.7655571000068448,-0.3481147289276123,0.9278803467750549,0.23949503898620605,0.15651041269302368,0.18900412321090698,0.1420799046754837,0.9589552879333496
1.7694449999980861,-0.3483183979988098,0.9274320602416992,0.23913368582725525,0.157576322555542,0.1893787682056427,0.1403813660144806,0.9589570164680481
1.7737398000026587,-0.34853604435920715,0.9270358085632324,0.238760843873024,0.15841098129749298,0.1893465369939804,0.13968271017074585,0.9589278697967529
1.7778728000121191,-0.34875646233558655,0.9266107678413391,0.23831328749656677,0.15708033740520477,0.18943670392036438,0.14103810489177704,0.9589305520057678
1.7819396000122651,-0.34897416830062866,0.9262354969978333,0.23785486817359924,0.15692025423049927,0.18958528339862823,0.14140991866588593,0.9588726162910461
1.7862116000032984,-0.34921494126319885,0.9258948564529419,0.23733435571193695,0.1574971079826355,0.19019703567028046,0.1399206519126892,0.9588753581047058
1.7905471000121906,-0.3494783043861389,0.9254774451255798,0.23673954606056213,0.15896134078502655,0.19045685231685638,0.13942137360572815,0.9586549401283264
1.795065500002238,-0.3496931791305542,0.9251903891563416,0.23618215322494507,0.15518984198570251,0.18969623744487762,0.14304031431674957,0.9588905572891235
1.7986545000021579,-0.3499465882778168,0.9248785376548767,0.23556001484394073,0.15599152445793152,0.1905723363161087,0.14168623089790344,0.958787739276886
1.803787700002431,-0.35020020604133606,0.9245312809944153,0.23488885164260864,0.15593962371349335,0.19105637073516846,0.14151643216609955,0.9587249159812927
1.8077927000122145,-0.3504446744918823,0.9242058396339417,0.2341936230659485,0.15561561286449432,0.19098135828971863,0.14253149926662445,0.9586421847343445
1.811451000001398,-0.35072776675224304,0.9238948225975037,0.2334807962179184,0.15633952617645264,0.1915360987186432,0.14170637726783752,0.9585360288619995
1.8155124000040814,-0.3510066270828247,0.9235599637031555,0.2327246069908142,0.15655085444450378,0.19181789457798004,0.14063405990600586,0.9586030840873718
1.82934500000556,-0.35179346799850464,0.9225752949714661,0.23018456995487213,0.15842604637145996,0.19300831854343414,0.1408175677061081,0.9580289125442505
1.8334838000009768,-0.35206514596939087,0.9223423600196838,0.22935466468334198,0.15695670247077942,0.19269239902496338,0.14168769121170044,0.958206057548523
1.838357200002065,-0.35236087441444397,0.9220268130302429,0.22840256989002228,0.15901121497154236,0.19384019076824188,0.13982409238815308,0.9579095840454102
1.842249500012258,-0.35261738300323486,0.9217981100082397,0.22744455933570862,0.15630456805229187,0.19320957362651825,0.14231449365615845,0.9581156969070435
1.846264899999369,-0.35287803411483765,0.9215891361236572,0.2265263944864273,0.15904681384563446,0.19537800550460815,0.13752961158752441,0.9579233527183533
1.8507291999994777,-0.3531460165977478,0.9212953448295593,0.22543548047542572,0.15978068113327026,0.19492638111114502,0.13931098580360413,0.9576358199119568
1.855413099998259,-0.35347747802734375,0.9211053252220154,0.2244711071252823,0.1584210991859436,0.19540555775165558,0.14025543630123138,0.9576261639595032
1.85940980000305,-0.35372284054756165,0.920960545539856,0.22340340912342072,0.15630067884922028,0.19611267745494843,0.14007782936096191,0.9578561186790466
1.8630391000042437,-0.354047954082489,0.9207304120063782,0.2222927212715149,0.1576482653617859,0.19678995013237,0.13970153033733368,0.9575511813163757
1.8672217999992426,-0.3543465733528137,0.920610785484314,0.2212173193693161,0.15770398080348969,0.19783854484558105,0.1371784806251526,0.9576907157897949
1.871297700010473,-0.3546832203865051,0.9204530715942383,0.22006280720233917,0.15963564813137054,0.1992814689874649,0.13501781225204468,0.9573784470558167
1.8753368000034243,-0.3550163805484772,0.9202423691749573,0.21881835162639618,0.1602146476507187,0.1987946480512619,0.13497397303581238,0.957389235496521
1.878853500005789,-0.3553706705570221,0.9201134443283081,0.21760526299476624,0.15967418253421783,0.19908809661865234,0.1361861526966095,0.9572467803955078
1.882203400004073,-0.35577458143234253,0.9200468063354492,0.21643085777759552,0.15907418727874756,0.20015719532966614,0.13542985916137695,0.9572311043739319
1.8865305000072112,-0.35614538192749023,0.9199181199073792,0.21509899199008942,0.15883620083332062,0.19966158270835876,0.1370239406824112,0.9571472406387329
1.8908869000006234,-0.35657286643981934,0.9198808670043945,0.2138684093952179,0.1572416126728058,0.19970384240150452,0.13778619468212128,0.9572922587394714
1.8947918000048958,-0.35704857110977173,0.9198400378227234,0.21253086626529694,0.15900090336799622,0.20076419413089752,0.13537248969078064,0.9571242928504944
1.8988709000113886,-0.35746774077415466,0.9199389815330505,0.21119920909404755,0.1588570773601532,0.20232918858528137,0.13322106003761292,0.9571204781532288
1.9026813000091352,-0.3579447865486145,0.919915497303009,0.2098391056060791,0.15694256126880646,0.2014910727739334,0.1372900903224945,0.9570381045341492
1.906930299999658,-0.35845285654067993,0.9199917912483215,0.20843417942523956,0.15631195902824402,0.2020510882139206,0.13735319674015045,0.9570141434669495
1.9112667000008514,-0.35892048478126526,0.9200547933578491,0.2069864422082901,0.15636371076107025,0.20198118686676025,0.13751257956027985,0.9569975733757019
1.9153693000116618,-0.35945773124694824,0.920208752155304,0.20557928085327148,0.154939204454422,0.20253857970237732,0.13800835609436035,0.9570401310920715
1.919533100008266,-0.36001482605934143,0.9202556014060974,0.2040373682975769,0.1552300751209259,0.20269149541854858,0.13990095257759094,0.9566856622695923
1.9235311000084039,-0.3605285882949829,0.9204638004302979,0.20255883038043976,0.15355825424194336,0.20303645730018616,0.14080692827701569,0.956749439239502
1.9280118000024231,-0.36118951439857483,0.9206652641296387,0.20100170373916626,0.15339966118335724,0.20308589935302734,0.1412307173013687,0.9567018747329712
1.932170900006895,-0.361825555562973,0.920823335647583,0.1993897408246994,0.15358684957027435,0.20273727178573608,0.14323386549949646,0.956447958946228
1.9361364000069443,-0.36238521337509155,0.9210635423660278,0.19786322116851807,0.15127143263816833,0.2021978199481964,0.14524605870246887,0.9566277861595154
1.9404538000089815,-0.36303138732910156,0.9213434457778931,0.19620929658412933,0.1518915742635727,0.20367005467414856,0.14368478953838348,0.9564529061317444
1.9448306000122102,-0.36363688111305237,0.9216362833976746,0.19454325735569,0.1504218429327011,0.20298753678798676,0.1476275473833084,0.9562298059463501
1.9486460000043735,-0.364296555519104,0.9218725562095642,0.19285516440868378,0.15039877593517303,0.20344631373882294,0.1475573480129242,0.9561468362808228
1.9526813000120455,-0.36501312255859375,0.9222345352172852,0.1911231130361557,0.14868472516536713,0.20243646204471588,0.15064167976379395,0.9561483263969421
1.9594100000103936,-0.365632027387619,0.9225635528564453,0.18936048448085785,0.1489279717206955,0.20286867022514343,0.15046577155590057,0.956046462059021
1.9640729000093415,-0.36629748344421387,0.9229565262794495,0.1875050961971283,0.14773178100585938,0.20201076567173004,0.15155433118343353,0.9562417268753052
1.9696555000118678,-0.3675154447555542,0.9237621426582336,0.18379174172878265,0.1452663242816925,0.20266108214855194,0.15455394983291626,0.9560016989707947
1.9737833000108367,-0.36813414096832275,0.9241777658462524,0.1819445639848709,0.14409880340099335,0.20206743478775024,0.15663225948810577,0.9559658765792847
1.978052700011176,-0.36875054240226746,0.9246808290481567,0.17998743057250977,0.1428915113210678,0.2033478021621704,0.1564142405986786,0.9559112787246704
1.9825659000052838,-0.3693426549434662,0.9251487255096436,0.1780484914779663,0.14229677617549896,0.20379149913787842,0.15778686106204987,0.9556798338890076
1.986583400008385,-0.3699185252189636,0.925690233707428,0.17606766521930695,0.14072194695472717,0.20392629504203796,0.15772311389446259,0.9558948278427124
1.9915443000063533,-0.3704596161842346,0.9262213706970215,0.17404423654079437,0.13946962356567383,0.2050943225622177,0.15774117410182953,0.9558254480361938
1.9956742000067607,-0.3710264563560486,0.9267341494560242,0.17200277745723724,0.1388585865497589,0.20504625141620636,0.1583539992570877,0.9558233618736267
1.999504400009755,-0.37156766653060913,0.9273420572280884,0.1699063926935196,0.1381918489933014,0.20583370327949524,0.15810532867908478,0.9557920098304749
2.004169899999397,-0.3721174895763397,0.9279250502586365,0.1678255796432495,0.1367671638727188,0.20669758319854736,0.15787795186042786,0.9558480381965637
2.007866100000683,-0.3726745545864105,0.9285344481468201,0.16568419337272644,0.13565294444561005,0.20755884051322937,0.1596613973379135,0.9555239677429199
2.012480300007155,-0.3732544183731079,0.9291111826896667,0.1635645478963852,0.13408367335796356,0.2081969678401947,0.1584993600845337,0.9557999968528748
2.0162939000001643,-0.37382081151008606,0.9297221302986145,0.161365807056427,0.1328793615102768,0.20909178256988525,0.15987101197242737,0.9555443525314331
2.019963700004155,-0.3744375705718994,0.9303901195526123,0.15919055044651031,0.1309087723493576,0.20889535546302795,0.16058111190795898,0.9557402729988098
2.024880299999495,-0.37502121925354004,0.9310258030891418,0.1569683700799942,0.1304517388343811,0.21012726426124573,0.16093868017196655,0.955472469329834
2.028715000007651,-0.37567222118377686,0.9316401481628418,0.15475471317768097,0.1299048662185669,0.21048963069915771,0.15965983271598816,0.9556818008422852
2.032431700004963,-0.37626251578330994,0.9323561191558838,0.15252383053302765,0.12837620079517365,0.21102316677570343,0.16094638407230377,0.9555549025535583
2.036572900004103,-0.37689366936683655,0.933018147945404,0.15030980110168457,0.1271815001964569,0.2109874188899994,0.16223935782909393,0.9555038213729858
2.0404865000018617,-0.3775360882282257,0.9337177276611328,0.14801323413848877,0.125287726521492,0.21108268201351166,0.162347674369812,0.9557146430015564
2.044740900004399,-0.37814468145370483,0.9343900680541992,0.14572741091251373,0.12619830667972565,0.21232642233371735,0.16095368564128876,0.9555550217628479
2.0485169000021415,-0.3787684738636017,0.935101330280304,0.14343535900115967,0.12372348457574844,0.21152673661708832,0.16397519409656525,0.9555423259735107
2.0533387000032235,-0.3794381022453308,0.935866117477417,0.1411435753107071,0.12329848110675812,0.21224915981292725,0.16295702755451202,0.9556112885475159
2.060622000004514,-0.3807004988193512,0.9373607635498047,0.13641585409641266,0.11990480870008469,0.2131664752960205,0.16339652240276337,0.9557639360427856
2.065268600010313,-0.38136956095695496,0.9379931092262268,0.13414107263088226,0.11840490251779556,0.21274423599243164,0.16520221531391144,0.9557344913482666
2.0693428000085987,-0.3820255696773529,0.9387694001197815,0.13173359632492065,0.1176823228597641,0.21296459436416626,0.16490212082862854,0.9558265209197998
2.0736275000090245,-0.3826783299446106,0.939430296421051,0.12934638559818268,0.11617603152990341,0.2130744606256485,0.1657240390777588,0.9558441042900085
2.077678800007561,-0.3833262324333191,0.9401829242706299,0.12699341773986816,0.11503780633211136,0.2132028341293335,0.16599655151367188,0.9559058547019958
2.082041100002243,-0.3840354084968567,0.9408959150314331,0.12460553646087646,0.1135033592581749,0.2124597430229187,0.16884924471378326,0.9557550549507141
2.086174000010942,-0.3846883177757263,0.941609799861908,0.12221172451972961,0.11328817903995514,0.21336132287979126,0.1676507443189621,0.9557908177375793
2.0902052000019467,-0.38544631004333496,0.9423163533210754,0.11986798048019409,0.11265262216329575,0.2138926088809967,0.16660527884960175,0.9559299945831299
2.094964000003529,-0.3861187696456909,0.9430049061775208,0.1175086498260498,0.11139843612909317,0.21273429691791534,0.16819489002227783,0.956057071685791
2.0990548000117997,-0.3868318498134613,0.9436928033828735,0.11507348716259003,0.11031660437583923,0.21292024850845337,0.16999343037605286,0.9558229446411133
2.103195500007132,-0.3875438868999481,0.9444427490234375,0.11272826045751572,0.10869243741035461,0.21182750165462494,0.17156746983528137,0.9559705257415771
2.107219299999997,-0.3875438868999481,0.9444427490234375,0.11272826045751572,0.10869243741035461,0.21182750165462494,0.17156746983528137,0.9559705257415771
2.1110588000010466,-0.3889511227607727,0.9457118511199951,0.10794738680124283,0.10825981944799423,0.21164140105247498,0.1724168062210083,0.9559080600738525
2.114913700002944,-0.3889511227607727,0.9457118511199951,0.10794738680124283,0.10825981944799423,0.21164140105247498,0.1724168062210083,0.9559080600738525
2.120077700004913,-0.39037925004959106,0.9470199346542358,0.10332485288381577,0.10576034337282181,0.21100325882434845,0.17329652607440948,0.956169843673706
2.1236485999979777,-0.3911018669605255,0.9476097226142883,0.10098332911729813,0.10661009699106216,0.2107703536748886,0.171478733420372,0.9564545154571533
2.127831999998307,-0.3917796313762665,0.948137104511261,0.09868458658456802,0.10442087799310684,0.21037226915359497,0.1746395230293274,0.9562116861343384
2.131863100003102,-0.39242950081825256,0.9486752152442932,0.09639804065227509,0.10378296673297882,0.21049439907073975,0.17401179671287537,0.9563688039779663
2.1365947000012966,-0.3931191861629486,0.9491901993751526,0.09410608559846878,0.1033245325088501,0.21028488874435425,0.1739315390586853,0.956479012966156
2.1406716000055894,-0.39381641149520874,0.9496815204620361,0.09187304228544235,0.1012309342622757,0.2091384381055832,0.17763106524944305,0.9562743902206421
2.145353400002932,-0.394428551197052,0.950212836265564,0.08957556635141373,0.10273780673742294,0.20952177047729492,0.17586177587509155,0.9563568234443665
2.149316100010765,-0.395101398229599,0.9506125450134277,0.08735759556293488,0.10237069427967072,0.20968559384346008,0.17576666176319122,0.9563777446746826
2.15288030001102,-0.39570459723472595,0.9510584473609924,0.08517144620418549,0.10081302374601364,0.20912162959575653,0.17929154634475708,0.9560123085975647
2.1573936000058893,-0.39625251293182373,0.9515116214752197,0.08292682468891144,0.10039924085140228,0.2094627469778061,0.17663416266441345,0.9564757347106934
2.161644300009357,-0.39691483974456787,0.9518561959266663,0.08078683167695999,0.10015644133090973,0.2094019502401352,0.17784489691257477,0.956290066242218
2.1654966000060085,-0.39744022488594055,0.9521911144256592,0.07861650735139847,0.09974966943264008,0.20913191139698029,0.17981372773647308,0.9560235142707825
2.1699966000014683,-0.3980281949043274,0.9525099396705627,0.07655011117458344,0.10031665861606598,0.2086438536643982,0.17961867153644562,0.956107497215271
2.173571700011962,-0.3986701965332031,0.9527921676635742,0.07446666061878204,0.09953663498163223,0.2087271511554718,0.18023201823234558,0.9560554027557373
2.1788023999979487,-0.3992140293121338,0.9530180096626282,0.07238852232694626,0.09916559606790543,0.20848312973976135,0.18168699741363525,0.9558718204498291
2.182648700007121,-0.39979949593544006,0.9532299041748047,0.07038436830043793,0.09946973621845245,0.20844745635986328,0.18151061236858368,0.9558814167976379
2.186379400009173,-0.4003887474536896,0.953449547290802,0.06846268475055695,0.10046848654747009,0.20757535099983215,0.18202053010463715,0.9558697938919067
2.190459900011774,-0.4009723961353302,0.953615665435791,0.06650912016630173,0.10043926537036896,0.2070162445306778,0.18298891186714172,0.9558092355728149
2.193999700000859,-0.4009723961353302,0.953615665435791,0.06650912016630173,0.10043926537036896,0.2070162445306778,0.18298891186714172,0.9558092355728149
2.1987701000034576,-0.402009516954422,0.9537147283554077,0.06288669258356094,0.10078480839729309,0.20585550367832184,0.18632780015468597,0.9553783535957336
2.202915400004713,-0.4024845361709595,0.9537366628646851,0.06107090413570404,0.0997665673494339,0.20461009442806244,0.18780362606048584,0.9554639458656311
2.206942800010438,-0.403032511472702,0.9537321925163269,0.059363193809986115,0.10156596451997757,0.20341360569000244,0.1888650506734848,0.9553204774856567
2.21133920000284,-0.40352413058280945,0.9536684155464172,0.05766375735402107,0.10292463004589081,0.20372526347637177,0.18780913949012756,0.9553169012069702
2.215223799998057,-0.40393340587615967,0.9535810947418213,0.055988967418670654,0.10385291278362274,0.20287275314331055,0.1879534125328064,0.9553694128990173
2.2193665000086185,-0.40432173013687134,0.953510582447052,0.054460931569337845,0.1034867912530899,0.2024143785238266,0.18995125591754913,0.9551112055778503
2.223709099998814,-0.4046797752380371,0.9533821940422058,0.052881497889757156,0.10467065125703812,0.2007947564125061,0.1915680319070816,0.955001175403595
2.22778250000556,-0.4050346314907074,0.9531821012496948,0.05132598802447319,0.1052175834774971,0.19991998374462128,0.19198796153068542,0.9550402164459229
2.2319172999996226,-0.40534305572509766,0.9530420899391174,0.049925290048122406,0.10720319300889969,0.20026284456253052,0.1898024082183838,0.9551845192909241
2.235963200000697,-0.40559786558151245,0.9528878331184387,0.04851078242063522,0.1066175028681755,0.19972790777683258,0.19145581126213074,0.9550321102142334
2.2403124999982538,-0.4057900309562683,0.9527390003204346,0.04714220017194748,0.10775075852870941,0.19970573484897614,0.19089849293231964,0.95502108335495
2.244239200008451,-0.405955046415329,0.9525156617164612,0.04584851861000061,0.10865797847509384,0.2000364363193512,0.18921434879302979,0.955184280872345
2.2485847000061767,-0.40605607628822327,0.9523413777351379,0.04462243244051933,0.10963670909404755,0.1993955820798874,0.18892502784729004,0.9552636742591858
2.2528893999988213,-0.40609827637672424,0.9521467685699463,0.043384112417697906,0.11065386235713959,0.20047646760940552,0.18729515373706818,0.9552410244941711
2.257005500010564,-0.4061497449874878,0.9519371390342712,0.042268868535757065,0.11174982041120529,0.2003568857908249,0.1859213262796402,0.955406904220581
2.261211600009119,-0.40613842010498047,0.9517789483070374,0.04118865355849266,0.11247248947620392,0.20082493126392365,0.1843491941690445,0.9555285573005676
2.265340099998866,-0.4061393439769745,0.9515560269355774,0.04011901095509529,0.11290224641561508,0.20148293673992157,0.18335916101932526,0.9555297493934631
2.2696987000090303,-0.4060958921909332,0.9514006972312927,0.03921128436923027,0.11360825598239899,0.20182985067367554,0.18139365315437317,0.9557480812072754
2.2739056999998866,-0.4060881435871124,0.9511607885360718,0.03824760019779205,0.11608731001615524,0.20267340540885925,0.176320418715477,0.9562209844589233
2.2777023000089685,-0.40601950883865356,0.9509314298629761,0.037450071424245834,0.1167387142777443,0.20246033370494843,0.17571419477462769,0.9562983512878418
2.2823008999985177,-0.4059635102748871,0.950670599937439,0.03670264035463333,0.11646957695484161,0.20320695638656616,0.17441783845424652,0.9564100503921509
2.287956200001645,-0.4059127867221832,0.950374186038971,0.03601837903261185,0.11760968714952469,0.20348282158374786,0.17360210418701172,0.956360399723053
2.2920443000039086,-0.4058385193347931,0.9501138925552368,0.03540249168872833,0.11754920333623886,0.20372295379638672,0.17382533848285675,0.9562761187553406
2.2967403000075137,-0.4058350622653961,0.9497841596603394,0.034792348742485046,0.11837125569581985,0.20438089966773987,0.171746626496315,0.9564098715782166
2.3004815000022063,-0.4058172404766083,0.94947749376297,0.03434443846344948,0.11901634931564331,0.20421293377876282,0.17112906277179718,0.9564763903617859
2.305716000002576,-0.4058084189891815,0.9491594433784485,0.03396151214838028,0.11998629570007324,0.20443613827228546,0.17093195021152496,0.9563426971435547
2.310715600004187,-0.40586337447166443,0.9483464956283569,0.03337690234184265,0.12143182009458542,0.20470640063285828,0.16995975375175476,0.9562757611274719
2.3150858000008157,-0.40588778257369995,0.9479508996009827,0.03324999660253525,0.12273682653903961,0.2045716494321823,0.16927853226661682,0.9562588334083557
2.32332330000645,-0.40594977140426636,0.9470463395118713,0.033087458461523056,0.12545491755008698,0.2032649666070938,0.17137444019317627,0.9558113813400269
2.3275202000077115,-0.40595608949661255,0.9466003775596619,0.03309961035847664,0.12531207501888275,0.2024104744195938,0.17382869124412537,0.9555681943893433
2.3316516000049887,-0.4059638977050781,0.9462038278579712,0.033141009509563446,0.12629474699497223,0.2025148570537567,0.17346028983592987,0.955483615398407
2.3364423000020906,-0.4059481620788574,0.9458032846450806,0.033240169286727905,0.1284678429365158,0.2025221437215805,0.1733047366142273,0.9552205204963684
2.3447764000011375,-0.40580111742019653,0.9449923634529114,0.03366456553339958,0.13225460052490234,0.20234860479831696,0.17237086594104767,0.9549095034599304
2.3490563000086695,-0.40566039085388184,0.9446707963943481,0.03389216586947441,0.1331450343132019,0.2019346058368683,0.17115798592567444,0.9550914764404297
2.3527742000005674,-0.40546339750289917,0.9444313645362854,0.03415471315383911,0.13357484340667725,0.20203594863414764,0.17061802744865417,0.9551067352294922
2.3570586999994703,-0.4052274227142334,0.9441774487495422,0.0344073548913002,0.13348110020160675,0.20170821249485016,0.17077752947807312,0.9551605582237244
2.3619030000118073,-0.40489745140075684,0.9439531564712524,0.03470228984951973,0.1345919668674469,0.20198951661586761,0.1703447550535202,0.9550224542617798
2.365421000009519,-0.40489745140075684,0.9439531564712524,0.03470228984951973,0.1345919668674469,0.20198951661586761,0.1703447550535202,0.9550224542617798
2.3698394000093685,-0.40411365032196045,0.943578839302063,0.035341136157512665,0.13577333092689514,0.2024991363286972,0.16617858409881592,0.955481231212616
2.3736993000056827,-0.40371280908584595,0.9435025453567505,0.03570965304970741,0.13598564267158508,0.2036527693271637,0.16308698058128357,0.9557384848594666
2.37801010000112,-0.4032118320465088,0.9434008002281189,0.03604378551244736,0.1357373595237732,0.20365533232688904,0.1610860973596573,0.9561125040054321
2.3819937000080245,-0.40266668796539307,0.9433187246322632,0.036369409412145615,0.13567177951335907,0.204630509018898,0.15900196135044098,0.9562625288963318
2.386413000000175,-0.4021289348602295,0.9432387351989746,0.036654822528362274,0.13628943264484406,0.2057340145111084,0.15625862777233124,0.9563901424407959
2.391167800000403,-0.4014541208744049,0.943236768245697,0.037040311843156815,0.13514773547649384,0.2064325362443924,0.15431268513202667,0.9567174911499023
2.394543500005966,-0.4007522165775299,0.9432424902915955,0.037373900413513184,0.13520056009292603,0.2068483531475067,0.1526147723197937,0.9568925499916077
2.3989998000033665,-0.4000944495201111,0.9432468414306641,0.03763807937502861,0.1342586725950241,0.20811685919761658,0.15173032879829407,0.9568908214569092
2.4027400000049965,-0.39935803413391113,0.943279504776001,0.038017965853214264,0.13317260146141052,0.20914249122142792,0.14953534305095673,0.957164466381073
2.4071016000089003,-0.3985430896282196,0.9432834982872009,0.03830072283744812,0.13241341710090637,0.21046052873134613,0.14757601916790009,0.9572849869728088
2.411221700007445,-0.39770951867103577,0.9432791471481323,0.03865397721529007,0.13211730122566223,0.21154458820819855,0.14668633043766022,0.957223653793335
2.415271000005305,-0.3968517482280731,0.9433491826057434,0.03902390971779823,0.13219253718852997,0.2123924344778061,0.1448446363210678,0.9573059678077698
2.419302599999355,-0.3959047198295593,0.9433860182762146,0.039308059960603714,0.1314365118741989,0.21440643072128296,0.14451080560684204,0.9570114612579346
2.423600100009935,-0.3949204683303833,0.9434569478034973,0.03963937237858772,0.12990818917751312,0.2151317596435547,0.14429092407226562,0.9570905566215515
2.427098100000876,-0.3949204683303833,0.9434569478034973,0.03963937237858772,0.12990818917751312,0.2151317596435547,0.14429092407226562,0.9570905566215515
2.4315191000059713,-0.392770379781723,0.9435811638832092,0.0402245968580246,0.13013897836208344,0.21771809458732605,0.1436418741941452,0.9565718173980713
2.4358023000095272,-0.39159491658210754,0.9436977505683899,0.04048639163374901,0.13027791678905487,0.2197416126728058,0.14263159036636353,0.9562413692474365
2.44090880001022,-0.39040693640708923,0.9437982439994812,0.040742192417383194,0.12997819483280182,0.22083087265491486,0.14407828450202942,0.9558143019676208
2.4443361000012374,-0.39040693640708923,0.9437982439994812,0.040742192417383194,0.12997819483280182,0.22083087265491486,0.14407828450202942,0.9558143019676208
2.448751500007347,-0.3876948356628418,0.9439996480941772,0.041132852435112,0.1299915909767151,0.22442783415317535,0.14247548580169678,0.9552147388458252
2.4528979000024265,-0.3862147033214569,0.9441513419151306,0.04127524420619011,0.1295466274023056,0.22582468390464783,0.14375823736190796,0.9547536373138428
2.4569781000027433,-0.38465598225593567,0.9442501664161682,0.04144281521439552,0.1298975646495819,0.22842666506767273,0.14194464683532715,0.9543582797050476
2.4611206999979913,-0.38312670588493347,0.9444452524185181,0.04152331128716469,0.13000287115573883,0.23043344914913177,0.1417485475540161,0.9538905024528503
2.4651005000050645,-0.38140028715133667,0.9446242451667786,0.04161931201815605,0.12962228059768677,0.2331438660621643,0.14148832857608795,0.9533221125602722
2.4696583000040846,-0.3796635568141937,0.9447030425071716,0.04155554249882698,0.1295429915189743,0.2354055792093277,0.14120857417583466,0.9528184533119202
2.4736391000042204,-0.37781283259391785,0.9449533820152283,0.04157927632331848,0.1296405792236328,0.23726415634155273,0.14110629260540009,0.9523591995239258
2.4777891999983694,-0.37597277760505676,0.9450708031654358,0.0414632149040699,0.13007086515426636,0.24085181951522827,0.1403052806854248,0.9515179395675659
2.4821690000098897,-0.37396371364593506,0.9452564120292664,0.041348572820425034,0.12903346121311188,0.24332036077976227,0.13927415013313293,0.9511825442314148
2.4860786000062944,-0.3719691038131714,0.9454138278961182,0.04116727039217949,0.1294040083885193,0.24653612077236176,0.1393376588821411,0.9502944946289062
2.490377400012221,-0.36994388699531555,0.9455823302268982,0.0409884937107563,0.1291482150554657,0.24952001869678497,0.13855694234371185,0.9496644735336304
2.494456700005685,-0.36779075860977173,0.9456759691238403,0.040663182735443115,0.12912119925022125,0.2531577944755554,0.13762594759464264,0.9488403797149658
2.4987559000001056,-0.3655546009540558,0.9458852410316467,0.04046254605054855,0.12888717651367188,0.2562103569507599,0.13683821260929108,0.94816654920578
2.50291819999984,-0.36329948902130127,0.945970892906189,0.04005907103419304,0.12957049906253815,0.2598898112773895,0.13566544651985168,0.9472401142120361
2.50684880001063,-0.3610023856163025,0.946130633354187,0.03969527408480644,0.1283845454454422,0.26316213607788086,0.13640525937080383,0.9463914632797241
2.5111387000069954,-0.35864388942718506,0.94618821144104,0.039279334247112274,0.12937480211257935,0.26688307523727417,0.1341022551059723,0.9455433487892151
2.5153598000033526,-0.35628271102905273,0.9462776184082031,0.03878847137093544,0.12926307320594788,0.26990920305252075,0.1343814581632614,0.9446596503257751
2.5194402000051923,-0.35379186272621155,0.9463968873023987,0.03827619180083275,0.12959285080432892,0.27420318126678467,0.1334703266620636,0.9435063004493713
2.5274925000121584,-0.3488325774669647,0.9464487433433533,0.03712878376245499,0.12999969720840454,0.28139519691467285,0.13338561356067657,0.9413421750068665
2.5373963000020012,-0.3436475396156311,0.9465126395225525,0.03582243248820305,0.13093429803848267,0.2894202470779419,0.1333739012479782,0.93877774477005
2.5408963000081712,-0.3410487473011017,0.9466040134429932,0.03514642268419266,0.1313435435295105,0.29281407594680786,0.13606947660446167,0.9372801184654236
2.5447963000042364,-0.3383901119232178,0.9466482400894165,0.03445609658956528,0.13185623288154602,0.2974289655685425,0.1347857266664505,0.9359394907951355
2.5486942999996245,-0.33574867248535156,0.9465705752372742,0.03365887701511383,0.13226205110549927,0.30174246430397034,0.134393572807312,0.9345570206642151
2.5529174000112107,-0.33299720287323,0.9465217590332031,0.032781559973955154,0.13256162405014038,0.3062814176082611,0.133000910282135,0.933236300945282
2.557075900011114,-0.33027637004852295,0.9464768767356873,0.03186999261379242,0.1332731544971466,0.30974072217941284,0.13335955142974854,0.9319411516189575
2.5613213000033284,-0.32752525806427,0.9464362859725952,0.030980538576841354,0.13387353718280792,0.3142748177051544,0.1326686441898346,0.9304344654083252
2.565901699999813,-0.32480230927467346,0.9463996887207031,0.030034327879548073,0.1343025118112564,0.3179204761981964,0.13390319049358368,0.9289560317993164
2.574141300006886,-0.31925255060195923,0.9462448954582214,0.02797829732298851,0.13590899109840393,0.32648882269859314,0.13475562632083893,0.9256212711334229
2.5782201000110945,-0.3164440393447876,0.94615238904953,0.02688930183649063,0.13656875491142273,0.33026593923568726,0.13542278110980988,0.9240854978561401
2.5821242000092752,-0.31363266706466675,0.94605553150177,0.02581208199262619,0.1381940096616745,0.3343299925327301,0.13528774678707123,0.922400712966919
2.5865164999995613,-0.3107971251010895,0.945972740650177,0.02464829757809639,0.1387500762939453,0.3387381434440613,0.13368679583072662,0.9209412932395935
2.5904559000045992,-0.30795302987098694,0.9458273649215698,0.023449869826436043,0.13935637474060059,0.3436671495437622,0.13323751091957092,0.9190868139266968
2.5946082000009483,-0.3051004707813263,0.9457203149795532,0.022170500829815865,0.14004166424274445,0.3476604223251343,0.13410037755966187,0.917353630065918
2.598610600005486,-0.3023011386394501,0.9456361532211304,0.0209191981703043,0.14062580466270447,0.35200437903404236,0.13398951292037964,0.9156222343444824
2.602722600000561,-0.2994972765445709,0.9455710649490356,0.019713230431079865,0.14200112223625183,0.3569645583629608,0.13297076523303986,0.9136360883712769
2.607088600008865,-0.2966766357421875,0.9454478025436401,0.018440213054418564,0.14366894960403442,0.3620055317878723,0.1313282549381256,0.9116272330284119
2.6112121000041952,-0.2938758432865143,0.945361852645874,0.017122160643339157,0.14351032674312592,0.36462152004241943,0.13408447802066803,0.9102072715759277
2.6153831999981776,-0.2910865545272827,0.9452300071716309,0.015754397958517075,0.14050869643688202,0.367618590593338,0.13728319108486176,0.9089924693107605
2.619515800004592,-0.288299024105072,0.9450821876525879,0.014299508184194565,0.1425647735595703,0.37224745750427246,0.13767433166503906,0.9067264199256897
2.6236873000016203,-0.28550928831100464,0.944929301738739,0.012868043035268784,0.14482487738132477,0.37727251648902893,0.13675770163536072,0.9044272303581238
2.6278883000049973,-0.28283408284187317,0.9447816014289856,0.011424064636230469,0.14647066593170166,0.3803614377975464,0.1389501988887787,0.902532160282135
2.631860900000902,-0.28011631965637207,0.944617509841919,0.009966506622731686,0.1468612551689148,0.3840436041355133,0.14166992902755737,0.9004842638969421
2.6365795000019716,-0.27740684151649475,0.9444576501846313,0.008474200963973999,0.14870719611644745,0.38906264305114746,0.1402103304862976,0.8982524275779724
2.640428700004122,-0.27474626898765564,0.9442566633224487,0.006983571220189333,0.14946767687797546,0.3934451639652252,0.14153370261192322,0.8960070013999939
2.643785400010529,-0.27474626898765564,0.9442566633224487,0.006983571220189333,0.14946767687797546,0.3934451639652252,0.14153370261192322,0.8960070013999939
2.6485404999984894,-0.26954495906829834,0.9439789056777954,0.004014549311250448,0.15231455862522125,0.4004242718219757,0.14325977861881256,0.892153263092041
2.6527851999999257,-0.2669445872306824,0.9438143968582153,0.002421262441202998,0.15263958275318146,0.40401211380958557,0.14679086208343506,0.8899032473564148
2.657707600010326,-0.26434898376464844,0.9435825347900391,0.000861266627907753,0.15412557125091553,0.40784814953804016,0.1468709260225296,0.887881875038147
2.661341099999845,-0.2618691921234131,0.943457305431366,-0.0006894606631249189,0.15545682609081268,0.4112187623977661,0.14819900691509247,0.8858721852302551
2.665249400000903,-0.2593710422515869,0.9432274699211121,-0.0022587033454328775,0.15746821463108063,0.41564273834228516,0.14911457896232605,0.883294939994812
2.6695960000070045,-0.2569107115268707,0.9430862069129944,-0.00378417014144361,0.15847116708755493,0.41894328594207764,0.15075957775115967,0.8812745809555054
2.6735674000083236,-0.2545159161090851,0.9428656101226807,-0.005410678219050169,0.15961089730262756,0.4219180643558502,0.15193434059619904,0.8794460892677307
2.6776688000099966,-0.2520604729652405,0.9426823854446411,-0.006910444237291813,0.16011671721935272,0.4261109232902527,0.15188591182231903,0.8773385882377625
2.681806400010828,-0.24973179399967194,0.9425444006919861,-0.008509378880262375,0.16188722848892212,0.4294000566005707,0.15319032967090607,0.8751804232597351
2.6863367000041762,-0.2474076747894287,0.9423484206199646,-0.010056029073894024,0.16334369778633118,0.43259450793266296,0.15477018058300018,0.8730562329292297
2.690522200005944,-0.24517028033733368,0.942171037197113,-0.011563194915652275,0.16465990245342255,0.43556344509124756,0.15700332820415497,0.8709314465522766
2.694368399999803,-0.24294136464595795,0.9420097470283508,-0.013120611198246479,0.16554702818393707,0.4384586811065674,0.1588175743818283,0.8689793944358826
2.6988759000087157,-0.24077458679676056,0.9418667554855347,-0.014555159024894238,0.1672952026128769,0.44248175621032715,0.15807344019412994,0.8667380809783936
2.703284600007464,-0.23872745037078857,0.9416521191596985,-0.016130968928337097,0.1679292768239975,0.4460105001926422,0.15796326100826263,0.8648248910903931
2.707151700000395,-0.23662856221199036,0.9414687752723694,-0.017571834847331047,0.16966205835342407,0.44965168833732605,0.15756678581237793,0.8626707196235657
2.711221400008071,-0.234596386551857,0.9413466453552246,-0.018994120880961418,0.17063939571380615,0.45158854126930237,0.16058869659900665,0.8609073162078857
2.7152880000066943,-0.2326732724905014,0.941143274307251,-0.020428750663995743,0.1719476729631424,0.45434001088142395,0.1608782410621643,0.8591433763504028
2.7193855000077747,-0.2307680994272232,0.9410334229469299,-0.021822728216648102,0.17254920303821564,0.457537978887558,0.16199108958244324,0.8571141362190247
2.7235768000100506,-0.22898729145526886,0.9408566355705261,-0.023213393986225128,0.17373104393482208,0.4602508544921875,0.1632201373577118,0.8551875948905945
2.727747199998703,-0.22722624242305756,0.9406742453575134,-0.024567827582359314,0.17467918992042542,0.46186214685440063,0.16455836594104767,0.853868305683136
2.7320971000008285,-0.2255171537399292,0.9405505061149597,-0.02578345127403736,0.1761244833469391,0.46456587314605713,0.1650570183992386,0.8520064353942871
2.736027799997828,-0.22391584515571594,0.9403958320617676,-0.026922766119241714,0.17642837762832642,0.4664093255996704,0.16786538064479828,0.8503862023353577
2.740970800005016,-0.2223382592201233,0.9402400255203247,-0.028150780126452446,0.17794911563396454,0.46832698583602905,0.16871389746665955,0.8488460779190063
2.7447309999988647,-0.22086814045906067,0.9400780200958252,-0.029250575229525566,0.17960922420024872,0.47154080867767334,0.16732780635356903,0.8469895720481873
2.748635000010836,-0.21946319937705994,0.9399223327636719,-0.03034333884716034,0.17983530461788177,0.47302868962287903,0.16975191235542297,0.8456284999847412
2.752921300008893,-0.21812069416046143,0.9397554993629456,-0.031405068933963776,0.18077309429645538,0.4752380847930908,0.16962990164756775,0.84421306848526
2.756877699997858,-0.21680577099323273,0.9395658373832703,-0.03230825066566467,0.18085257709026337,0.47576475143432617,0.17330533266067505,0.8431521058082581
2.7613922000018647,-0.21558353304862976,0.9393829703330994,-0.03322437405586243,0.1825006604194641,0.4776538610458374,0.17387935519218445,0.8416093587875366
2.765697700000601,-0.2144184410572052,0.9391996264457703,-0.03407227620482445,0.18356958031654358,0.4795561134815216,0.17327158153057098,0.8404197096824646
2.7694411000120454,-0.21334870159626007,0.939042866230011,-0.03484484180808067,0.1848532110452652,0.48067718744277954,0.17401626706123352,0.8393433094024658
2.774181500004488,-0.21232254803180695,0.9388265013694763,-0.035605065524578094,0.1860126256942749,0.48194411396980286,0.17460308969020844,0.8382379412651062
2.7779779999982566,-0.21137118339538574,0.9386338591575623,-0.03625107556581497,0.18651992082595825,0.4829810857772827,0.1769181489944458,0.8370422124862671
2.782150200000615,-0.21049091219902039,0.9384792447090149,-0.03689665347337723,0.1861225664615631,0.4839324951171875,0.17816953361034393,0.8363153338432312
2.7862701000121888,-0.209661066532135,0.9383209943771362,-0.03738861531019211,0.18828658759593964,0.48495227098464966,0.17778423428535461,0.8353216648101807
2.790479500006768,-0.20892103016376495,0.9381123781204224,-0.037869907915592194,0.1878661960363388,0.4858541488647461,0.17857415974140167,0.8347234725952148
2.7943751999991946,-0.20892103016376495,0.9381123781204224,-0.037869907915592194,0.1878661960363388,0.4858541488647461,0.17857415974140167,0.8347234725952148
2.7984169000119437,-0.20764799416065216,0.937735915184021,-0.03872218355536461,0.18962328135967255,0.4865138530731201,0.1807270497083664,0.8334776759147644
2.802705699999933,-0.20708532631397247,0.937558114528656,-0.03905300050973892,0.18922609090805054,0.4872828423976898,0.18125377595424652,0.8330041766166687
2.8070917000004556,-0.20665813982486725,0.9373739361763,-0.039297085255384445,0.19012750685214996,0.4877709448337555,0.181834876537323,0.8323864340782166
2.811233500004164,-0.20628570020198822,0.93718421459198,-0.039475470781326294,0.1906254142522812,0.4881093502044678,0.18280790746212006,0.8318608403205872
2.8152762000099756,-0.2059631049633026,0.9370065331459045,-0.03955788165330887,0.19042342901229858,0.48841825127601624,0.18376685678958893,0.8315144777297974
2.8192052000085823,-0.20570997893810272,0.9368177652359009,-0.03957825154066086,0.19022934138774872,0.4885830283164978,0.18436774611473083,0.8313290476799011
2.8238692000013543,-0.20548012852668762,0.9366088509559631,-0.03952212631702423,0.19079823791980743,0.4894900619983673,0.18196436762809753,0.8311946392059326
2.827750800002832,-0.20537005364894867,0.9363582134246826,-0.03949911147356033,0.19192133843898773,0.489751935005188,0.18047131597995758,0.8311073780059814
2.8320458000089275,-0.20531614124774933,0.9361237287521362,-0.039319928735494614,0.19238623976707458,0.48907971382141113,0.18088653683662415,0.8313053846359253
2.836321000009775,-0.20536839962005615,0.935888409614563,-0.03910641744732857,0.1921900361776352,0.4889370799064636,0.1806294322013855,0.8314905762672424
2.8402581000118516,-0.20548191666603088,0.9356628656387329,-0.038833532482385635,0.19192102551460266,0.4880779981613159,0.18234340846538544,0.831683337688446
2.8444059000030393,-0.20564232766628265,0.9354508519172668,-0.03855056315660477,0.19194932281970978,0.4873613119125366,0.1830897182226181,0.8319330215454102
2.8485342000058154,-0.20591406524181366,0.9352330565452576,-0.03820737451314926,0.19150537252426147,0.48654696345329285,0.18459731340408325,0.8321788907051086
2.8526469000062207,-0.2062501758337021,0.9349606037139893,-0.037744585424661636,0.19186954200267792,0.486359179019928,0.18327336013317108,0.8324972987174988
2.8571143000008306,-0.20665229856967926,0.9347407221794128,-0.037170328199863434,0.19091813266277313,0.4857195317745209,0.18373297154903412,0.8329879641532898
2.8610246000025654,-0.2070811241865158,0.9345092177391052,-0.03661327809095383,0.19073563814163208,0.4853280186653137,0.18345525860786438,0.8333191275596619
2.8651424999989104,-0.20762398838996887,0.9341897368431091,-0.03595857322216034,0.19142548739910126,0.48378801345825195,0.18291357159614563,0.8341751098632812
2.869997300003888,-0.20824265480041504,0.93397456407547,-0.03517444059252739,0.1918235719203949,0.48244524002075195,0.18344378471374512,0.8347446918487549
2.874105300012161,-0.20889826118946075,0.9336981177330017,-0.03446285054087639,0.19142749905586243,0.48163458704948425,0.18392236530780792,0.8351982831954956
2.877942200007965,-0.20963050425052643,0.9334455132484436,-0.033573854714632034,0.1913081854581833,0.4797734022140503,0.18494540452957153,0.8360704779624939
2.882670799997868,-0.21043610572814941,0.9331643581390381,-0.03270014375448227,0.19092068076133728,0.47833824157714844,0.1849835067987442,0.8369725346565247
2.8870198000076925,-0.21128316223621368,0.9328916072845459,-0.031699348241090775,0.19156506657600403,0.47723323106765747,0.18360334634780884,0.8377595543861389
2.8906552999978885,-0.2122941017150879,0.9325685501098633,-0.030700039118528366,0.19073058664798737,0.4753873944282532,0.18323566019535065,0.8390789031982422
2.8944833999994444,-0.21324962377548218,0.9322819709777832,-0.029609929770231247,0.19145865738391876,0.4732397496700287,0.18450023233890533,0.8398497104644775
2.8992039000004297,-0.21432963013648987,0.9319539666175842,-0.02848159335553646,0.1912308782339096,0.47127702832221985,0.18399940431118011,0.8411141633987427
2.9027043000096455,-0.2154814600944519,0.931678056716919,-0.027286486700177193,0.1910363733768463,0.4685274660587311,0.18569283187389374,0.8423213958740234
2.90698300000804,-0.216687873005867,0.9313861131668091,-0.025988614186644554,0.1902683526277542,0.46603983640670776,0.18665382266044617,0.8436618447303772
2.91111460000684,-0.21797260642051697,0.9310866594314575,-0.024727100506424904,0.19080844521522522,0.4648323357105255,0.18446964025497437,0.8446856737136841
2.9151553000119748,-0.21931175887584686,0.9307739734649658,-0.023385904729366302,0.19063876569271088,0.4623921811580658,0.18268635869026184,0.846449077129364
2.919324600006803,-0.22077561914920807,0.9304641485214233,-0.021990474313497543,0.19000284373760223,0.4599168598651886,0.1830737292766571,0.847855806350708
2.923372500008554,-0.22220247983932495,0.9301896691322327,-0.02055136114358902,0.18989713490009308,0.45676949620246887,0.18476848304271698,0.8492121696472168
2.927756100005354,-0.22371964156627655,0.9298413991928101,-0.0190869327634573,0.18962949514389038,0.4539027512073517,0.1857759803533554,0.8505882024765015
2.932173300010618,-0.22534142434597015,0.9295191168785095,-0.017552059143781662,0.18946248292922974,0.4505331814289093,0.184814453125,0.8526238799095154
2.9362727999978233,-0.2270309329032898,0.9292290806770325,-0.01596093364059925,0.18918876349925995,0.44791245460510254,0.18346373736858368,0.8543553948402405
2.9404930000018794,-0.2287587821483612,0.9289533495903015,-0.014418130740523338,0.1894102543592453,0.44545239210128784,0.18304528295993805,0.8556811809539795
2.9450614000088535,-0.23049049079418182,0.9286144375801086,-0.012816296890377998,0.18989962339401245,0.442487895488739,0.18204495310783386,0.8573227524757385
2.948691500001587,-0.23239783942699432,0.9282650351524353,-0.011175003834068775,0.18842895328998566,0.43879273533821106,0.18390344083309174,0.8591479063034058
2.952744900001562,-0.2343284785747528,0.9280087351799011,-0.009433736093342304,0.18718206882476807,0.43595242500305176,0.18328586220741272,0.8609962463378906
2.956995900007314,-0.23628081381320953,0.9277381896972656,-0.007742684334516525,0.1873193383216858,0.43219003081321716,0.1818692535161972,0.8631609678268433
2.967117300009704,-0.2404860258102417,0.927187979221344,-0.0041737728752195835,0.18626950681209564,0.42495253682136536,0.18186625838279724,0.866973876953125
2.971822500010603,-0.24263034760951996,0.9269029498100281,-0.0023727435618638992,0.1859070360660553,0.4218077063560486,0.18120093643665314,0.8687249422073364
2.9756652000069153,-0.24486501514911652,0.9266796112060547,-0.0005125621100887656,0.1847359985113144,0.41828107833862305,0.1798025667667389,0.8709676861763
2.979599700003746,-0.24714545905590057,0.926402747631073,0.0012613576836884022,0.1843186318874359,0.41388118267059326,0.17962905764579773,0.8731909394264221
2.983309300005203,-0.2494627833366394,0.9261270761489868,0.0031565306708216667,0.18340104818344116,0.41039514541625977,0.1788633167743683,0.8751844763755798
2.9868550000101095,-0.2518697679042816,0.9259462952613831,0.005019880831241608,0.18277083337306976,0.4061981737613678,0.17855511605739594,0.8773345351219177
2.9905383000004804,-0.2543121874332428,0.9257276654243469,0.006850421894341707,0.18153053522109985,0.401429146528244,0.17873796820640564,0.8797465562820435
2.9949762000032933,-0.25678279995918274,0.925536572933197,0.008749229833483696,0.1797933727502823,0.3971129059791565,0.1783839762210846,0.8821308016777039
2.998875900011626,-0.2593633234500885,0.9253554940223694,0.010642345063388348,0.17970898747444153,0.39324408769607544,0.17807543277740479,0.883941650390625
3.002919500009739,-0.2619612514972687,0.9252007007598877,0.01259488333016634,0.17842936515808105,0.38938161730766296,0.1773185282945633,0.8860604763031006
3.0073073000094155,-0.2646327018737793,0.925000011920929,0.01443396508693695,0.17775872349739075,0.38503405451774597,0.17505906522274017,0.8885409235954285
3.0115991000056965,-0.2672920227050781,0.9248741865158081,0.016379566863179207,0.17655490338802338,0.3805161118507385,0.174886554479599,0.8907583951950073
3.0156952000106685,-0.2700669467449188,0.9247606992721558,0.018251460045576096,0.17610901594161987,0.3766461908817291,0.17345517873764038,0.8927690982818604
3.019656500007841,-0.2728278636932373,0.924630880355835,0.020133135840296745,0.1747606247663498,0.37252721190452576,0.17337572574615479,0.894775390625
3.0238599000003887,-0.2757042944431305,0.9245190024375916,0.0220401119440794,0.1735275834798813,0.3662053644657135,0.17486131191253662,0.8973324298858643
3.027997900004266,-0.27858608961105347,0.9243865013122559,0.0238657146692276,0.17305730283260345,0.3629932999610901,0.17127476632595062,0.8994176387786865
3.0324024000001373,-0.2815197706222534,0.9243258833885193,0.0257929265499115,0.17090675234794617,0.3583605885505676,0.17112170159816742,0.9017128348350525
3.036816899999394,-0.28450530767440796,0.9242773056030273,0.02760077826678753,0.1705912947654724,0.35306161642074585,0.1708812266588211,0.9039058685302734
3.0408055000007153,-0.2875494062900543,0.9242866039276123,0.029464390128850937,0.16827036440372467,0.347942054271698,0.17005646228790283,0.9064779877662659
3.044915000005858,-0.29057520627975464,0.9242359399795532,0.03132375329732895,0.16768606007099152,0.34431877732276917,0.16746234893798828,0.9084505438804626
3.0485531000012998,-0.29370805621147156,0.924202561378479,0.033025067299604416,0.16902309656143188,0.3403855264186859,0.1660376787185669,0.9099452495574951
3.053103900005226,-0.2968321442604065,0.9241608381271362,0.03466297313570976,0.1669045090675354,0.3347042500972748,0.16663378477096558,0.912331759929657
3.0571078000066336,-0.299973726272583,0.9241626262664795,0.03637031838297844,0.16496120393276215,0.3287598192691803,0.16832195222377777,0.9145340323448181
3.061215699999593,-0.30311301350593567,0.9241962432861328,0.03808412700891495,0.16347025334835052,0.3245912790298462,0.16594140231609344,0.9167232513427734
3.0652982000028715,-0.30635884404182434,0.9242289066314697,0.03976767510175705,0.16263465583324432,0.31991052627563477,0.16437497735023499,0.9187970757484436
3.070199699999648,-0.30959704518318176,0.9242821335792542,0.04142129793763161,0.16078300774097443,0.314423143863678,0.16559377312660217,0.920796275138855
3.073791100003291,-0.3128419816493988,0.9243437647819519,0.042965155094861984,0.15858155488967896,0.30888667702674866,0.16576464474201202,0.9230184555053711
3.077816500008339,-0.31619447469711304,0.9244450926780701,0.04452892765402794,0.1570197492837906,0.3040987551212311,0.16436953842639923,0.9251223802566528
3.083096400005161,-0.3194863200187683,0.9245433211326599,0.046093810349702835,0.1558533012866974,0.2987866699695587,0.1640794575214386,0.927099883556366
3.087908500005142,-0.3227810859680176,0.9246950745582581,0.04758710414171219,0.15400931239128113,0.29302123188972473,0.1643194854259491,0.9292033910751343
3.0923787000065204,-0.3261664807796478,0.9247989654541016,0.049086928367614746,0.15273688733577728,0.2892160415649414,0.1634538173675537,0.9307569861412048
3.0970227000070736,-0.32951125502586365,0.9250211715698242,0.0506155826151371,0.15220531821250916,0.2828594446182251,0.1639363169670105,0.932710587978363
3.102469800011022,-0.336271196603775,0.9253371357917786,0.053271953016519547,0.1486605405807495,0.2737273871898651,0.16011804342269897,0.9366620182991028
3.1070369000080973,-0.3396472930908203,0.9255032539367676,0.0546177513897419,0.14734001457691193,0.268688827753067,0.1589469611644745,0.9385271072387695
3.1110477000038372,-0.34301891922950745,0.9257485866546631,0.055878110229969025,0.14642170071601868,0.2641567289829254,0.1579473912715912,0.9401247501373291
3.1154758000047877,-0.3464299440383911,0.9259395599365234,0.057124022394418716,0.14463907480239868,0.2586982846260071,0.1586049348115921,0.9418063163757324
3.1198168999981135,-0.3498512804508209,0.9261452555656433,0.05831518769264221,0.14341992139816284,0.2530982196331024,0.15776990354061127,0.9436529278755188
3.123558300008881,-0.3532414436340332,0.926404595375061,0.0594656839966774,0.14223206043243408,0.24792025983333588,0.15818102657794952,0.9451372623443604
3.128255800009356,-0.3566823899745941,0.9266889691352844,0.060578834265470505,0.14129486680030823,0.2430717498064041,0.15672941505908966,0.9467776417732239
3.132056600006763,-0.36009082198143005,0.9270089864730835,0.06162057816982269,0.1398666948080063,0.23814110457897186,0.15622499585151672,0.9483247399330139
3.136916800009203,-0.36345764994621277,0.9272988438606262,0.06263143569231033,0.13742437958717346,0.233303502202034,0.15613466501235962,0.9498979449272156
3.1405493000056595,-0.36691343784332275,0.9275950789451599,0.06359417736530304,0.13637346029281616,0.22837069630622864,0.15549053251743317,0.9513527154922485
3.144537100000889,-0.37026387453079224,0.9279415011405945,0.06452707946300507,0.13444256782531738,0.22256480157375336,0.1561170369386673,0.9528995752334595
3.148641400010092,-0.3736517131328583,0.9282807111740112,0.06539979577064514,0.1340220719575882,0.21791502833366394,0.15481503307819366,0.9542449712753296
3.152673100004904,-0.377008855342865,0.9286393523216248,0.06625931710004807,0.13228125870227814,0.21262943744659424,0.15434867143630981,0.9557546973228455
3.157167900004424,-0.38038119673728943,0.9290030002593994,0.06704752892255783,0.1312662959098816,0.20749376714229584,0.15296319127082825,0.9572449326515198
3.1614600000029895,-0.3837020695209503,0.9293844103813171,0.06775961071252823,0.12898916006088257,0.20324459671974182,0.15279801189899445,0.9584917426109314
3.165286500006914,-0.3870416283607483,0.9297689199447632,0.06842321157455444,0.1276777684688568,0.19869235157966614,0.15195855498313904,0.9597544074058533
3.173640000008163,-0.39361608028411865,0.9305568933486938,0.06964977085590363,0.12492330372333527,0.18846915662288666,0.14969128370285034,0.9625311493873596
3.1779634000122314,-0.39695170521736145,0.9310221076011658,0.07016092538833618,0.12418825924396515,0.18421269953250885,0.14785327017307281,0.9637336134910583
3.182218100002501,-0.4002159833908081,0.9314081072807312,0.07065041363239288,0.12173578888177872,0.17876064777374268,0.14898812770843506,0.9648977518081665
3.1860702999983914,-0.40343040227890015,0.9318320751190186,0.07113751024007797,0.11967670172452927,0.175017848610878,0.14798493683338165,0.965995192527771
3.1904080000094837,-0.40663793683052063,0.9322469234466553,0.07157515734434128,0.11849375814199448,0.17027705907821655,0.14640334248542786,0.9672285914421082
3.1943811000091955,-0.40986940264701843,0.9326573014259338,0.07190706580877304,0.11612215638160706,0.1645744889974594,0.14787603914737701,0.9682787656784058
3.1978092000063043,-0.40986940264701843,0.9326573014259338,0.07190706580877304,0.11612215638160706,0.1645744889974594,0.14787603914737701,0.9682787656784058
3.201352300005965,-0.4130934178829193,0.9331663250923157,0.07229240983724594,0.1165357455611229,0.16049551963806152,0.14509592950344086,0.9693336486816406
3.205742600010126,-0.4162618815898895,0.9335370659828186,0.07255814969539642,0.1154346764087677,0.15684127807617188,0.14336147904396057,0.9703211784362793
3.2107318000053056,-0.42253634333610535,0.9343888163566589,0.07304012775421143,0.1122405081987381,0.14694572985172272,0.14384260773658752,0.9721719622612
3.2148394000105327,-0.4256085455417633,0.9348394870758057,0.07321736961603165,0.11081269383430481,0.14164325594902039,0.14487239718437195,0.9729695916175842
3.2193769000004977,-0.4287196695804596,0.9352828860282898,0.07332327216863632,0.11092298477888107,0.1382727175951004,0.14184166491031647,0.9738879799842834
3.2236314000037964,-0.43179988861083984,0.9357295036315918,0.07340468466281891,0.10882637649774551,0.1331864297389984,0.14310632646083832,0.9746479988098145
3.22771950000606,-0.43485426902770996,0.936177670955658,0.07349640130996704,0.10780935734510422,0.12840725481510162,0.14261695742607117,0.9754738807678223
3.2322827000025427,-0.4378686845302582,0.9365249872207642,0.0734676718711853,0.10590443015098572,0.12447748333215714,0.14389123022556305,0.9760046005249023
3.236199700011639,-0.4408985376358032,0.9369856119155884,0.07347095757722855,0.10527737438678741,0.11966783553361893,0.14257414638996124,0.9768669009208679
3.2404358000057982,-0.4438472092151642,0.9374244213104248,0.07337357848882675,0.10461267828941345,0.11553750932216644,0.1415378898382187,0.9775859117507935
3.24452680000104,-0.44673848152160645,0.9378673434257507,0.07330550253391266,0.1029948964715004,0.1116299033164978,0.14243084192276,0.9780819416046143
3.248588700007531,-0.4496800899505615,0.9382917284965515,0.0731542557477951,0.10176385939121246,0.10726618021726608,0.14279745519161224,0.9786454439163208
3.253236700009438,-0.45251235365867615,0.9387137293815613,0.07300198078155518,0.10094445198774338,0.10263875871896744,0.14298444986343384,0.9791991710662842
3.2575297000003047,-0.4553444981575012,0.9391375184059143,0.07274586707353592,0.09990541636943817,0.0987483486533165,0.14246906340122223,0.9797807335853577
3.261446900010924,-0.45814448595046997,0.9395716786384583,0.07256561517715454,0.0996294766664505,0.09533695876598358,0.14123877882957458,0.9803246855735779
3.2655100999982096,-0.4609015882015228,0.939971387386322,0.07223504781723022,0.09765510261058807,0.09091255813837051,0.14268915355205536,0.9807335734367371
3.2696238000062294,-0.46364831924438477,0.9404318928718567,0.0719129741191864,0.09606211632490158,0.08677197992801666,0.14326640963554382,0.9811817407608032
3.273793400003342,-0.46635401248931885,0.940827488899231,0.07158216089010239,0.09565144777297974,0.08270426839590073,0.14282459020614624,0.9816374182701111
3.2781164000043646,-0.46899712085723877,0.9412708878517151,0.07116003334522247,0.09477122873067856,0.07855256646871567,0.14176549017429352,0.9822171926498413
3.282155100008822,-0.47164273262023926,0.9417024850845337,0.07077806442975998,0.0929056853055954,0.07435630261898041,0.14246171712875366,0.9826211333274841
3.2864465000020573,-0.47425949573516846,0.9419938921928406,0.07032334059476852,0.09151618182659149,0.07047122716903687,0.14340275526046753,0.9829010367393494
3.2903533000062453,-0.47682783007621765,0.9424557685852051,0.06992238014936447,0.09067212790250778,0.06662106513977051,0.1431441754102707,0.9832853674888611
3.294452700007241,-0.47937288880348206,0.9428364038467407,0.06937661021947861,0.08991286903619766,0.06314711272716522,0.14238040149211884,0.9836950898170471
3.2988922000076855,-0.4819014072418213,0.9431536793708801,0.06886480003595352,0.0892358273267746,0.058606695383787155,0.1433887630701065,0.9838912487030029
3.302909500009264,-0.4843811094760895,0.94353187084198,0.06831283122301102,0.0883655846118927,0.05544232949614525,0.14191284775733948,0.9843670725822449
3.307273200000054,-0.4868348240852356,0.9438376426696777,0.06774089485406876,0.08624641597270966,0.05088404566049576,0.14390379190444946,0.9845121502876282
3.3112048000039067,-0.48922833800315857,0.9441690444946289,0.06713071465492249,0.08583921194076538,0.04737457260489464,0.14346778392791748,0.9847865104675293
3.3204054000088945,-0.49399545788764954,0.9448217749595642,0.06587452441453934,0.08354651182889938,0.03908444941043854,0.1432582587003708,0.9853779077529907
3.323901700001443,-0.49630624055862427,0.9450975060462952,0.06520719081163406,0.08223385363817215,0.0349356010556221,0.14503240585327148,0.9853845834732056
3.3279047000105493,-0.4985784888267517,0.9453831911087036,0.06454756110906601,0.0820595845580101,0.03189229965209961,0.1438823640346527,0.985670804977417
3.3319235000089975,-0.5008399486541748,0.9456322193145752,0.06388571858406067,0.08096332103013992,0.027719594538211823,0.14365707337856293,0.9859205484390259
3.336301100003766,-0.5030592083930969,0.945896565914154,0.06316947937011719,0.07974065840244293,0.024357402697205544,0.14343610405921936,0.9861411452293396
3.3409133000095608,-0.5052457451820374,0.9461501836776733,0.06245112046599388,0.07975262403488159,0.0207417793571949,0.1438210904598236,0.986166775226593
3.3444522000063444,-0.5052457451820374,0.9461501836776733,0.06245112046599388,0.07975262403488159,0.0207417793571949,0.1438210904598236,0.986166775226593
3.3485360000049695,-0.5094468593597412,0.9465985298156738,0.06093059480190277,0.07669948041439056,0.013844599947333336,0.1454346925020218,0.9862932562828064
3.3527271000057226,-0.5115007758140564,0.9468218684196472,0.06019807979464531,0.07837978005409241,0.0102485166862607,0.14345896244049072,0.9864943623542786
3.3568771999998717,-0.5135075449943542,0.9470028877258301,0.05940433591604233,0.07780501246452332,0.007001539692282677,0.14290034770965576,0.9866493940353394
3.36105160000443,-0.5154861807823181,0.9471842050552368,0.05862555652856827,0.07603201270103455,0.0030852160416543484,0.1430194228887558,0.9867902994155884
3.368867199998931,-0.5193312764167786,0.9475306272506714,0.05705551430583,0.07455763220787048,-0.0030779263470321894,0.1437700241804123,0.9867938160896301
3.3734070000064094,-0.5211322903633118,0.9476733803749084,0.05622933432459831,0.07410667091608047,-0.006293940357863903,0.1443815380334854,0.9867231249809265
3.377761499999906,-0.522955060005188,0.9478107690811157,0.0554037019610405,0.07264627516269684,-0.00976903922855854,0.1444547474384308,0.9867927432060242
3.3818925000086892,-0.5247244238853455,0.9479736685752869,0.05462636053562164,0.07300867140293121,-0.012722833082079887,0.1429585963487625,0.9869502782821655
3.3860281000088435,-0.5264714360237122,0.9480634331703186,0.05373310670256615,0.07295478135347366,-0.015301764011383057,0.14241841435432434,0.9869957566261292
3.3906883000017842,-0.528164803981781,0.9481675624847412,0.0529327355325222,0.0725114569067955,-0.01903110183775425,0.14297491312026978,0.9868830442428589
3.394462199998088,-0.5298367142677307,0.9482441544532776,0.05208474397659302,0.07093791663646698,-0.02203992009162903,0.14302295446395874,0.9869278073310852
3.3986091000115266,-0.5314592719078064,0.9483333230018616,0.0512617863714695,0.07148304581642151,-0.025296969339251518,0.14196769893169403,0.9869627952575684
3.402544800002943,-0.5330279469490051,0.948400616645813,0.05040423944592476,0.07072886824607849,-0.028513455763459206,0.1432652771472931,0.9867419004440308
3.4070382000063546,-0.5345885157585144,0.9484415054321289,0.04952651262283325,0.07045920938253403,-0.031394895166158676,0.1429453045129776,0.986720085144043
3.411162200005492,-0.536074697971344,0.9485307335853577,0.048730626702308655,0.0708375945687294,-0.033937882632017136,0.1428893357515335,0.9866169095039368
3.4153080000105547,-0.5375628471374512,0.948555052280426,0.0478551909327507,0.07021496444940567,-0.03663366287946701,0.14282409846782684,0.9865744709968567
3.4198937000037404,-0.5390104651451111,0.9485568404197693,0.04699409753084183,0.06902790814638138,-0.040075864642858505,0.14408639073371887,0.9863408207893372
3.4238047000108054,-0.5404082536697388,0.9485276341438293,0.04616036266088486,0.06908122450113297,-0.04233241081237793,0.1431494802236557,0.9863792657852173
3.4279132000083337,-0.5417420864105225,0.9485173225402832,0.045362282544374466,0.06862179189920425,-0.04435243085026741,0.14375542104244232,0.9862344861030579
3.4324205000011716,-0.543067991733551,0.9485054016113281,0.04451560601592064,0.06724389642477036,-0.04760260879993439,0.14531446993350983,0.9859492778778076
3.436754300011671,-0.5443563461303711,0.9484525322914124,0.0436716191470623,0.06790570169687271,-0.04970899969339371,0.14443250000476837,0.985929548740387
3.441151600010926,-0.5455697178840637,0.9484420418739319,0.042853664606809616,0.06767667829990387,-0.052347809076309204,0.14580871164798737,0.9856060743331909
3.4495692000054987,-0.547908365726471,0.9483277201652527,0.041279833763837814,0.06683184951543808,-0.057529620826244354,0.1466723531484604,0.9852467179298401
3.4533975000085775,-0.5490018725395203,0.9482434988021851,0.04047318920493126,0.06698252260684967,-0.06008528918027878,0.14596611261367798,0.985188901424408
3.456993700005114,-0.5500704050064087,0.9482005834579468,0.03976385295391083,0.06529449671506882,-0.062323667109012604,0.14752352237701416,0.9849311113357544
3.46173570000974,-0.5510537624359131,0.9481216073036194,0.03898826241493225,0.06603935360908508,-0.0645747110247612,0.1461646407842636,0.9849390387535095
3.4651803000015207,-0.5520323514938354,0.9480459690093994,0.03823881596326828,0.06624062359333038,-0.06628753244876862,0.14652201533317566,0.9847586154937744
3.469524600004661,-0.552973210811615,0.9479590058326721,0.037544552236795425,0.06573615223169327,-0.06805407255887985,0.14682936668395996,0.9846261739730835
3.4735627000045497,-0.5538228154182434,0.9478870034217834,0.03680415451526642,0.06570903956890106,-0.07024946808815002,0.1487196832895279,0.9841899275779724
3.477741100010462,-0.554718017578125,0.9478088617324829,0.036114390939474106,0.06491527706384659,-0.07193540036678314,0.14830508828163147,0.9841833710670471
3.482072500002687,-0.5554692149162292,0.9477258920669556,0.03549201041460037,0.0657837837934494,-0.0738075003027916,0.14860422909259796,0.9839419722557068
3.4866928000119515,-0.5562378764152527,0.9475906491279602,0.03480403497815132,0.06609424948692322,-0.07539050281047821,0.14863362908363342,0.9837966561317444
3.4904422000108752,-0.556924045085907,0.9475119709968567,0.0342228002846241,0.06538628786802292,-0.07720896601676941,0.1487346887588501,0.9836876392364502
3.4944101000000956,-0.5576089024543762,0.9473776817321777,0.03359358385205269,0.06567130982875824,-0.07923119515180588,0.1498994380235672,0.9833309650421143
3.4985681000107434,-0.5582205057144165,0.947258472442627,0.03299497812986374,0.0661347433924675,-0.07989436388015747,0.14915555715560913,0.9833594560623169
3.5028022000042256,-0.5588208436965942,0.9471282958984375,0.03241768106818199,0.06650923937559128,-0.08236001431941986,0.14933712780475616,0.9831031560897827
3.506976200005738,-0.5593540668487549,0.9470439553260803,0.03188887611031532,0.06624101847410202,-0.08358665555715561,0.15021367371082306,0.9828842282295227
3.5111442000052193,-0.5598743557929993,0.9469351768493652,0.031298208981752396,0.0670074075460434,-0.08364605903625488,0.1494053304195404,0.9829504489898682
3.515299100006814,-0.5603277683258057,0.9468258619308472,0.030817214399576187,0.06567766517400742,-0.08574891835451126,0.1509351283311844,0.9826251268386841
3.519346500004758,-0.5607179999351501,0.9467380046844482,0.03035588748753071,0.06548881530761719,-0.08753955364227295,0.15148119628429413,0.9823957681655884
3.5236353000072995,-0.5610886216163635,0.9465909004211426,0.029833871871232986,0.06583886593580246,-0.08822592347860336,0.15092231333255768,0.9823970794677734
3.5276759000116726,-0.5614107251167297,0.9465004801750183,0.029393082484602928,0.06541893631219864,-0.0896349623799324,0.15166188776493073,0.982183575630188
3.5318325999978697,-0.5616471171379089,0.946418046951294,0.02900809235870838,0.06538498401641846,-0.09032312780618668,0.15146805346012115,0.9821527600288391
3.5361028000043007,-0.5618573427200317,0.9463117122650146,0.02862316370010376,0.06627079099416733,-0.09092579036951065,0.15073996782302856,0.9821497797966003
3.54027880000649,-0.5620285868644714,0.9461947083473206,0.028237691149115562,0.06581246107816696,-0.09157843142747879,0.15113690495491028,0.9820589423179626
3.5448572000022978,-0.5621906518936157,0.9460889101028442,0.027847949415445328,0.06557060778141022,-0.09216749668121338,0.1513703614473343,0.9819840788841248
3.548655600010534,-0.5622557997703552,0.9460259079933167,0.02755831927061081,0.0652560293674469,-0.09292850643396378,0.15183860063552856,0.9818609952926636
3.5528372000117088,-0.5622805953025818,0.9459536075592041,0.027275312691926956,0.06580495089292526,-0.09395679831504822,0.15165041387081146,0.9817556142807007
3.556986000010511,-0.5622525811195374,0.9459162354469299,0.027039209380745888,0.06581654399633408,-0.09428055584430695,0.1514507234096527,0.9817546010017395
3.561764600002789,-0.5621715188026428,0.9458419680595398,0.026795994490385056,0.0651574581861496,-0.09479013085365295,0.1518862545490265,0.9816821813583374
3.5658708000119077,-0.562042236328125,0.9457662105560303,0.026564747095108032,0.064926877617836,-0.0948088988661766,0.15154866874217987,0.9817478060722351
3.5693084000085946,-0.5618379712104797,0.9456949830055237,0.026312043890357018,0.06471355259418488,-0.09520135074853897,0.1520484834909439,0.981646716594696
3.573463000007905,-0.5616117119789124,0.9456391334533691,0.026104100048542023,0.06481379270553589,-0.09501234441995621,0.152013897895813,0.981663703918457
3.577605099999346,-0.561339795589447,0.9456032514572144,0.02595648728311062,0.06483762711286545,-0.0948454812169075,0.15180504322052002,0.9817106127738953
3.581915500006289,-0.5610068440437317,0.9455512166023254,0.025845613330602646,0.06415028125047684,-0.09483938664197922,0.15251584351062775,0.9816461205482483
3.58609160000924,-0.5606004595756531,0.9455452561378479,0.025731654837727547,0.06455236673355103,-0.094742052257061,0.1530304253101349,0.981549084186554
3.590389500008314,-0.5600780248641968,0.9455245733261108,0.025701474398374557,0.06548851728439331,-0.09389068186283112,0.15240423381328583,0.9816663861274719
3.5964720000047237,-0.5596163272857666,0.9454887509346008,0.025658072903752327,0.06556343287229538,-0.0935250073671341,0.15264356136322021,0.9816589951515198
3.6005686999997124,-0.5590841174125671,0.9454694390296936,0.025632059201598167,0.06583696603775024,-0.09334135800600052,0.15319916605949402,0.9815717339515686
3.6049614000075962,-0.5584613680839539,0.9454430937767029,0.025607310235500336,0.0656750351190567,-0.09218796342611313,0.15337318181991577,0.9816644191741943
3.6089658999990206,-0.5577309727668762,0.9453945755958557,0.025659380480647087,0.0644427016377449,-0.0916656106710434,0.15342751145362854,0.9817864298820496
3.6128661000111606,-0.5570782423019409,0.9453837275505066,0.02567298710346222,0.0642857477068901,-0.09116330742835999,0.15405048429965973,0.9817459583282471
3.6175305000069784,-0.5563750863075256,0.94535893201828,0.02571798674762249,0.06446701288223267,-0.08950969576835632,0.15433090925216675,0.9818421006202698
3.623326500004623,-0.5546923279762268,0.9453537464141846,0.025975707918405533,0.0653272494673729,-0.08777741342782974,0.15401120483875275,0.9819918870925903
3.6279556000081357,-0.5538167953491211,0.945389449596405,0.026112258434295654,0.0652695894241333,-0.08650407940149307,0.1545800417661667,0.9820193648338318
3.6319239000004018,-0.5528489351272583,0.945343017578125,0.02624983713030815,0.0641995444893837,-0.08535562455654144,0.15475839376449585,0.9821622371673584
3.636249700008193,-0.5518813729286194,0.9453766942024231,0.026439806446433067,0.06539396941661835,-0.0837811827659607,0.1538628488779068,0.9823597073554993
3.641167400011909,-0.5508520603179932,0.9453830122947693,0.02664656564593315,0.0646410807967186,-0.08259328454732895,0.1537676751613617,0.9825250506401062
3.6445940999983577,-0.5498126149177551,0.9454091191291809,0.02683270536363125,0.06487839668989182,-0.0811968743801117,0.1551186740398407,0.9824134707450867
3.648699099998339,-0.5486465096473694,0.9454391598701477,0.027116995304822922,0.06519671529531479,-0.07978659123182297,0.15389810502529144,0.9826998114585876
3.6528394000051776,-0.5475239157676697,0.9454808831214905,0.027347637340426445,0.06492389738559723,-0.07789430767297745,0.15497328341007233,0.9827007055282593
3.657747500008554,-0.546244204044342,0.9455057382583618,0.02762589231133461,0.06473175436258316,-0.07658795267343521,0.1549922525882721,0.9828130602836609
3.6613434000028064,-0.5450598001480103,0.945522665977478,0.0278935544192791,0.06473763287067413,-0.07507963478565216,0.15478217601776123,0.9829621315002441
3.665359600010561,-0.5437310934066772,0.9455607533454895,0.028197413310408592,0.06391638517379761,-0.07313378155231476,0.15576666593551636,0.9830070734024048
3.6695940000063274,-0.5423547029495239,0.9456501007080078,0.02852512337267399,0.06495218724012375,-0.0709492638707161,0.15478980541229248,0.9832535982131958
3.673531799999182,-0.5409759879112244,0.9456628561019897,0.02882252261042595,0.06441779434680939,-0.06837774813175201,0.15449514985084534,0.9835172295570374
3.676919400008046,-0.5409759879112244,0.9456628561019897,0.02882252261042595,0.06441779434680939,-0.06837774813175201,0.15449514985084534,0.9835172295570374
3.680563500005519,-0.5395191311836243,0.9457249045372009,0.029224371537566185,0.06466741859912872,-0.06759209930896759,0.15514570474624634,0.9834527373313904
3.684297700005118,-0.5380377769470215,0.945773184299469,0.029551543295383453,0.0642586350440979,-0.06509977579116821,0.15551021695137024,0.9835901260375977
3.6897680000110995,-0.5348528623580933,0.9459162950515747,0.030279429629445076,0.06477659940719604,-0.060581449419260025,0.1541956067085266,0.9840516448020935
3.6939918999996735,-0.533234715461731,0.9459781646728516,0.03066304139792919,0.0643865168094635,-0.057795193046331406,0.155068039894104,0.9841077327728271
3.6983359000005294,-0.5315192341804504,0.9460498094558716,0.031055714935064316,0.06404997408390045,-0.056002426892519,0.1556580662727356,0.9841402173042297
3.702480600011768,-0.5297730565071106,0.9461047649383545,0.031447671353816986,0.06434891372919083,-0.05342361330986023,0.15486066043376923,0.9843898415565491
3.706763400012278,-0.5279676914215088,0.94619220495224,0.03189977630972862,0.06446737051010132,-0.05070846155285835,0.15447485446929932,0.9845863580703735
3.7111205000110203,-0.5261551737785339,0.9462766647338867,0.03232129290699959,0.06439360231161118,-0.04726209118962288,0.15439863502979279,0.9847745299339294
3.72033029999875,-0.5224164128303528,0.9464688897132874,0.03322172164916992,0.06572431325912476,-0.04114154726266861,0.154238760471344,0.9849863648414612
3.7239177000010386,-0.5204796195030212,0.9465306401252747,0.0336277037858963,0.06437113136053085,-0.03842293471097946,0.1544196605682373,0.9851571321487427
3.7278430000005756,-0.5185426473617554,0.9465929865837097,0.034071628004312515,0.06494420021772385,-0.03621251508593559,0.15489345788955688,0.9851289987564087
3.7320185999997193,-0.516524076461792,0.9466872215270996,0.034483902156353,0.06480556726455688,-0.03284362703561783,0.1541878581047058,0.9853667616844177
3.7359499000012875,-0.5144921541213989,0.9467827677726746,0.034974101930856705,0.06475390493869781,-0.02971665933728218,0.15477418899536133,0.9853775501251221
3.7406417000020156,-0.5124589800834656,0.9468213319778442,0.035383258014917374,0.06432824581861496,-0.02616877108812332,0.15488453209400177,0.9854887127876282
3.744576400000369,-0.5104014277458191,0.9469404816627502,0.035823628306388855,0.06435523182153702,-0.023166725412011147,0.15565340220928192,0.9854409098625183
3.7485829000070225,-0.5082990527153015,0.947025716304779,0.036248885095119476,0.06492801755666733,-0.01983204111456871,0.15509675443172455,0.9855638742446899
3.752797699999064,-0.506189227104187,0.9471272230148315,0.036657486110925674,0.06288126856088638,-0.01702028140425682,0.15688711404800415,0.9854658246040344
3.7570516999985557,-0.5039805173873901,0.9472326040267944,0.037113841623067856,0.06399307399988174,-0.014048469252884388,0.156646266579628,0.9854794144630432
3.7611826000065776,-0.5017969608306885,0.9473187327384949,0.037512779235839844,0.06388392299413681,-0.010190693661570549,0.15740381181240082,0.9854131937026978
3.7651719999994384,-0.4996013641357422,0.9473668932914734,0.037889592349529266,0.06322481483221054,-0.007811873219907284,0.1589982807636261,0.9852214455604553
3.7692609000077937,-0.497333288192749,0.9474767446517944,0.038328204303979874,0.06365998089313507,-0.004338270518928766,0.15829943120479584,0.9853273630142212
3.7737018000043463,-0.49504005908966064,0.9475873708724976,0.03874044865369797,0.06388958543539047,-0.000551805307622999,0.15859457850456238,0.9852744340896606
3.7781301000068197,-0.4927395284175873,0.9476833343505859,0.03913626819849014,0.06444507837295532,0.0031311779748648405,0.15863847732543945,0.9852263331413269
3.7821601000032388,-0.49041905999183655,0.947765052318573,0.03948405385017395,0.06358247995376587,0.006432696245610714,0.15988318622112274,0.9850651621818542
3.7864260000060312,-0.4880414605140686,0.9478513598442078,0.03990458697080612,0.06349439918994904,0.009638210758566856,0.15979021787643433,0.9850597381591797
3.7908930000121472,-0.48563316464424133,0.9479970335960388,0.040230683982372284,0.06425247341394424,0.013627350330352783,0.16004043817520142,0.9849228858947754
3.794885700001032,-0.48318561911582947,0.9481092095375061,0.040635280311107635,0.06411966681480408,0.017629660665988922,0.1608559787273407,0.9847351312637329
3.798570300001302,-0.4807468354701996,0.9482380151748657,0.04093407839536667,0.06403934210538864,0.02101043052971363,0.1615552306175232,0.9845595955848694
3.80359780001163,-0.47828659415245056,0.9483259916305542,0.04126216843724251,0.0636720210313797,0.025556793436408043,0.16101400554180145,0.9845645427703857
3.807853000005707,-0.4757983684539795,0.9484679102897644,0.04162951186299324,0.06384298205375671,0.02912534959614277,0.16209003329277039,0.9842777252197266
3.8114441000070656,-0.47324836254119873,0.9485626220703125,0.04187590628862381,0.06447014212608337,0.03317353129386902,0.1608601063489914,0.9843105673789978
3.8157557000085944,-0.47072356939315796,0.9486496448516846,0.04215113818645477,0.06380169093608856,0.036762285977602005,0.16294914484024048,0.9838828444480896
3.8194948000018485,-0.46816286444664,0.9487779140472412,0.04245029017329216,0.06385227292776108,0.040808603167533875,0.16217635571956635,0.9838477373123169
3.8239786000049207,-0.4655681252479553,0.9489499926567078,0.04273354262113571,0.06334296613931656,0.04531961306929588,0.16324388980865479,0.9835066795349121
3.829375900008017,-0.4629616439342499,0.9490242600440979,0.04293150082230568,0.06458175927400589,0.04869167506694794,0.16256888210773468,0.9833767414093018
3.833974599998328,-0.46036189794540405,0.9491181373596191,0.04313201829791069,0.06414113938808441,0.05284286290407181,0.16356608271598816,0.983025848865509
3.838183800005936,-0.45771345496177673,0.9492950439453125,0.04337773844599724,0.06390220671892166,0.05721355602145195,0.16270284354686737,0.9829399585723877
3.8422094999987166,-0.45512154698371887,0.9494365453720093,0.04353414103388786,0.06328760087490082,0.0611981600522995,0.16353295743465424,0.9826018810272217
3.8464303000073414,-0.4524550139904022,0.9495465159416199,0.043685413897037506,0.061851851642131805,0.06535530090332031,0.16593018174171448,0.9820235967636108
3.8506718999997247,-0.4498525559902191,0.9496675133705139,0.04385805130004883,0.06259388476610184,0.06933537125587463,0.16545270383358002,0.9817841053009033
3.8547034000075655,-0.4471735656261444,0.949784517288208,0.043966539204120636,0.06325466930866241,0.07332056015729904,0.16475029289722443,0.9815704226493835
3.858913300005952,-0.4445507228374481,0.9499089121818542,0.044072769582271576,0.06466289609670639,0.07774607837200165,0.1631079614162445,0.9814122915267944
3.8630573999980697,-0.4418897032737732,0.9500404596328735,0.04412972182035446,0.06493943929672241,0.08191807568073273,0.163143590092659,0.9810487031936646
3.8674880000035046,-0.4392251968383789,0.9501221179962158,0.04421204328536987,0.06488443166017532,0.08606849610805511,0.16415728628635406,0.9805276989936829
3.878576900009648,-0.43137162923812866,0.9504668116569519,0.04429242014884949,0.06577193737030029,0.09865156561136246,0.16410434246063232,0.9792914986610413
3.882201900007203,-0.4287990927696228,0.9505431652069092,0.04428711533546448,0.06519335508346558,0.10240046679973602,0.16580204665660858,0.9786591529846191
3.8875694000016665,-0.42623257637023926,0.9506502747535706,0.044273100793361664,0.06628119200468063,0.10673268139362335,0.16522647440433502,0.9782204031944275
3.891242500001681,-0.4236423671245575,0.9507498145103455,0.04425755515694618,0.06719837337732315,0.11132774502038956,0.16407322883605957,0.9778397679328918
3.8946619000053033,-0.421120822429657,0.9508350491523743,0.04417509585618973,0.06636346876621246,0.11459995806217194,0.16696354746818542,0.9770290851593018
3.8988651000108803,-0.41858819127082825,0.9509140849113464,0.04414006322622299,0.06722358614206314,0.11916495859622955,0.1650635302066803,0.9767470955848694
3.9027212000073632,-0.4160708785057068,0.9509888887405396,0.04403715953230858,0.06632201373577118,0.1224353164434433,0.1677645891904831,0.9759437441825867
3.9069223000115016,-0.413616418838501,0.9510399103164673,0.043926212936639786,0.06647863239049911,0.12643180787563324,0.16703647375106812,0.975548267364502
3.910953900005552,-0.4111771285533905,0.9511200785636902,0.04375478997826576,0.06740599870681763,0.13013486564159393,0.16832531988620758,0.9747759103775024
3.9151085000048624,-0.4086855351924896,0.9512181878089905,0.04360000416636467,0.06829708069562912,0.13328351080417633,0.16800741851329803,0.9743431806564331
3.9198334000102477,-0.4062696099281311,0.9512971639633179,0.043475836515426636,0.06685706228017807,0.1368151158094406,0.1697041392326355,0.9736592769622803
3.923674100005883,-0.403862327337265,0.9513199329376221,0.04326586425304413,0.06857249140739441,0.14050301909446716,0.1685468703508377,0.973215639591217
3.927855300004012,-0.40142080187797546,0.9513874053955078,0.04304477199912071,0.06819149106740952,0.1444036364555359,0.17010383307933807,0.9724003076553345
3.9321047000121325,-0.3990376591682434,0.9514732360839844,0.042776040732860565,0.0685473158955574,0.14800088107585907,0.1690189242362976,0.9720235466957092
3.9361512000032235,-0.3966835141181946,0.9515032768249512,0.042556941509246826,0.0689145028591156,0.15159110724925995,0.16951487958431244,0.9713576436042786
3.940345499999239,-0.3943462669849396,0.9516361951828003,0.04225380718708038,0.06946756690740585,0.15432582795619965,0.1705869734287262,0.9706997275352478
3.9484107000025688,-0.3896578252315521,0.9516590237617493,0.04165346547961235,0.06810779869556427,0.16165287792682648,0.17152658104896545,0.9694371223449707
3.9574566000082996,-0.38511911034584045,0.9517497420310974,0.04097297042608261,0.0681576132774353,0.1671580821275711,0.17351341247558594,0.9681455492973328
3.9615816000004997,-0.38290518522262573,0.9517938494682312,0.040628816932439804,0.0687481015920639,0.17092947661876678,0.17284126579761505,0.9675653576850891
3.96523060000618,-0.38070791959762573,0.951836884021759,0.04025371000170708,0.06881573051214218,0.17453806102275848,0.1730000078678131,0.9668877720832825
3.969418000007863,-0.37860724329948425,0.951840341091156,0.03994324803352356,0.06992451846599579,0.17824916541576385,0.17224782705307007,0.9662652611732483
3.973489199997857,-0.3765367269515991,0.951943576335907,0.039578877389431,0.0706150084733963,0.18121640384197235,0.17270608246326447,0.9655811190605164
3.977874200005317,-0.3745183050632477,0.951923131942749,0.03911476954817772,0.07039836049079895,0.184026837348938,0.1731918603181839,0.9649781584739685
3.9819944000046235,-0.3725200593471527,0.9519167542457581,0.038711342960596085,0.07104671746492386,0.18702079355716705,0.17339353263378143,0.964318573474884
3.9860216000088258,-0.3705270290374756,0.9519340991973877,0.038264479488134384,0.07113192230463028,0.19003073871135712,0.17365555465221405,0.9636765122413635
3.990556300006574,-0.36864227056503296,0.9519410133361816,0.03782309219241142,0.07171411067247391,0.19317969679832458,0.17223668098449707,0.9632618427276611
4.007030000007944,-0.36154940724372864,0.951927900314331,0.0360206663608551,0.07273875176906586,0.2025863230228424,0.1741504967212677,0.9609056115150452
4.010678500009817,-0.36154940724372864,0.951927900314331,0.0360206663608551,0.07273875176906586,0.2025863230228424,0.1741504967212677,0.9609056115150452
4.014376999999513,-0.35988321900367737,0.95196932554245,0.03550256788730621,0.07258536666631699,0.20507176220417023,0.17596833407878876,0.9600584506988525
4.021600500011118,-0.35670965909957886,0.9518797993659973,0.0344834178686142,0.07256954908370972,0.20850247144699097,0.17560289800167084,0.9593873023986816
4.025772000008146,-0.35523080825805664,0.9518429636955261,0.03399183601140976,0.07282423228025436,0.21106892824172974,0.17679961025714874,0.9585867524147034
4.032295600001817,-0.35229796171188354,0.951758623123169,0.03294402360916138,0.07355505973100662,0.21411508321762085,0.1766582429409027,0.9578811526298523
4.0371793000085745,-0.35101452469825745,0.951696515083313,0.032368261367082596,0.07317634671926498,0.2161344587802887,0.17747247219085693,0.9573060274124146
4.041170199998305,-0.34966400265693665,0.9516454935073853,0.0318966768682003,0.07311198860406876,0.21715973317623138,0.1787576973438263,0.9568396210670471
4.045142900009523,-0.34841665625572205,0.9515917301177979,0.03131745010614395,0.07281523197889328,0.21877795457839966,0.17910733819007874,0.9564281105995178
4.049028300010832,-0.3472740650177002,0.9515385031700134,0.030747493728995323,0.0734410285949707,0.21939103305339813,0.17903314530849457,0.9562537670135498
4.054650200007018,-0.34608906507492065,0.9514108300209045,0.030247706919908524,0.0733761191368103,0.2211674600839615,0.18017491698265076,0.9556348323822021
4.0590343000076246,-0.345012903213501,0.9513258934020996,0.029698161408305168,0.07460226118564606,0.22157609462738037,0.1800653487443924,0.9554658532142639
4.063138500001514,-0.3439852297306061,0.9512007832527161,0.029146933928132057,0.0744011178612709,0.22278308868408203,0.18032173812389374,0.9551524519920349
4.06745280000905,-0.34302031993865967,0.951090931892395,0.028585435822606087,0.0752120167016983,0.22377222776412964,0.1807321459054947,0.954780101776123
4.0756567000062205,-0.3412862718105316,0.9508453011512756,0.027511024847626686,0.07609838992357254,0.22473575174808502,0.1819618195295334,0.9542498588562012
4.081912800000282,-0.33968064188957214,0.9505258202552795,0.026393666863441467,0.0762745812535286,0.22505512833595276,0.18406449258327484,0.9537571668624878
4.0867237000056775,-0.3390240967273712,0.9503710269927979,0.02588554471731186,0.07693468779325485,0.22533777356147766,0.1845746785402298,0.953538715839386
4.090487699999358,-0.33837977051734924,0.950130045413971,0.025230109691619873,0.07717938721179962,0.2249089777469635,0.18542492389678955,0.9534552693367004
4.094599600008223,-0.33778783679008484,0.9499168992042542,0.024722227826714516,0.07729548960924149,0.22460302710533142,0.18653836846351624,0.9533008337020874
4.098761100001866,-0.3372316360473633,0.9497116208076477,0.02409919910132885,0.0773225799202919,0.22490136325359344,0.18542636930942535,0.9534451961517334
4.102888100009295,-0.33669590950012207,0.9494928121566772,0.02354254573583603,0.07819215953350067,0.22527353465557098,0.18508315086364746,0.9533530473709106
4.107091500001843,-0.33623382449150085,0.9491494297981262,0.02298649400472641,0.07812479883432388,0.22488169372081757,0.18558111786842346,0.9533543586730957
4.111260100005893,-0.33584463596343994,0.9488000273704529,0.022345099598169327,0.07792730629444122,0.2240532636642456,0.18674544990062714,0.9533381462097168
4.115531300005387,-0.3354759216308594,0.9485304951667786,0.0218205563724041,0.07811028510332108,0.22394447028636932,0.18734149634838104,0.9532317519187927
4.1195637000055285,-0.3351183831691742,0.9482162594795227,0.02120971493422985,0.0784340500831604,0.22414901852607727,0.18758907914161682,0.9531084895133972
4.123731300001964,-0.33486035466194153,0.9478684067726135,0.020665155723690987,0.07942190766334534,0.22353434562683105,0.18745076656341553,0.953198254108429
4.128515300006256,-0.33462706208229065,0.9475151896476746,0.020140234380960464,0.08047691732645035,0.22363963723182678,0.1866849958896637,0.9532353281974792
4.131913200006238,-0.33443909883499146,0.9470917582511902,0.019555866718292236,0.08101484179496765,0.22318877279758453,0.18594981729984283,0.9534391164779663
4.136121900010039,-0.3342818319797516,0.9467176795005798,0.019024286419153214,0.08114174753427505,0.22265252470970154,0.18607409298419952,0.9535293579101562
4.140256500002579,-0.33418190479278564,0.9463146924972534,0.018437393009662628,0.08143804967403412,0.2226022481918335,0.1859283745288849,0.9535443186759949
4.144724500001757,-0.3341296911239624,0.9458581209182739,0.017884090542793274,0.08304253220558167,0.2218094766139984,0.18637658655643463,0.9535031914710999
4.148829400000977,-0.3341137170791626,0.9454533457756042,0.01737377792596817,0.0843127965927124,0.22089235484600067,0.186429962515831,0.9535941481590271
4.152874600011273,-0.33411672711372375,0.9449359178543091,0.01682024449110031,0.08439884334802628,0.21997107565402985,0.18810869753360748,0.9534698128700256
4.158707800001139,-0.33413615822792053,0.9444641470909119,0.016333825886249542,0.08523178845643997,0.21913427114486694,0.18896132707595825,0.9534198045730591
4.165310100011993,-0.3342837691307068,0.9434381723403931,0.015295403078198433,0.08706910908222198,0.21819737553596497,0.1882372349500656,0.9536118507385254
4.169782700002543,-0.33444127440452576,0.9428949952125549,0.01479342021048069,0.0894131064414978,0.21818995475769043,0.18640559911727905,0.9537565112113953
4.173752300004708,-0.33458468317985535,0.9423425793647766,0.01432543620467186,0.08962049335241318,0.21709594130516052,0.1886642873287201,0.9535425901412964
4.177848100007395,-0.3347393572330475,0.9418522715568542,0.013854936696588993,0.09095190465450287,0.21646790206432343,0.1888791173696518,0.9535166621208191
4.182016000006115,-0.33491483330726624,0.9412619471549988,0.01335818786174059,0.09217483550310135,0.21596378087997437,0.1893804669380188,0.9534142017364502
4.186124500003643,-0.33511975407600403,0.9407148957252502,0.012881106697022915,0.09400328248739243,0.21591180562973022,0.18908096849918365,0.9533068537712097
4.190556100002141,-0.3353784382343292,0.940140426158905,0.012385150417685509,0.09489834308624268,0.21530413627624512,0.18994440138339996,0.9531838893890381
4.194424700006493,-0.3356572091579437,0.9396175742149353,0.011879216879606247,0.09679250419139862,0.21587911248207092,0.1874423772096634,0.9533587694168091
4.204118499998003,-0.33624109625816345,0.9385049343109131,0.010965932160615921,0.09972276538610458,0.2150936871767044,0.18703792989253998,0.9533136487007141
4.20786950000911,-0.33659905195236206,0.93795245885849,0.010470952838659286,0.09977036714553833,0.2141246348619461,0.18837551772594452,0.953263521194458
4.2115506999980425,-0.33696937561035156,0.9373918771743774,0.010041472502052784,0.1018245592713356,0.21341881155967712,0.18682871758937836,0.9535088539123535
4.215326500008814,-0.3373167812824249,0.9369043111801147,0.00958704762160778,0.10255051404237747,0.21300595998764038,0.18683557212352753,0.9535220265388489
4.219468600000255,-0.3377384841442108,0.9364228844642639,0.009117229841649532,0.10336019843816757,0.21288742125034332,0.18654301762580872,0.9535184502601624
4.223552200011909,-0.3381325900554657,0.935943603515625,0.008666877634823322,0.1054210364818573,0.21295620501041412,0.1846020221710205,0.9536551237106323
4.227896399999736,-0.33855894207954407,0.9354789853096008,0.008201239630579948,0.10636415332555771,0.21303075551986694,0.18340255320072174,0.9537652134895325
4.231976000010036,-0.3390352129936218,0.9349960684776306,0.007717765402048826,0.10825619101524353,0.2128836214542389,0.18173754215240479,0.9539039134979248
4.236350799998036,-0.339541494846344,0.9345566630363464,0.007272752933204174,0.10857227444648743,0.21125714480876923,0.18144817650318146,0.9542845487594604
4.240543799998704,-0.3400161862373352,0.9341466426849365,0.0068563614040613174,0.10946977883577347,0.21090763807296753,0.18144237995147705,0.9542604684829712
4.244994500011671,-0.340512216091156,0.9337648153305054,0.006418005563318729,0.10949132591485977,0.21012979745864868,0.18214206397533417,0.9542962908744812
4.248597099998733,-0.34104686975479126,0.933357834815979,0.005969468969851732,0.11069948226213455,0.21022598445415497,0.1810365617275238,0.9543461203575134
4.257146600008127,-0.3421366214752197,0.9326582551002502,0.005090939812362194,0.11144514381885529,0.20830173790454865,0.18007969856262207,0.954862117767334
4.261800500011304,-0.342703253030777,0.9323382377624512,0.004655615426599979,0.11101095378398895,0.20752322673797607,0.18064504861831665,0.954975426197052
4.265970500011463,-0.3433322310447693,0.9320569038391113,0.004258817061781883,0.11262944340705872,0.20742513239383698,0.17875652015209198,0.955162525177002
4.2734191000054125,-0.34454935789108276,0.9314996004104614,0.0034558861516416073,0.11411084979772568,0.20595495402812958,0.17689642310142517,0.9556511044502258
4.277723500010325,-0.3451595604419708,0.9312728047370911,0.003088665660470724,0.1149861216545105,0.20474527776241302,0.17656341195106506,0.9558676481246948
4.281849700011662,-0.34581735730171204,0.9310768246650696,0.0027225755620747805,0.11501255631446838,0.20389920473098755,0.1763830929994583,0.9560786485671997
4.285895200009691,-0.34653156995773315,0.9308679699897766,0.0022689413744956255,0.11565223336219788,0.20398101210594177,0.1742156445980072,0.9563813209533691
4.290105500011123,-0.34714850783348083,0.930717945098877,0.001937172026373446,0.11603750288486481,0.202890545129776,0.17356766760349274,0.956684410572052
4.298044499999378,-0.34856176376342773,0.9304698705673218,0.0012072736863046885,0.11569827795028687,0.2009010761976242,0.17298461496829987,0.9572507739067078
4.302642000009655,-0.3492735028266907,0.9303703904151917,0.0008671499672345817,0.11598295718431473,0.19985449314117432,0.1724981814622879,0.9575231075286865
4.3067620000074385,-0.3500116765499115,0.9302610754966736,0.0004596908111125231,0.11539861559867859,0.19845707714557648,0.17277392745018005,0.9578346014022827
4.311107600005926,-0.3507257401943207,0.9302248358726501,0.00014879414811730385,0.11604002863168716,0.19831500947475433,0.17207226157188416,0.9579129219055176
4.315961900007096,-0.35147181153297424,0.9301834106445312,-0.0002154828980565071,0.11617783457040787,0.19665135443210602,0.17219533026218414,0.9582170248031616
4.319421400010469,-0.3522464632987976,0.9301444292068481,-0.0005271208938211203,0.1155412346124649,0.19520211219787598,0.17157401144504547,0.9587016701698303
4.3227645000006305,-0.3522464632987976,0.9301444292068481,-0.0005271208938211203,0.1155412346124649,0.19520211219787598,0.17157401144504547,0.9587016701698303
4.326183800003491,-0.3530016243457794,0.930132269859314,-0.0008632115786895156,0.11642415821552277,0.1945822536945343,0.17025643587112427,0.9589556455612183
4.330719000005047,-0.3537569046020508,0.9301320910453796,-0.0011745222145691514,0.11562494933605194,0.19329619407653809,0.1699850857257843,0.9593604803085327
4.334862300005625,-0.3545268476009369,0.9301325082778931,-0.0014545232988893986,0.11564244329929352,0.19166505336761475,0.17045685648918152,0.9596019387245178
4.3400064000015846,-0.35610929131507874,0.9302686452865601,-0.0020627034828066826,0.11509311944246292,0.18992392718791962,0.1688842922449112,0.9602919816970825
4.344579100012197,-0.35689684748649597,0.9303160309791565,-0.0022986335679888725,0.114589624106884,0.1881909966468811,0.1689668595790863,0.96067875623703
4.348714400010067,-0.3577609956264496,0.9304253458976746,-0.0025372616946697235,0.11583911627531052,0.1860356628894806,0.16820302605628967,0.9610826373100281
4.352233099998557,-0.3577609956264496,0.9304253458976746,-0.0025372616946697235,0.11583911627531052,0.1860356628894806,0.16820302605628967,0.9610826373100281
4.356581600004574,-0.3593846559524536,0.9306832551956177,-0.0030451223719865084,0.1151386946439743,0.18192234635353088,0.16920217871665955,0.9617785215377808
4.361053600005107,-0.36014512181282043,0.9307959079742432,-0.003245643340051174,0.11445837467908859,0.18075646460056305,0.1697290688753128,0.9619867205619812
4.365221300002304,-0.3610215187072754,0.9309093952178955,-0.0035676772240549326,0.11340679973363876,0.17873917520046234,0.1694461554288864,0.9625380039215088
4.37370570001076,-0.3626765310764313,0.9311707019805908,-0.0040618353523314,0.11263804882764816,0.17459385097026825,0.16902028024196625,0.963463544845581
4.377920800005086,-0.36354878544807434,0.9313097596168518,-0.00429139519110322,0.11249423772096634,0.1737944781780243,0.1670977920293808,0.9639600515365601
4.3820120000018505,-0.36439624428749084,0.9314217567443848,-0.004537546541541815,0.1103627011179924,0.1705918312072754,0.16763071715831757,0.9646857380867004
4.386495500002638,-0.3651949167251587,0.9315351843833923,-0.004749111831188202,0.11026758700609207,0.16949373483657837,0.16664858162403107,0.9650602340698242
4.390450400009286,-0.36610186100006104,0.9317341446876526,-0.004960004240274429,0.10850892215967178,0.16719955205917358,0.165963813662529,0.965777575969696
4.394563699999708,-0.36692944169044495,0.9319615960121155,-0.005123823415488005,0.10898575186729431,0.16537246108055115,0.1646399050951004,0.9662649631500244
4.398637100006454,-0.36786267161369324,0.9321156144142151,-0.0052806055173277855,0.10919800400733948,0.1631537228822708,0.16309869289398193,0.9668793082237244
4.4026924000063445,-0.36873728036880493,0.9322456121444702,-0.0054488470777869225,0.10718338936567307,0.16141803562641144,0.163387730717659,0.9673471450805664
4.407310300011886,-0.36965450644493103,0.9323655366897583,-0.005644539836794138,0.10708943754434586,0.15889033675193787,0.16179496049880981,0.9680434465408325
4.411136100010481,-0.37060776352882385,0.9325464963912964,-0.005783601198345423,0.10719525814056396,0.15769456326961517,0.16111205518245697,0.9683411717414856
4.415290900011314,-0.3715013563632965,0.9326956272125244,-0.005912088789045811,0.10580315440893173,0.15433679521083832,0.16165348887443542,0.968944787979126
4.419568400000571,-0.37245962023735046,0.9328245520591736,-0.006009212229400873,0.10562461614608765,0.1516016125679016,0.1625649333000183,0.969243586063385
4.423647400006303,-0.3734137713909149,0.9329314827919006,-0.006103117950260639,0.10473615676164627,0.14892536401748657,0.16255328059196472,0.9697567224502563
4.428159200004302,-0.37433162331581116,0.9330964684486389,-0.006186376325786114,0.10484249144792557,0.14657416939735413,0.16214320063591003,0.9701719284057617
4.432103600003757,-0.3753296136856079,0.933251142501831,-0.006231202743947506,0.10431650280952454,0.14455987513065338,0.16214381158351898,0.9705308079719543
4.4363165000104345,-0.3762672543525696,0.9333425164222717,-0.006274234037846327,0.10380694270133972,0.14220832288265228,0.16164208948612213,0.9710164070129395
4.440433600000688,-0.3772588074207306,0.9334380030632019,-0.006345847621560097,0.10287556797266006,0.1390864998102188,0.16187725961208344,0.9715283513069153
4.444324299998698,-0.3782186210155487,0.9335753917694092,-0.006387744098901749,0.10373669117689133,0.1365605741739273,0.16019809246063232,0.9720733165740967
4.448350400009076,-0.3792005479335785,0.9337029457092285,-0.006439717952162027,0.10340210050344467,0.13422255218029022,0.16015522181987762,0.9724416136741638
4.452806200002669,-0.3801407516002655,0.9337975382804871,-0.006438832730054855,0.10268272459506989,0.13163377344608307,0.15966670215129852,0.9729518890380859
4.457242900010897,-0.38117966055870056,0.9338935613632202,-0.006391491275280714,0.10330580919981003,0.12908990681171417,0.15854346752166748,0.9734103083610535
4.461279299997841,-0.3821027874946594,0.9339604377746582,-0.006404038518667221,0.10306429862976074,0.12603962421417236,0.1591229885816574,0.9737411141395569
4.465323399999761,-0.3830674886703491,0.9340419173240662,-0.006373921874910593,0.10266995429992676,0.1238907054066658,0.15862077474594116,0.9741404056549072
4.469788800008246,-0.3840113580226898,0.9340989589691162,-0.006365037057548761,0.10231675952672958,0.12160443514585495,0.158381387591362,0.9745044708251953
4.474863200011896,-0.38489794731140137,0.9341512322425842,-0.00626353221014142,0.10265165567398071,0.11904939264059067,0.1579786241054535,0.9748501181602478
4.478495600007591,-0.3858720362186432,0.9342441558837891,-0.006199715659022331,0.1027272492647171,0.11723419278860092,0.15689052641391754,0.9752377867698669
4.482336000000942,-0.38678592443466187,0.9342601895332336,-0.00623351288959384,0.10276175290346146,0.11570971459150314,0.15515708923339844,0.9756933450698853
4.486090899998089,-0.38769206404685974,0.9343046545982361,-0.006159852258861065,0.10175029188394547,0.1132926493883133,0.15579257905483246,0.9759817123413086
4.490270100010093,-0.38856998085975647,0.9343634843826294,-0.006134793162345886,0.10149063169956207,0.11125507950782776,0.1565294861793518,0.9761252403259277
4.494286000001011,-0.3894776403903961,0.9344546794891357,-0.006011441349983215,0.1010800153017044,0.10953684896230698,0.1559409350156784,0.976456344127655
4.49857380001049,-0.3903082609176636,0.9344918131828308,-0.005947440396994352,0.10187770426273346,0.10829036682844162,0.15445876121520996,0.976747989654541
4.501894700006233,-0.3903082609176636,0.9344918131828308,-0.005947440396994352,0.10187770426273346,0.10829036682844162,0.15445876121520996,0.976747989654541
4.505467499999213,-0.39116811752319336,0.9345438480377197,-0.005869760178029537,0.1008666604757309,0.10634450614452362,0.15482085943222046,0.9770093560218811
4.510993400006555,-0.39283260703086853,0.934611439704895,-0.005717872641980648,0.10062237828969955,0.10216981917619705,0.15413996577262878,0.9775875210762024
4.51569310000923,-0.3936222195625305,0.9346610903739929,-0.005632988177239895,0.09977637231349945,0.10058870166540146,0.15503272414207458,0.9776970148086548
4.519435200010776,-0.3944181799888611,0.9347283244132996,-0.005544676445424557,0.09982170909643173,0.09897159039974213,0.15369001030921936,0.9780693650245667
4.524172400007956,-0.395163357257843,0.9347659349441528,-0.005436629522591829,0.100350022315979,0.09740602225065231,0.15203949809074402,0.9784303903579712
4.527871600002982,-0.3959047496318817,0.9348415732383728,-0.005359163042157888,0.10013183206319809,0.09601280838251114,0.1517687886953354,0.9786324501037598
4.5320342000050005,-0.39663103222846985,0.9349005222320557,-0.0052556428126990795,0.09862665086984634,0.09456045925617218,0.15124857425689697,0.9790071845054626
4.53608940000413,-0.3973320424556732,0.9349778890609741,-0.005169871728867292,0.10010402649641037,0.09357522428035736,0.14874595403671265,0.9793353080749512
4.5404642000066815,-0.39801448583602905,0.935063362121582,-0.0050691235810518265,0.09970560669898987,0.09220687299966812,0.14841578900814056,0.9795557856559753
4.54483590000018,-0.3987148702144623,0.93511563539505,-0.004993445705622435,0.0996762216091156,0.09114526212215424,0.1474991887807846,0.9797965884208679
4.5486628000071505,-0.3993777632713318,0.9352372884750366,-0.00488524604588747,0.09990567713975906,0.08938563615083694,0.14662611484527588,0.9800662398338318
4.553315099998144,-0.39998579025268555,0.9353228807449341,-0.004786358214914799,0.09967421740293503,0.08812684565782547,0.14588040113449097,0.9803151488304138
4.558387900004163,-0.4005747139453888,0.9354270696640015,-0.004670008085668087,0.09904582053422928,0.08732974529266357,0.14528121054172516,0.980539083480835
4.561931500007631,-0.4011838734149933,0.9355691075325012,-0.004607711918652058,0.09897828102111816,0.08558300882577896,0.14349161088466644,0.9809633493423462
4.565473700000439,-0.40171509981155396,0.9357094168663025,-0.004489775747060776,0.09896641969680786,0.08481664955615997,0.141951784491539,0.981255054473877
4.5746152000065194,-0.40274524688720703,0.9359862804412842,-0.004232112783938646,0.09874189645051956,0.08306726813316345,0.13898266851902008,0.9818522334098816
4.578380899998592,-0.40274524688720703,0.9359862804412842,-0.004232112783938646,0.09874189645051956,0.08306726813316345,0.13898266851902008,0.9818522334098816
4.582317000007606,-0.40326207876205444,0.936161458492279,-0.004152013920247555,0.09851096570491791,0.08204799145460129,0.13908039033412933,0.9819473028182983
4.586241900004097,-0.40417203307151794,0.9365099668502808,-0.003978388383984566,0.098141148686409,0.08079095184803009,0.13661600649356842,0.9824343919754028
4.59059750000597,-0.404596745967865,0.9367080330848694,-0.003878133138641715,0.09782911837100983,0.0798826739192009,0.13512426614761353,0.9827460050582886
4.594628800012288,-0.4050231873989105,0.9369122982025146,-0.0037779253907501698,0.09882175177335739,0.07970111072063446,0.13258561491966248,0.9830071330070496
4.599482200006605,-0.40543025732040405,0.9371709227561951,-0.003682758891955018,0.0985318198800087,0.07956517487764359,0.13142088055610657,0.983203649520874
4.602886400010902,-0.4058374762535095,0.9374029040336609,-0.0036517099943012,0.09863176196813583,0.0783526822924614,0.13061568140983582,0.9833982586860657
4.607010100007756,-0.4062475264072418,0.937635064125061,-0.0036048912443220615,0.09789251536130905,0.07773303240537643,0.12994727492332458,0.9836099147796631
4.611137500003679,-0.4066339433193207,0.937885582447052,-0.0035905884578824043,0.09713316708803177,0.07769512385129929,0.12931354343891144,0.9837716221809387
4.615443600006984,-0.4070022702217102,0.9381262063980103,-0.0035526647698134184,0.09635568410158157,0.07721548527479172,0.1288435459136963,0.9839475154876709
4.619749300007243,-0.40735238790512085,0.9383769631385803,-0.0035151762422174215,0.09584730118513107,0.07678396999835968,0.12743332982063293,0.9842145442962646
4.623714800007292,-0.40771400928497314,0.9386385679244995,-0.0035420795902609825,0.09512223303318024,0.07585373520851135,0.12720085680484772,0.9843870997428894
4.628097900000284,-0.4080434739589691,0.9389527440071106,-0.0035558268427848816,0.09339205920696259,0.0753450095653534,0.1269335150718689,0.984626293182373
4.63201349999872,-0.40830695629119873,0.9392898082733154,-0.003581973258405924,0.09268616139888763,0.075074702501297,0.12501850724220276,0.9849586486816406
4.636554700002307,-0.4085918366909027,0.939612627029419,-0.0036188308149576187,0.09177564084529877,0.0744418278336525,0.12428776919841766,0.9851843118667603
4.64047450000362,-0.40886297821998596,0.9399433732032776,-0.003677832894027233,0.09119528532028198,0.07396034151315689,0.1227337196469307,0.985469400882721
4.644376600001124,-0.40912336111068726,0.9402754902839661,-0.003765546716749668,0.08970872312784195,0.07321024686098099,0.12128414958715439,0.9858411550521851
4.648457800009055,-0.40933236479759216,0.9405876994132996,-0.003809477901086211,0.08855073899030685,0.07269355654716492,0.11965622007846832,0.9861829280853271
4.652737500000512,-0.4095070958137512,0.9409056901931763,-0.0038803769275546074,0.08822739869356155,0.0725223571062088,0.11756915599107742,0.9864754676818848
4.656916699997964,-0.4096730649471283,0.9412534832954407,-0.003955339081585407,0.08627981692552567,0.07221394777297974,0.11645730584859848,0.9868022799491882
4.661482100011199,-0.4098286032676697,0.9416303634643555,-0.004016129765659571,0.0861637070775032,0.07238432765007019,0.11383848637342453,0.9871054887771606
4.665429800006677,-0.4099706709384918,0.9420028328895569,-0.004102102480828762,0.08526719361543655,0.07269636541604996,0.11198928952217102,0.9873719215393066
4.669491699998616,-0.41010987758636475,0.9423198103904724,-0.004208200145512819,0.08416500687599182,0.07237014174461365,0.11102715134620667,0.9875990152359009
4.6734967000084,-0.4102250039577484,0.9426625370979309,-0.004323681816458702,0.08294998109340668,0.07203275710344315,0.10980472713708878,0.9878631830215454
4.678529900003923,-0.41035890579223633,0.9429982900619507,-0.00442927610129118,0.08128084987401962,0.07159440219402313,0.10966337472200394,0.9880494475364685
4.682186700010789,-0.4104810059070587,0.9432902336120605,-0.004546037875115871,0.08043473213911057,0.07129216194152832,0.10885143280029297,0.9882303476333618
4.6860797999979695,-0.41060879826545715,0.9435670971870422,-0.004651723429560661,0.07943380624055862,0.07102269679307938,0.10804376006126404,0.9884192943572998
4.690190000008442,-0.41071251034736633,0.9438401460647583,-0.004734794143587351,0.07874930649995804,0.07092669606208801,0.10674281418323517,0.9886223077774048
4.694209500012221,-0.41080108284950256,0.9441747665405273,-0.004817652516067028,0.07977846264839172,0.07132406532764435,0.10303828865289688,0.9889041781425476
4.69862870000361,-0.41089197993278503,0.9444811940193176,-0.004956484772264957,0.08025195449590683,0.0713949054479599,0.10062401741743088,0.9891092777252197
4.70313230001193,-0.4109679162502289,0.9447643160820007,-0.005040363874286413,0.07954265177249908,0.07132237404584885,0.09928008913993835,0.989307701587677
4.706947600003332,-0.4110242426395416,0.9450785517692566,-0.005148924887180328,0.07822813093662262,0.0712343379855156,0.09880875051021576,0.9894659519195557
4.711029199999757,-0.4111102819442749,0.9453521966934204,-0.005259586963802576,0.07702596485614777,0.07067447155714035,0.09839098900556564,0.9896420836448669
4.715228100001696,-0.4111988842487335,0.9456309080123901,-0.0054303910583257675,0.07585284858942032,0.07007491588592529,0.09870652109384537,0.9897438883781433
4.719591200002469,-0.41125714778900146,0.9458856582641602,-0.005570953246206045,0.07561066001653671,0.0694112628698349,0.097507543861866,0.9899279475212097
4.723947100006626,-0.4113175868988037,0.9461466670036316,-0.005743354093283415,0.07511314004659653,0.06873777508735657,0.09670041501522064,0.9900919795036316
4.727793500002008,-0.41134005784988403,0.9464636445045471,-0.005899521056562662,0.0766025260090828,0.0686587542295456,0.09298209846019745,0.9903395175933838
4.7318624000035925,-0.4113566279411316,0.9467090964317322,-0.00603782432153821,0.07616320997476578,0.06845483928918839,0.09173012524843216,0.9905043244361877
4.735894700002973,-0.4113493263721466,0.9470045566558838,-0.006199285387992859,0.07432380318641663,0.06817910820245743,0.09098359942436218,0.9907318353652954
4.740556500008097,-0.41139042377471924,0.9472734332084656,-0.00639081746339798,0.07337663322687149,0.06785405427217484,0.08970209211111069,0.99094158411026
4.744581400009338,-0.4113684892654419,0.9475337266921997,-0.006562827620655298,0.07231482863426208,0.06765199452638626,0.08857287466526031,0.9911351203918457
4.748593800002709,-0.4113726019859314,0.9477892518043518,-0.006778651382774115,0.07151973247528076,0.06744786351919174,0.08762641996145248,0.991290807723999
4.752631900002598,-0.41136157512664795,0.9480401277542114,-0.007005901075899601,0.07121835649013519,0.06727180629968643,0.08663350343704224,0.9914116859436035
4.756768300008844,-0.4113312363624573,0.9482720494270325,-0.00721324747428298,0.07074527442455292,0.06704829633235931,0.08549785614013672,0.9915593266487122
4.761023600003682,-0.41128912568092346,0.9486420154571533,-0.007438052911311388,0.07057973742485046,0.06698109954595566,0.08209296315908432,0.9918632507324219
4.765322400009609,-0.4112333059310913,0.9489172697067261,-0.007650809828191996,0.06911483407020569,0.06704358756542206,0.08073093742132187,0.9920740723609924
4.769440300005954,-0.411210834980011,0.9491653442382812,-0.007882799953222275,0.06837283074855804,0.06688681989908218,0.0796850323677063,0.9922205805778503
4.773695000010775,-0.4111636281013489,0.949430525302887,-0.008109033107757568,0.06829316169023514,0.06632799655199051,0.07815949618816376,0.9923849105834961
4.777956200006884,-0.4111163318157196,0.9496734142303467,-0.008376732468605042,0.06795956194400787,0.06620704382658005,0.07706891000270844,0.9925011992454529
4.7820157000096515,-0.41101622581481934,0.9499310255050659,-0.008639911189675331,0.0677557960152626,0.06623807549476624,0.07578198611736298,0.9926120638847351
4.7860263000038685,-0.4109085202217102,0.9502028822898865,-0.008923891000449657,0.06670680642127991,0.06584189087152481,0.07470718026161194,0.9927909970283508
4.790355400007684,-0.41080009937286377,0.9505503177642822,-0.009169752709567547,0.06679011881351471,0.06622451543807983,0.07107264548540115,0.9930267930030823
4.794513500004541,-0.4107166826725006,0.9507840275764465,-0.009447970427572727,0.06705292314291,0.06611621379852295,0.06878676265478134,0.9931771755218506
4.798506899998756,-0.41062089800834656,0.9510306119918823,-0.009716822765767574,0.06693489104509354,0.06597733497619629,0.06685614585876465,0.9933262467384338
4.802734600001713,-0.41051048040390015,0.9512820839881897,-0.009989268146455288,0.06513866782188416,0.06617460399866104,0.06622114777565002,0.993475079536438
4.807821800000966,-0.4104207456111908,0.9514968991279602,-0.010249432176351547,0.0642448216676712,0.06601902842521667,0.06587188690900803,0.9935668110847473
4.811271900005522,-0.4103199541568756,0.9517072439193726,-0.010519398376345634,0.06413836777210236,0.06611564010381699,0.06539147347211838,0.9935990571975708
4.815368399998988,-0.41026052832603455,0.9518908858299255,-0.010780244134366512,0.06424030661582947,0.06611809879541397,0.06501180678606033,0.9936171770095825
4.819577600006596,-0.4102073013782501,0.9521166682243347,-0.011027396656572819,0.06291677802801132,0.0664897933602333,0.06495688855648041,0.9936807155609131
4.823743900007685,-0.41014498472213745,0.9523493051528931,-0.011324845254421234,0.06241895258426666,0.06666604429483414,0.06439977139234543,0.9937365055084229
4.82794190000277,-0.4100583791732788,0.952594518661499,-0.011557646095752716,0.06431116163730621,0.06702432781457901,0.06138790026307106,0.9937824010848999
4.832052600002498,-0.4100111126899719,0.9527434706687927,-0.011799229308962822,0.06398328393697739,0.06673544645309448,0.06167202070355415,0.9938054084777832
4.836301300005289,-0.4099937379360199,0.9528937339782715,-0.012063955888152122,0.06416687369346619,0.06635861098766327,0.06149957329034805,0.9938294291496277
4.840617000008933,-0.40996140241622925,0.9530211687088013,-0.012315168045461178,0.06395088881254196,0.06661834567785263,0.06173276901245117,0.9938115477561951
4.844811600007233,-0.40990856289863586,0.9531651735305786,-0.01259643491357565,0.06404361873865128,0.0667572021484375,0.062066689133644104,0.993775486946106
4.848762000008719,-0.4098767936229706,0.9532808065414429,-0.012865031138062477,0.06390908360481262,0.06691356748342514,0.062015313655138016,0.993776798248291
4.852888200010057,-0.4098301827907562,0.9534507989883423,-0.013150799088180065,0.06381595879793167,0.06717552989721298,0.06144178286194801,0.9938008189201355
4.857325300006778,-0.40978553891181946,0.9536055326461792,-0.013422057963907719,0.06371288746595383,0.06732787191867828,0.06089715287089348,0.9938306212425232
4.861274200011394,-0.4097163677215576,0.9537456631660461,-0.013712418265640736,0.06343340873718262,0.06691496074199677,0.06147041916847229,0.9938410520553589
4.86539520000224,-0.4096571207046509,0.953933596611023,-0.013964859768748283,0.06196198984980583,0.0669746845960617,0.06191655993461609,0.9939021468162537
4.869850800008862,-0.4096571207046509,0.953933596611023,-0.013964859768748283,0.06196198984980583,0.0669746845960617,0.06191655993461609,0.9939021468162537
4.8737810000020545,-0.4096571207046509,0.953933596611023,-0.013964859768748283,0.06196198984980583,0.0669746845960617,0.06191655993461609,0.9939021468162537
4.87998990000051,-0.4096111059188843,0.9540714621543884,-0.014236250892281532,0.06490817666053772,0.0669548362493515,0.060042865574359894,0.9938304424285889
4.884578900004271,-0.4093169569969177,0.9545637369155884,-0.015138572081923485,0.06130142882466316,0.06700468808412552,0.06219397857785225,0.9939237833023071
4.890547500006505,-0.40918129682540894,0.9549338221549988,-0.015750832855701447,0.062473658472299576,0.06741355359554291,0.0595172718167305,0.993986964225769
4.894590800002334,-0.40911778807640076,0.9550745487213135,-0.016053849831223488,0.06210194155573845,0.0675867423415184,0.05962014198303223,0.9939923882484436
4.899284900006023,-0.40906578302383423,0.9551984071731567,-0.016392907127738,0.06212378665804863,0.06742976605892181,0.05974583700299263,0.9939941763877869
4.903832700001658,-0.40895649790763855,0.9553514122962952,-0.016718337312340736,0.06090475991368294,0.06771446764469147,0.06057504191994667,0.9940000772476196
4.907345800005714,-0.40891775488853455,0.9554943442344666,-0.017096832394599915,0.06005926802754402,0.06792248040437698,0.06061404198408127,0.9940349459648132
4.9111810000031255,-0.408905953168869,0.9556759595870972,-0.01742526702582836,0.061316996812820435,0.06821521371603012,0.05746414139866829,0.9941251277923584
4.915943900006823,-0.4088737964630127,0.9557825326919556,-0.017736611887812614,0.060619890689849854,0.06821118295192719,0.05796494707465172,0.9941390752792358
4.919606200011913,-0.4088418781757355,0.9558939933776855,-0.018091531470417976,0.05796244367957115,0.06851856410503387,0.05970936641097069,0.9941731691360474
4.923501900004339,-0.4088495671749115,0.9560257792472839,-0.018403349444270134,0.06065211445093155,0.06871775537729263,0.057092368602752686,0.9941527843475342
4.9277470000088215,-0.4088283181190491,0.9561535716056824,-0.018726060166954994,0.06066837161779404,0.0688190907239914,0.057360608130693436,0.9941293001174927
4.932008500007214,-0.4088064730167389,0.9563035368919373,-0.01904848963022232,0.05903296545147896,0.06862077862024307,0.05854973569512367,0.9941721558570862
4.936081500010914,-0.40882670879364014,0.9564160108566284,-0.019393570721149445,0.05870845541357994,0.06832606345415115,0.059062410145998,0.9941813349723816
4.940654600010021,-0.408857524394989,0.9565315246582031,-0.019686104729771614,0.057185880839824677,0.06793492287397385,0.06064029783010483,0.9942019581794739
4.94923949999793,-0.4089461863040924,0.9566770792007446,-0.020280521363019943,0.056382402777671814,0.06795164942741394,0.06247657909989357,0.994132936000824
4.952829500005464,-0.4089924991130829,0.9567493796348572,-0.020561352372169495,0.056754130870103836,0.06781170517206192,0.06304411590099335,0.9940855503082275
4.956887799999095,-0.4090316593647003,0.9568246006965637,-0.02082958072423935,0.05681740492582321,0.06805813312530518,0.06391549855470657,0.9940093755722046
4.960602899998776,-0.4090316593647003,0.9568246006965637,-0.02082958072423935,0.05681740492582321,0.06805813312530518,0.06391549855470657,0.9940093755722046
4.9652292000100715,-0.40914031863212585,0.9569379687309265,-0.021402008831501007,0.05682520568370819,0.06818020343780518,0.06554241478443146,0.993894636631012
4.9693232999998145,-0.40918686985969543,0.956978976726532,-0.021710436791181564,0.05650109052658081,0.06795618683099747,0.06662026047706604,0.9938568472862244
4.973455500003183,-0.4092389941215515,0.957114577293396,-0.022021012380719185,0.05775243043899536,0.06789295375347137,0.06494853645563126,0.9938998818397522
4.97774990000471,-0.40927866101264954,0.9571734070777893,-0.022307027131319046,0.057630229741334915,0.06728249788284302,0.06572262942790985,0.9938976168632507
4.982448300012038,-0.40930041670799255,0.9572269320487976,-0.0226071048527956,0.05722225457429886,0.06709691137075424,0.06643325835466385,0.993886411190033
4.986455600010231,-0.4093049466609955,0.9573032259941101,-0.022876333445310593,0.05737907439470291,0.06715307384729385,0.06607858836650848,0.9938972592353821
4.990397600005963,-0.40928348898887634,0.9573635458946228,-0.02320396527647972,0.05731065571308136,0.06714436411857605,0.06631380319595337,0.9938861727714539
4.9945779999980005,-0.40923863649368286,0.957463264465332,-0.023498741909861565,0.05716616287827492,0.06717178970575333,0.06597771495580673,0.9939150214195251
4.998635600000853,-0.4092097580432892,0.9575660824775696,-0.02383539453148842,0.05609755963087082,0.06766799837350845,0.06571193784475327,0.9939597845077515
5.002931600000011,-0.40920397639274597,0.9576631784439087,-0.02417406626045704,0.05526210367679596,0.06763160973787308,0.06465738266706467,0.9940782785415649
5.007083300006343,-0.4091701805591583,0.9577885270118713,-0.024556580930948257,0.05386659875512123,0.0680389553308487,0.06435283273458481,0.9941468238830566
5.011399600000004,-0.40914103388786316,0.9578713774681091,-0.024915000423789024,0.05281000956892967,0.06777741760015488,0.06450757384300232,0.9942113757133484
5.015700300005847,-0.4091431796550751,0.9579338431358337,-0.025277189910411835,0.05276700109243393,0.06725626438856125,0.06395645439624786,0.9942845702171326
5.0197481000068365,-0.40911999344825745,0.9579735398292542,-0.025625530630350113,0.05178934335708618,0.06720556318759918,0.06428324431180954,0.9943183064460754
5.028322600002866,-0.4090600311756134,0.9581397771835327,-0.026323743164539337,0.049852073192596436,0.06716611236333847,0.06385564804077148,0.9944475889205933
5.032010900002206,-0.40906205773353577,0.9582061171531677,-0.026666980236768723,0.0491526834666729,0.06735068559646606,0.063787542283535,0.9944743514060974
5.050224899998284,-0.4090180993080139,0.9584545493125916,-0.027919352054595947,0.04534734785556793,0.06620342284440994,0.06457262486219406,0.9946814179420471
5.053930800000671,-0.4090578258037567,0.9585014581680298,-0.028216322883963585,0.04457343742251396,0.06623250246047974,0.06482464075088501,0.9946980476379395
5.057754000008572,-0.40906304121017456,0.9585309624671936,-0.02847449854016304,0.04429941624403,0.06613557040691376,0.06497234106063843,0.9947071671485901
5.061313900005189,-0.4090670943260193,0.9585612416267395,-0.028716012835502625,0.043794047087430954,0.06627961993217468,0.06509695202112198,0.9947117567062378
5.065543000004254,-0.4091155529022217,0.9585791230201721,-0.02897525392472744,0.043783701956272125,0.06595805287361145,0.06535418331623077,0.9947167038917542
5.069717300008051,-0.40914541482925415,0.9585725665092468,-0.029206641018390656,0.04395153000950813,0.06619293242692947,0.06504738330841064,0.9947138428688049
5.073844600003213,-0.4091659486293793,0.958564817905426,-0.029446467757225037,0.04384199157357216,0.06629122793674469,0.06597607582807541,0.9946510195732117
5.0778243000095244,-0.4091736078262329,0.9585492014884949,-0.029669255018234253,0.04374915361404419,0.06631438434123993,0.06597916036844254,0.9946533441543579
5.082373199998983,-0.40918317437171936,0.9585322737693787,-0.029865071177482605,0.04326378554105759,0.06622230261564255,0.06659301370382309,0.9946398138999939
5.086693000004743,-0.40916383266448975,0.9585453867912292,-0.030043983832001686,0.043025776743888855,0.06641063839197159,0.06655412912368774,0.9946401715278625
5.090796500007855,-0.4091588854789734,0.9585643410682678,-0.03024454414844513,0.04281798377633095,0.06649744510650635,0.06671082973480225,0.9946328401565552
5.094485400011763,-0.4091535210609436,0.9585292935371399,-0.03042777255177498,0.042793773114681244,0.06671256572008133,0.0665414109826088,0.9946308135986328
5.098668100006762,-0.409135103225708,0.958504855632782,-0.03058374859392643,0.042900945991277695,0.06685023754835129,0.0663670003414154,0.9946286082267761
5.102799500004039,-0.40913480520248413,0.958450436592102,-0.030745092779397964,0.04335295408964157,0.06677607446908951,0.06577921658754349,0.9946529865264893
5.107060000009369,-0.4091397225856781,0.958404541015625,-0.030877279117703438,0.04344531521201134,0.06685449928045273,0.06616561859846115,0.9946181178092957
5.11065650000819,-0.4091397225856781,0.958404541015625,-0.030877279117703438,0.04344531521201134,0.06685449928045273,0.06616561859846115,0.9946181178092957
5.115453100006562,-0.40916842222213745,0.958220899105072,-0.03116031177341938,0.044429391622543335,0.0668654814362526,0.06533538550138474,0.9946287274360657
5.119578099998762,-0.40917956829071045,0.9580916166305542,-0.031307123601436615,0.04457893595099449,0.0670129656791687,0.0656767413020134,0.9945896863937378
5.12402230000589,-0.4091913104057312,0.9579723477363586,-0.031401168555021286,0.04514367878437042,0.06718745082616806,0.06568653881549835,0.9945517182350159
5.1280296000040835,-0.409181147813797,0.9578552842140198,-0.03151469677686691,0.044707659631967545,0.06708740442991257,0.06652742624282837,0.9945223331451416
5.13215640000999,-0.4092007875442505,0.9577367901802063,-0.03160965070128441,0.04438510164618492,0.06720665097236633,0.06716138869524002,0.9944861531257629
5.136370899999747,-0.4091879427433014,0.9576226472854614,-0.031698908656835556,0.04458896815776825,0.06768728047609329,0.06721474975347519,0.9944408535957336
5.141972099998384,-0.409182071685791,0.9574815034866333,-0.03177598491311073,0.044848017394542694,0.06773579120635986,0.0674092024564743,0.9944127202033997
5.1452499000006355,-0.4091675579547882,0.9573542475700378,-0.03182137757539749,0.04484635218977928,0.06797382235527039,0.06760846078395844,0.9943829774856567
5.149083500000415,-0.4091666042804718,0.9572047591209412,-0.031905435025691986,0.04462788999080658,0.0683247521519661,0.06801991909742355,0.9943406581878662
5.152410599999712,-0.4091666042804718,0.9572047591209412,-0.031905435025691986,0.04462788999080658,0.0683247521519661,0.06801991909742355,0.9943406581878662
5.156752900002175,-0.40917694568634033,0.956873893737793,-0.03199665993452072,0.04547613486647606,0.06886965036392212,0.06782098114490509,0.9942783117294312
5.161186099998304,-0.4091555178165436,0.9567185044288635,-0.032015834003686905,0.04554365202784538,0.0692526325583458,0.06778479367494583,0.994251012802124
5.165360700004385,-0.40916523337364197,0.9565296173095703,-0.03207414224743843,0.045601196587085724,0.06960456818342209,0.06804108619689941,0.9942063093185425
5.1694543000048725,-0.40916764736175537,0.9563747048377991,-0.03209536522626877,0.04578474536538124,0.06989247351884842,0.06820464879274368,0.9941664934158325
5.173977500002366,-0.40916696190834045,0.9562220573425293,-0.03211536258459091,0.046074919402599335,0.07021370530128479,0.06828144192695618,0.9941251277923584
5.177894699998433,-0.4091681241989136,0.9560164213180542,-0.03213705122470856,0.045903317630290985,0.07030767947435379,0.06948554515838623,0.9940430521965027
5.18186820000119,-0.4091670513153076,0.9558555483818054,-0.03212933987379074,0.046496741473674774,0.07053660601377487,0.06973256915807724,0.9939818978309631
5.18595749999804,-0.409130334854126,0.9556931257247925,-0.032089315354824066,0.047972988337278366,0.07132779806852341,0.0691898912191391,0.9938932657241821
5.19063750001078,-0.4091302156448364,0.9555020928382874,-0.032047759741544724,0.049022212624549866,0.07152710109949112,0.06909133493900299,0.9938346147537231
5.194593699998222,-0.4091438353061676,0.9552844762802124,-0.031996507197618484,0.049502868205308914,0.07148592919111252,0.06959182769060135,0.9937787652015686
5.1987412000016775,-0.4091257154941559,0.9551156163215637,-0.03195754066109657,0.05021975561976433,0.07192721962928772,0.06972235441207886,0.9937018156051636
5.202866899999208,-0.409110426902771,0.9549394249916077,-0.03194825351238251,0.05104578658938408,0.07192862778902054,0.06990877538919449,0.993646502494812
5.207169600005727,-0.40908437967300415,0.9547752141952515,-0.0319356806576252,0.05143492668867111,0.0720861479640007,0.07023220509290695,0.9935922026634216
5.211613899999065,-0.4090266823768616,0.9546038508415222,-0.03193475306034088,0.05242125317454338,0.07265324145555496,0.07023365050554276,0.9934992790222168
5.2151827000052435,-0.4089902341365814,0.9544335603713989,-0.031919363886117935,0.052645377814769745,0.07281024008989334,0.07020332664251328,0.9934780597686768
5.220071300005657,-0.40895944833755493,0.9542664885520935,-0.03192239627242088,0.053034890443086624,0.07335761189460754,0.06981830298900604,0.9934442043304443
5.223981000002823,-0.4089147448539734,0.9540855288505554,-0.03190050646662712,0.05262123793363571,0.07352487742900848,0.07092459499835968,0.9933754801750183
5.227754999999888,-0.4088825583457947,0.9539117813110352,-0.03191789612174034,0.05243532359600067,0.07387155294418335,0.07125204801559448,0.9933362007141113
5.231733000007807,-0.40883681178092957,0.9537420868873596,-0.031899869441986084,0.05235913023352623,0.07408376038074493,0.07150398939847946,0.9933063387870789
5.235884100009571,-0.4087861478328705,0.9535804986953735,-0.03190002962946892,0.05274265259504318,0.0744711384177208,0.07158542424440384,0.9932511448860168
5.240581000005477,-0.4087378680706024,0.9533953666687012,-0.03190770000219345,0.05263565108180046,0.07456707209348679,0.0722774937748909,0.9931995272636414
5.2445844000030775,-0.40869438648223877,0.9532264471054077,-0.03192286565899849,0.05364261195063591,0.0745491161942482,0.07177991420030594,0.9931830763816833
5.252910000010161,-0.40859711170196533,0.9529037475585938,-0.031928058713674545,0.054417628794908524,0.07506626099348068,0.07203719764947891,0.9930833578109741
5.257004099999904,-0.4085492789745331,0.9527488946914673,-0.03191594406962395,0.05469902232289314,0.07524441927671432,0.07223638147115707,0.9930398464202881
5.2612518000096316,-0.40851643681526184,0.9525793194770813,-0.031897056847810745,0.055595241487026215,0.07490837574005127,0.07224836200475693,0.9930146932601929
5.265439800001332,-0.40847763419151306,0.9524213671684265,-0.03188394755125046,0.05601133406162262,0.07514851540327072,0.07223786413669586,0.9929739236831665
5.269613299999037,-0.40843698382377625,0.9522536993026733,-0.03187575191259384,0.056535184383392334,0.07525727897882462,0.07246224582195282,0.9929196238517761
5.273911700001918,-0.40838974714279175,0.9520813226699829,-0.03183877468109131,0.057078711688518524,0.07525134831666946,0.07225979119539261,0.9929037690162659
5.277851800012286,-0.4083487093448639,0.9519225358963013,-0.03182179108262062,0.057444412261247635,0.07536162436008453,0.07264231890439987,0.9928464293479919
5.28192220001074,-0.4083000123500824,0.9517519474029541,-0.03178807348012924,0.057558655738830566,0.07548415660858154,0.07346481829881668,0.9927698969841003
5.286057300007087,-0.40825217962265015,0.9515777230262756,-0.03174389898777008,0.05828871205449104,0.07586424052715302,0.07360026985406876,0.9926882982254028
5.290123400001903,-0.40821602940559387,0.9513835310935974,-0.031698137521743774,0.05873318761587143,0.07611105591058731,0.07415605336427689,0.9926018118858337
5.2942824000056135,-0.40816551446914673,0.9511871337890625,-0.03167895972728729,0.05973169952630997,0.07648126035928726,0.07496083527803421,0.992453396320343
5.298644700000295,-0.4081367254257202,0.9510188698768616,-0.03165607526898384,0.06027144193649292,0.07697993516921997,0.07496034353971481,0.9923822283744812
5.302842700009933,-0.4081021845340729,0.9508565664291382,-0.031641606241464615,0.060317251831293106,0.07711099088191986,0.07597193121910095,0.9922922849655151
5.307201300005545,-0.40806347131729126,0.9506859183311462,-0.03161962330341339,0.060547374188899994,0.07730662822723389,0.07670590281486511,0.9922066330909729
5.311078500002623,-0.40800219774246216,0.9505203366279602,-0.03156784549355507,0.060812048614025116,0.07806262373924255,0.07735796272754669,0.9920806288719177
5.3151574000075925,-0.40793126821517944,0.9503052830696106,-0.03159260377287865,0.05973247438669205,0.07822027057409286,0.0796966627240181,0.9919486045837402
5.319269200001145,-0.407882958650589,0.950160026550293,-0.031584907323122025,0.060697782784700394,0.0785277932882309,0.07963423430919647,0.9918707609176636
5.327686000004178,-0.4077627956867218,0.9498937129974365,-0.03155867010354996,0.06209557130932808,0.07933742552995682,0.07937772572040558,0.991740345954895
5.332175200004713,-0.40770313143730164,0.9497668147087097,-0.031555015593767166,0.062207963317632675,0.07957277446985245,0.0793217122554779,0.9917188882827759
5.335834400000749,-0.40770313143730164,0.9497668147087097,-0.031555015593767166,0.062207963317632675,0.07957277446985245,0.0793217122554779,0.9917188882827759
5.342234800002188,-0.40754544734954834,0.9495000243186951,-0.03155205771327019,0.06250344961881638,0.08020200580358505,0.07960242033004761,0.9916272163391113
5.346159200009424,-0.40747782588005066,0.94936203956604,-0.03156198561191559,0.06222330778837204,0.08033550530672073,0.08017212897539139,0.9915880560874939
5.350422600007732,-0.4074200987815857,0.9491649866104126,-0.0315520204603672,0.06396359950304031,0.08084055036306381,0.07975149899721146,0.991470217704773
5.354340200006845,-0.4073435366153717,0.9490247368812561,-0.03154997155070305,0.06391283124685287,0.08106502145528793,0.08025328069925308,0.9914147257804871
5.357852800007095,-0.4072956442832947,0.9488898515701294,-0.031561046838760376,0.06459648907184601,0.08126150071620941,0.0801534652709961,0.9913623929023743
5.36131550000573,-0.407219260931015,0.948764979839325,-0.03156653046607971,0.06490322202444077,0.08148878812789917,0.07990384846925735,0.9913438558578491
5.3653270000068005,-0.40714746713638306,0.9486225843429565,-0.031565144658088684,0.06463741511106491,0.08180376887321472,0.08023573458194733,0.9913085103034973
5.369293700001435,-0.40706589818000793,0.9484925270080566,-0.031562045216560364,0.06488882750272751,0.08249278366565704,0.08041481673717499,0.9912204146385193
5.373795600011363,-0.4070000648498535,0.9482978582382202,-0.03155829757452011,0.06370607018470764,0.08276238292455673,0.08233563601970673,0.991117000579834
5.378026899998076,-0.4069557189941406,0.948171854019165,-0.031555574387311935,0.06349577754735947,0.0830187126994133,0.0829416960477829,0.9910585284233093
5.382031700006337,-0.4069002568721771,0.9480475187301636,-0.031527843326330185,0.06422369927167892,0.08358260989189148,0.08270423859357834,0.9909839630126953
5.386246300011408,-0.406856894493103,0.9479213953018188,-0.0315169058740139,0.06482274830341339,0.08393023908138275,0.0823962464928627,0.9909412264823914
5.390610300004482,-0.4068217873573303,0.9477971196174622,-0.031514596194028854,0.06518176198005676,0.08450938761234283,0.08193670958280563,0.9909065961837769
5.394521800000803,-0.4067840576171875,0.9476688504219055,-0.03150833025574684,0.06545604765415192,0.08462386578321457,0.08236034959554672,0.990843653678894
5.39865240000654,-0.40674012899398804,0.9475670456886292,-0.031492091715335846,0.06576786935329437,0.0849345400929451,0.08225774019956589,0.99080491065979
5.406416700003319,-0.4066500961780548,0.9473270773887634,-0.03147760033607483,0.06601618230342865,0.08539094775915146,0.08287961781024933,0.9906973838806152
5.410926500000642,-0.40661266446113586,0.9472202062606812,-0.03147836774587631,0.06645742058753967,0.08555155247449875,0.08289147913455963,0.9906530380249023
5.4151614000002155,-0.40658459067344666,0.9471264481544495,-0.03147261589765549,0.06678988039493561,0.0857500433921814,0.08289672434329987,0.9906131029129028
5.419426200009184,-0.4065514802932739,0.9470260143280029,-0.03146284073591232,0.06719974428415298,0.08598382025957108,0.08290393650531769,0.9905644655227661
5.423585600001388,-0.4065222144126892,0.9469314813613892,-0.03145790100097656,0.06730522215366364,0.08610936254262924,0.08319465070962906,0.990522027015686
5.428146700010984,-0.4064944088459015,0.9468470811843872,-0.03144446387887001,0.06757456064224243,0.08633379638195038,0.0832526683807373,0.9904792904853821
5.432043900000281,-0.40647536516189575,0.9467490911483765,-0.03142961114645004,0.06787075102329254,0.08652304857969284,0.08281371742486954,0.9904792904853821
5.436318300009589,-0.406451940536499,0.9466728568077087,-0.031418342143297195,0.06791321933269501,0.08665750175714493,0.08299261331558228,0.9904497265815735
5.440476200004923,-0.406424343585968,0.946599006652832,-0.03141232579946518,0.06802695244550705,0.08689150214195251,0.08298493921756744,0.9904220104217529
5.444654100007028,-0.4063960015773773,0.9464713335037231,-0.031376343220472336,0.06780952215194702,0.08701920509338379,0.0840294137597084,0.990337610244751
5.448869400002877,-0.40638014674186707,0.9463590383529663,-0.03137572109699249,0.06669069081544876,0.08694111555814743,0.08571420609951019,0.9902760982513428
5.453189799998654,-0.4063606262207031,0.9462863206863403,-0.03136192634701729,0.06675399094820023,0.08713781833648682,0.0857623815536499,0.9902503490447998
5.457186100000399,-0.4063517153263092,0.9462287425994873,-0.03136603534221649,0.07027701288461685,0.08743816614151001,0.08281108736991882,0.9902313947677612
5.46119680000993,-0.40632814168930054,0.9461706876754761,-0.031358834356069565,0.0704486146569252,0.08758163452148438,0.08278148621320724,0.9902089834213257
5.465928400008124,-0.4063112139701843,0.9461095929145813,-0.03134988248348236,0.0704706683754921,0.08771707117557526,0.08293939381837845,0.9901822209358215
5.470019100001082,-0.40628430247306824,0.9459881782531738,-0.03134859353303909,0.06915173679590225,0.08774442225694656,0.08518194407224655,0.990082323551178
5.473890599998413,-0.4062623679637909,0.9458980560302734,-0.031307581812143326,0.06876577436923981,0.08767315000295639,0.08560983091592789,0.9900786876678467
5.47797150000406,-0.4062436521053314,0.9458428621292114,-0.031306248158216476,0.06909588724374771,0.08788353949785233,0.08555296063423157,0.9900418519973755
5.4820938000048045,-0.4062209129333496,0.9457754492759705,-0.031294845044612885,0.06931955367326736,0.08828746527433395,0.08579398691654205,0.9899694323539734
5.486110300000291,-0.4062125086784363,0.9457259774208069,-0.03128740191459656,0.06952662765979767,0.08843977004289627,0.08572059869766235,0.9899477362632751
5.490816500008805,-0.4062083661556244,0.9456714987754822,-0.031270332634449005,0.06978383660316467,0.08858369290828705,0.08569109439849854,0.9899193048477173
5.496431300009135,-0.40620648860931396,0.9456295967102051,-0.03125628083944321,0.07007680088281631,0.08866389095783234,0.08565972000360489,0.9898942112922668
5.5004639000108,-0.4062109887599945,0.945582926273346,-0.031245561316609383,0.07010558992624283,0.08875975012779236,0.08580980449914932,0.9898704886436462
5.504476400004933,-0.4062144160270691,0.9455419778823853,-0.03123520500957966,0.0702449157834053,0.08872383832931519,0.08587300032377243,0.9898583292961121
5.508036700004595,-0.40622496604919434,0.9455017447471619,-0.03122771345078945,0.0704544335603714,0.08873026818037033,0.08584585040807724,0.9898452758789062
5.511424900003476,-0.4062289595603943,0.9454607367515564,-0.031219514086842537,0.0707320123910904,0.0887526348233223,0.08582057058811188,0.9898256659507751
5.515307800000301,-0.4062446653842926,0.9454154968261719,-0.03120451048016548,0.07097059488296509,0.08877433836460114,0.08580570667982101,0.9898079037666321
5.5193977000017185,-0.4062521159648895,0.9453793168067932,-0.031198976561427116,0.07104691863059998,0.0887967050075531,0.08576428145170212,0.9898040294647217
5.523668100009672,-0.40626025199890137,0.9453365802764893,-0.031183205544948578,0.07100623846054077,0.0889492779970169,0.08588360249996185,0.9897828698158264
5.5279358999978285,-0.40627437829971313,0.9452958106994629,-0.031181838363409042,0.0711093470454216,0.08898406475782394,0.08590216189622879,0.989770770072937
5.5320763000054285,-0.4062861204147339,0.945249080657959,-0.03118087351322174,0.07127401232719421,0.08900555968284607,0.0859229788184166,0.9897552132606506
5.536040700011654,-0.4062957167625427,0.945199728012085,-0.031176533550024033,0.07132437080144882,0.08903026580810547,0.08567618578672409,0.989770770072937
5.544422700011637,-0.4063260555267334,0.945121705532074,-0.031172657385468483,0.07151606678962708,0.08916082233190536,0.08567561209201813,0.9897451996803284
5.548648299998604,-0.40634194016456604,0.945068359375,-0.03119867667555809,0.07172414660453796,0.089088074862957,0.08594675362110138,0.989713191986084
5.552077300002566,-0.40634194016456604,0.945068359375,-0.03119867667555809,0.07172414660453796,0.089088074862957,0.08594675362110138,0.989713191986084
5.5556543999991845,-0.40635573863983154,0.9450148940086365,-0.031194910407066345,0.07196483016014099,0.08915358781814575,0.08593583852052689,0.9896907806396484
5.559165099999518,-0.40636858344078064,0.9449775218963623,-0.031188301742076874,0.0721275731921196,0.08927809447050095,0.08583817631006241,0.9896761775016785
5.566132200008724,-0.4064024090766907,0.9448908567428589,-0.031171023845672607,0.07273600250482559,0.08956269919872284,0.08571520447731018,0.9896166324615479
5.5695316000055755,-0.4064215123653412,0.9448568820953369,-0.031166402623057365,0.07286608964204788,0.08969344943761826,0.08566450327634811,0.9895995855331421
5.5738935000117635,-0.4064508378505707,0.9448118209838867,-0.031166011467576027,0.0729358121752739,0.09015775471925735,0.08540279418230057,0.9895748496055603
5.577856500007329,-0.4064726233482361,0.9447784423828125,-0.03115815483033657,0.07297983765602112,0.09023447334766388,0.08539088070392609,0.9895656108856201
5.58192960001179,-0.4064972996711731,0.9447484016418457,-0.031152669340372086,0.07318195700645447,0.09036336839199066,0.08526787161827087,0.9895495176315308
5.586040000009234,-0.4065435230731964,0.9446868300437927,-0.031153012067079544,0.07313217222690582,0.0901288315653801,0.08548317104578018,0.9895560145378113
5.590469500006293,-0.40657466650009155,0.944636344909668,-0.03116387315094471,0.07281823456287384,0.08996319770812988,0.08608720451593399,0.9895418882369995
5.594628400009242,-0.40661007165908813,0.9445943832397461,-0.031159739941358566,0.07288023829460144,0.08998456597328186,0.0862671285867691,0.9895197153091431
5.598654500005068,-0.40661007165908813,0.9445943832397461,-0.031159739941358566,0.07288023829460144,0.08998456597328186,0.0862671285867691,0.9895197153091431
5.602722299998277,-0.4066828787326813,0.9445137977600098,-0.03113037906587124,0.07313010841608047,0.09027177840471268,0.08636238425970078,0.9894668459892273
5.60690969999996,-0.40670865774154663,0.9444767236709595,-0.031125763431191444,0.073195680975914,0.09028974920511246,0.08635136485099792,0.989461362361908
5.610987699998077,-0.4067641794681549,0.9444339275360107,-0.031116286292672157,0.07318422198295593,0.08995456248521805,0.08622913807630539,0.9895033836364746
5.615096900000935,-0.40679389238357544,0.9443958401679993,-0.03111393377184868,0.0730367973446846,0.08988561481237411,0.08664233982563019,0.9894843697547913
5.619579000005615,-0.406827837228775,0.9443643689155579,-0.03110077790915966,0.07335280627012253,0.08990924805402756,0.08640623837709427,0.9894794821739197
5.627816799998982,-0.40688589215278625,0.9442874789237976,-0.031095946207642555,0.0732242539525032,0.08972897380590439,0.08666305243968964,0.9894829392433167
5.632038499999908,-0.40692421793937683,0.9442547559738159,-0.031085964292287827,0.07333090156316757,0.08977790921926498,0.08661805093288422,0.9894745349884033
5.63619020000624,-0.4069516956806183,0.9442285299301147,-0.03106425143778324,0.07360946387052536,0.08996836841106415,0.08630719780921936,0.9894636869430542
5.640294700002414,-0.40696993470191956,0.9441896080970764,-0.031062060967087746,0.07346189767122269,0.08984088152647018,0.08664355427026749,0.9894569516181946
5.644385400009924,-0.406998872756958,0.9441485404968262,-0.031057976186275482,0.07314876466989517,0.0897829681634903,0.08703102916479111,0.9894513487815857
5.648778900009347,-0.40701839327812195,0.9441189765930176,-0.03105335123836994,0.07319939136505127,0.08981963992118835,0.08701826632022858,0.9894453883171082
5.652848900004756,-0.4070354700088501,0.9440852403640747,-0.031046971678733826,0.07336249202489853,0.0899120569229126,0.08687141537666321,0.9894378185272217
5.657554000004893,-0.407051146030426,0.9440518617630005,-0.031043794006109238,0.07336024940013885,0.08988428860902786,0.08681850880384445,0.989445149898529
5.661779200003366,-0.40706783533096313,0.9440216422080994,-0.031034084036946297,0.07342340797185898,0.089967742562294,0.0867820456624031,0.9894360303878784
5.665400199999567,-0.4070943593978882,0.9439373016357422,-0.03103097714483738,0.07479697465896606,0.08999072015285492,0.08619855344295502,0.9893821477890015
5.669594799997867,-0.4071110785007477,0.9439069628715515,-0.031023366376757622,0.07489381730556488,0.08997835218906403,0.08621177822351456,0.9893747568130493
5.6735103000100935,-0.40712621808052063,0.9438842535018921,-0.03101607970893383,0.0750206783413887,0.09002072364091873,0.08612806349992752,0.9893686175346375
5.677623299998231,-0.4071480333805084,0.9438715577125549,-0.030996525660157204,0.07531176507472992,0.0902019590139389,0.08572907000780106,0.9893646240234375
5.681736700003967,-0.40717288851737976,0.943849503993988,-0.03098735399544239,0.07549481838941574,0.09025692194700241,0.0856252908706665,0.9893546104431152
5.685274500006926,-0.40717288851737976,0.943849503993988,-0.03098735399544239,0.07549481838941574,0.09025692194700241,0.0856252908706665,0.9893546104431152
5.6889286000077846,-0.4071945250034332,0.9438247680664062,-0.03098410554230213,0.07561580091714859,0.09030505269765854,0.08566956967115402,0.9893372058868408
5.69318510001176,-0.4072302579879761,0.9437455534934998,-0.030975133180618286,0.07406416535377502,0.08992801606655121,0.08803048729896545,0.9892816543579102
5.698481300001731,-0.4072944223880768,0.9436964988708496,-0.03096354939043522,0.07407863438129425,0.08991532772779465,0.08838982880115509,0.9892497062683105
5.702740400010953,-0.4073258936405182,0.9436762928962708,-0.030956458300352097,0.07430195063352585,0.09004151076078415,0.08829944580793381,0.9892295002937317
5.711448600006406,-0.4073890149593353,0.9436215758323669,-0.030932599678635597,0.0742320641875267,0.09025908261537552,0.0888342559337616,0.9891670942306519
5.715328899997985,-0.40744027495384216,0.9436033964157104,-0.030927617102861404,0.07431609183549881,0.09040302038192749,0.08905293047428131,0.9891279339790344
5.719565999999759,-0.40747830271720886,0.9435864686965942,-0.030928637832403183,0.07435456663370132,0.09036743640899658,0.08925427496433258,0.9891101121902466
5.723620600008871,-0.40751850605010986,0.9435645341873169,-0.03092910908162594,0.07433367520570755,0.09030072391033173,0.08939282596111298,0.9891052842140198
5.727671400003601,-0.40757304430007935,0.9435447454452515,-0.03091835044324398,0.07424759864807129,0.09017116576433182,0.08954837173223495,0.9891095161437988
5.731837200000882,-0.40762490034103394,0.9435182213783264,-0.0309080109000206,0.07429463416337967,0.09010308980941772,0.08965419232845306,0.9891026020050049
5.735860800006776,-0.40767186880111694,0.9434940218925476,-0.030911287292838097,0.07432807236909866,0.09007743000984192,0.08983743190765381,0.9890857338905334
5.740897200012114,-0.40771719813346863,0.9434705376625061,-0.030915789306163788,0.07432948797941208,0.08999329060316086,0.08978108316659927,0.9890984296798706
5.746362600009888,-0.4077851474285126,0.9434372186660767,-0.03093290887773037,0.07481490820646286,0.08970893174409866,0.08984378725290298,0.9890819787979126
5.750339000005624,-0.40783876180648804,0.9433915615081787,-0.030946047976613045,0.0754004567861557,0.08958034217357635,0.089901402592659,0.9890439510345459
5.754406000007293,-0.4078928828239441,0.9433542490005493,-0.03094509243965149,0.07554536312818527,0.08947021514177322,0.08995804190635681,0.9890376925468445
5.7598546000081114,-0.40794190764427185,0.9433298110961914,-0.030949564650654793,0.07552915811538696,0.08935675024986267,0.09026243537664413,0.9890214800834656
5.763328100001672,-0.40798890590667725,0.943300187587738,-0.030953411012887955,0.07560496032238007,0.0893573984503746,0.09038472175598145,0.9890044331550598
5.7672128999984125,-0.40803319215774536,0.9432591795921326,-0.030964452773332596,0.0757937803864479,0.08906754106283188,0.09071280807256699,0.9889861345291138
5.772031100001186,-0.4080948829650879,0.9432398676872253,-0.030965691432356834,0.07585025578737259,0.08897235989570618,0.09066352248191833,0.9889948964118958
5.775535699998727,-0.40814173221588135,0.9432209134101868,-0.030955392867326736,0.07630389928817749,0.08916397392749786,0.09026120603084564,0.9889794588088989
5.779754600007436,-0.4081664979457855,0.9431865215301514,-0.030944976955652237,0.07611414045095444,0.08921599388122559,0.09059517085552216,0.9889589548110962
5.783615899999859,-0.40819835662841797,0.9431689977645874,-0.030949069187045097,0.07619569450616837,0.08928524702787399,0.09049857407808304,0.9889551997184753
5.788121300007333,-0.40823259949684143,0.9431281089782715,-0.030966509133577347,0.07567127794027328,0.08905918151140213,0.09134867787361145,0.9889377355575562
5.792993200011551,-0.40825825929641724,0.9431106448173523,-0.030961569398641586,0.07604193687438965,0.08920256793498993,0.09093770384788513,0.9889342188835144
5.797139400005108,-0.40828102827072144,0.9430676102638245,-0.030987320467829704,0.0754970833659172,0.08895659446716309,0.09182538092136383,0.9889161586761475
5.8022180999978445,-0.4083253741264343,0.9430164098739624,-0.030986061319708824,0.07561957091093063,0.08910897374153137,0.09156100451946259,0.9889175891876221
5.80733140000666,-0.4083453416824341,0.9429864287376404,-0.030992090702056885,0.0756356343626976,0.08910272270441055,0.09153196960687637,0.9889195561408997
5.811142999998992,-0.4083714187145233,0.9429611563682556,-0.030996164306998253,0.07568701356649399,0.08912229537963867,0.09158571064472198,0.9889089465141296
5.814531500000157,-0.4083714187145233,0.9429611563682556,-0.030996164306998253,0.07568701356649399,0.08912229537963867,0.09158571064472198,0.9889089465141296
5.8181675000087125,-0.40840253233909607,0.9429417848587036,-0.031010426580905914,0.07586594671010971,0.08913177251815796,0.09129013121128082,0.9889216423034668
5.826183099998161,-0.40848076343536377,0.9428565502166748,-0.03103369101881981,0.07558522373437881,0.08932710438966751,0.0914425328373909,0.988911509513855
5.830802600001334,-0.4085274934768677,0.94282066822052,-0.03103870153427124,0.07551790773868561,0.08941329270601273,0.09162062406539917,0.9888923764228821
5.83597450000525,-0.4086073637008667,0.942750096321106,-0.03104075975716114,0.07579508423805237,0.08961551636457443,0.09140928089618683,0.9888723492622375
5.840475700009847,-0.40865716338157654,0.9427050948143005,-0.031057855114340782,0.07590477168560028,0.09010554105043411,0.09100565314292908,0.9888566136360168
5.844625600002473,-0.40868619084358215,0.9426681399345398,-0.031041491776704788,0.07606197148561478,0.08988915383815765,0.09105127304792404,0.988860011100769
5.84909719999996,-0.4087332785129547,0.9426272511482239,-0.031055070459842682,0.07599952071905136,0.09021175652742386,0.09162624180316925,0.9887823462486267
5.852877500001341,-0.408771812915802,0.9425929188728333,-0.031049588695168495,0.07624383270740509,0.09024591743946075,0.09158884733915329,0.9887639284133911
5.856961000012234,-0.40880337357521057,0.9425579309463501,-0.031047994270920753,0.07644350081682205,0.09021835774183273,0.09174677729606628,0.9887364506721497
5.861588800005848,-0.40883487462997437,0.942530632019043,-0.031048398464918137,0.0766439214348793,0.09029247611761093,0.09173917025327682,0.9887147545814514
5.8657028000016,-0.40886640548706055,0.9425066113471985,-0.031048782169818878,0.07679416984319687,0.09024243801832199,0.09172982722520828,0.9887085556983948
5.868978200000129,-0.40886640548706055,0.9425066113471985,-0.031048782169818878,0.07679416984319687,0.09024243801832199,0.09172982722520828,0.9887085556983948
5.87312390000443,-0.40891382098197937,0.9424671530723572,-0.03105955198407173,0.07697554677724838,0.09029198437929153,0.0917658880352974,0.9886865615844727
5.877441900011036,-0.4089413583278656,0.9424574971199036,-0.031082984060049057,0.07704145461320877,0.0903281569480896,0.09158993512392044,0.9886944890022278
5.8818227000010666,-0.4089590609073639,0.9424470663070679,-0.03109443187713623,0.07705225795507431,0.09026145935058594,0.09151401370763779,0.9887067079544067
5.886217799998121,-0.40897560119628906,0.9424348473548889,-0.031102459877729416,0.07703249901533127,0.09029374271631241,0.09155229479074478,0.9887018203735352
5.890629900008207,-0.40898656845092773,0.9424234628677368,-0.03111695684492588,0.07695523649454117,0.09026873111724854,0.09150584042072296,0.9887143969535828
5.895118000000366,-0.4090043306350708,0.9424142837524414,-0.03113318420946598,0.07696925848722458,0.0902424231171608,0.09151479601860046,0.988714873790741
5.898764099998516,-0.40902382135391235,0.9424018859863281,-0.03114880435168743,0.07685624808073044,0.09020960330963135,0.09151557087898254,0.9887265563011169
5.9027206000027945,-0.4090345799922943,0.9423863291740417,-0.031162243336439133,0.0767463967204094,0.09019491821527481,0.09150685369968414,0.9887373447418213
5.90739449999819,-0.4090530276298523,0.9423752427101135,-0.031177686527371407,0.07673699408769608,0.09019782394170761,0.09161145240068436,0.9887280464172363
5.911733000000822,-0.4090745449066162,0.9423539638519287,-0.031186487525701523,0.07682265341281891,0.09020064771175385,0.09159824997186661,0.9887223243713379
5.91564200000721,-0.4090994596481323,0.9423226714134216,-0.031216338276863098,0.07736676931381226,0.0900234654545784,0.0914703980088234,0.9887079000473022
5.92011600000842,-0.4091210961341858,0.942300021648407,-0.031224723905324936,0.07745014131069183,0.09003280103206635,0.0915144681930542,0.9886964559555054
5.923691300005885,-0.4091412425041199,0.9422740936279297,-0.03122519701719284,0.07748904824256897,0.09005668759346008,0.09154006838798523,0.9886888861656189
5.928063400002429,-0.40916693210601807,0.9422524571418762,-0.031229091808199883,0.07754131406545639,0.09008298069238663,0.09169808030128479,0.9886677861213684
5.93203860000358,-0.40918973088264465,0.9422279596328735,-0.031231794506311417,0.0775781199336052,0.09010585397481918,0.09179507941007614,0.988653838634491
5.9360893000121,-0.40921932458877563,0.9421977400779724,-0.03122718259692192,0.07765940576791763,0.09020557999610901,0.09195345640182495,0.9886236190795898
5.940298700006679,-0.4092445373535156,0.9421654343605042,-0.03122725710272789,0.07779739797115326,0.09019791334867477,0.09207890182733536,0.9886017441749573
5.944174800009932,-0.40927451848983765,0.9421170353889465,-0.031210530549287796,0.07804663479328156,0.09041020274162292,0.09219608455896378,0.9885517358779907
5.948808000001009,-0.4093046188354492,0.9420782923698425,-0.031215786933898926,0.07830408960580826,0.09046875685453415,0.0922972783446312,0.9885166883468628
5.952801300009014,-0.40933653712272644,0.9420419335365295,-0.031215190887451172,0.07840565592050552,0.09050201624631882,0.09249813854694366,0.9884867668151855
5.957036400010111,-0.4093612730503082,0.9420063495635986,-0.03121941164135933,0.07863826304674149,0.0904923751950264,0.0926283746957779,0.9884569644927979
5.961425800007419,-0.4094054102897644,0.94195955991745,-0.03122926875948906,0.07898571342229843,0.09024219959974289,0.09272518754005432,0.9884430766105652
5.9652865000098245,-0.4094359874725342,0.9419225454330444,-0.031237538903951645,0.07907465100288391,0.09029070287942886,0.09295739233493805,0.9884097576141357
5.969383500007098,-0.409470796585083,0.9418749809265137,-0.031253330409526825,0.07883995771408081,0.09009110927581787,0.0936335101723671,0.988382875919342
5.974020499998005,-0.40951016545295715,0.9418386816978455,-0.031244385987520218,0.07857360690832138,0.08983788639307022,0.09398725628852844,0.9883934855461121
5.977890300011495,-0.4095432162284851,0.9417861700057983,-0.031273502856492996,0.07831302285194397,0.08957021683454514,0.09463111311197281,0.9883771538734436
5.981960900011472,-0.40958040952682495,0.9417082667350769,-0.03128832206130028,0.07943317294120789,0.08946505188941956,0.09447667002677917,0.9883119463920593
5.9879075000062585,-0.40961122512817383,0.9416661858558655,-0.03129328414797783,0.07960531115531921,0.08942742645740509,0.09449344128370285,0.9882999658584595
5.992110200008028,-0.4096355438232422,0.9416267275810242,-0.03130758926272392,0.07959934324026108,0.08921795338392258,0.0948033556342125,0.9882897138595581
5.998200500005623,-0.4096923768520355,0.941543698310852,-0.031329475343227386,0.07966320216655731,0.08882953971624374,0.09434140473604202,0.9883637428283691
6.002398100012215,-0.4097082018852234,0.9415050745010376,-0.03133776783943176,0.07972356677055359,0.08883420377969742,0.09427264332771301,0.9883650541305542
6.006544400006533,-0.4097190499305725,0.9414685964584351,-0.03135485202074051,0.07979299873113632,0.08876605331897736,0.09409166872501373,0.9883827567100525
6.0109178999991855,-0.40972986817359924,0.9414195418357849,-0.03136327490210533,0.07964800298213959,0.08880291879177094,0.09423372149467468,0.9883776307106018
6.015385600010632,-0.4097367823123932,0.9413861632347107,-0.03138020634651184,0.07970074564218521,0.08878287672996521,0.09416680037975311,0.988381564617157
6.020259199998691,-0.4097430109977722,0.9413501620292664,-0.031399890780448914,0.0797719955444336,0.08878469467163086,0.09406972676515579,0.9883848428726196
6.02373620000435,-0.40976572036743164,0.9413028359413147,-0.031429044902324677,0.07977554202079773,0.0889883041381836,0.09357275813817978,0.9884135127067566
6.027762600002461,-0.4097737669944763,0.9412615895271301,-0.031452279537916183,0.07984413951635361,0.08905717730522156,0.09335586428642273,0.9884222149848938
6.031883800009382,-0.4097973108291626,0.9412245154380798,-0.03149539977312088,0.0801657885313034,0.08874740451574326,0.09307679533958435,0.9884504079818726
6.036557800005539,-0.409807950258255,0.9411865472793579,-0.031512897461652756,0.08009862899780273,0.0887356847524643,0.09309137612581253,0.9884555339813232
6.040308900002856,-0.40982016921043396,0.9411438703536987,-0.03154542297124863,0.08020716160535812,0.08891062438488007,0.09271630644798279,0.9884662628173828
6.044411300012143,-0.4098339378833771,0.9411078691482544,-0.03156425058841705,0.08029727637767792,0.0888630822300911,0.0927036702632904,0.9884644150733948
6.048490000001038,-0.4098421633243561,0.9410330057144165,-0.031610455363988876,0.0803266167640686,0.08848828822374344,0.09338079392910004,0.9884318709373474
6.054183800006285,-0.4098421633243561,0.9410330057144165,-0.031610455363988876,0.0803266167640686,0.08848828822374344,0.09338079392910004,0.9884318709373474
6.057583000001614,-0.4098421633243561,0.9410330057144165,-0.031610455363988876,0.0803266167640686,0.08848828822374344,0.09338079392910004,0.9884318709373474
6.061089900002116,-0.4098421633243561,0.9410330057144165,-0.031610455363988876,0.0803266167640686,0.08848828822374344,0.09338079392910004,0.9884318709373474
6.064926500010188,-0.4098421633243561,0.9410330057144165,-0.031610455363988876,0.0803266167640686,0.08848828822374344,0.09338079392910004,0.9884318709373474
6.069764600004419,-0.4099506139755249,0.9408180117607117,-0.03170875459909439,0.07995028793811798,0.08797837793827057,0.09483634680509567,0.988369345664978
6.0741522000025725,-0.4099622368812561,0.9407727718353271,-0.03172463923692703,0.08021774888038635,0.08810022473335266,0.09481889009475708,0.9883384108543396
6.078829400008544,-0.4099913537502289,0.9407378435134888,-0.031752437353134155,0.08032059669494629,0.0880434513092041,0.09490611404180527,0.9883268475532532
6.083189800003311,-0.41003209352493286,0.9406980276107788,-0.03177475929260254,0.08052049577236176,0.08819596469402313,0.09521528333425522,0.9882671236991882
6.086944599999697,-0.4100564122200012,0.9406592845916748,-0.03180010989308357,0.08057020604610443,0.08817846328020096,0.09522347152233124,0.9882638454437256
6.090971500001615,-0.4100564122200012,0.9406592845916748,-0.03180010989308357,0.08057020604610443,0.08817846328020096,0.09522347152233124,0.9882638454437256
6.095102899998892,-0.4101300835609436,0.9405736327171326,-0.031867917627096176,0.07998356968164444,0.08792435377836227,0.09632344543933868,0.9882275462150574
6.098840200007544,-0.41015467047691345,0.9405403137207031,-0.03189711645245552,0.07998012751340866,0.08786166459321976,0.09649378061294556,0.9882168173789978
6.102714699998614,-0.4101857841014862,0.9404891729354858,-0.031955868005752563,0.07945112138986588,0.08797844499349594,0.09692635387182236,0.9882068037986755
6.1067650000040885,-0.4102093577384949,0.9404596090316772,-0.03197873383760452,0.07940468937158585,0.08786223083734512,0.09715898334980011,0.9881979823112488
6.111047400001553,-0.41024571657180786,0.9404217004776001,-0.03201565146446228,0.07930959761142731,0.08782117068767548,0.09748727083206177,0.9881770014762878
6.115416700005881,-0.4102731943130493,0.9403871893882751,-0.03203301131725311,0.07921954244375229,0.08777754753828049,0.0977199450135231,0.988165020942688
6.120739700010745,-0.4102949798107147,0.9403525590896606,-0.0320514515042305,0.07916087657213211,0.08768455684185028,0.09785068035125732,0.9881651401519775
6.1241563000075985,-0.4103256165981293,0.940319836139679,-0.03205983340740204,0.07927846908569336,0.08764518797397614,0.09793278574943542,0.9881510734558105
6.127843100010068,-0.4103643000125885,0.9402709603309631,-0.03206334263086319,0.07941259443759918,0.0875668078660965,0.09785158932209015,0.9881552457809448
6.131834400002845,-0.4103875756263733,0.9402186870574951,-0.03205881267786026,0.07922869175672531,0.0874849185347557,0.09821060299873352,0.988141655921936
6.135927100011031,-0.41041508316993713,0.9401867985725403,-0.03207093104720116,0.07935415953397751,0.08745190501213074,0.09828805923461914,0.9881267547607422
6.140433000007761,-0.41044074296951294,0.9401359558105469,-0.03206581249833107,0.07970450818538666,0.08748257160186768,0.09831839054822922,0.988092839717865
6.144930599999498,-0.41046878695487976,0.9401004314422607,-0.032071392983198166,0.07967091351747513,0.08740803599357605,0.09846395254135132,0.9880877137184143
6.149030000000494,-0.41049724817276,0.9400720000267029,-0.03208035230636597,0.0798875242471695,0.08733639866113663,0.09840832650661469,0.9880820512771606
6.152737900003558,-0.4105192720890045,0.9400352239608765,-0.03208170831203461,0.08025732636451721,0.08746516704559326,0.0982021912932396,0.9880611896514893
6.15683180000633,-0.41054385900497437,0.9400073885917664,-0.032088737934827805,0.08032875508069992,0.08741561323404312,0.09824290871620178,0.9880557060241699
6.161420400007046,-0.41057687997817993,0.9399703741073608,-0.03209645673632622,0.08066045492887497,0.08729587495326996,0.09800220280885696,0.9880631566047668
6.165748200000962,-0.4106031060218811,0.9399277567863464,-0.03212013095617294,0.08148585259914398,0.08713819831609726,0.0977373942732811,0.9880356192588806
6.169628100004047,-0.41063639521598816,0.939889669418335,-0.03211621195077896,0.0815613865852356,0.08708766102790833,0.0977388247847557,0.9880337119102478
6.173714100004872,-0.41066300868988037,0.9398646354675293,-0.032126422971487045,0.08166687935590744,0.08714617788791656,0.09743264317512512,0.9880500435829163
6.177937700005714,-0.41068950295448303,0.939836859703064,-0.03212985768914223,0.08174082636833191,0.08720485121011734,0.09745754301548004,0.9880363941192627
6.183384500007378,-0.4107239544391632,0.9398038387298584,-0.03214224800467491,0.08181130141019821,0.08751030266284943,0.09706079214811325,0.9880425930023193
6.1877994000096805,-0.41075703501701355,0.9397769570350647,-0.03215480223298073,0.0818377360701561,0.0875193253159523,0.0971260666847229,0.9880331754684448
6.19130320000113,-0.4107975363731384,0.9397600293159485,-0.032158464193344116,0.0818079337477684,0.08742422610521317,0.09709969162940979,0.9880466461181641
6.194540399999823,-0.41083550453186035,0.939734160900116,-0.03215974196791649,0.08178353309631348,0.08738303929567337,0.09720972180366516,0.9880415201187134
6.198601100011729,-0.41088399291038513,0.9397071599960327,-0.03215215355157852,0.08199945092201233,0.08756549656391144,0.0970129519701004,0.9880267381668091
6.202709700010018,-0.4109255373477936,0.9396747946739197,-0.03215287625789642,0.08214959502220154,0.08764465898275375,0.09682893753051758,0.9880253672599792
6.207142200000817,-0.4109551012516022,0.9396585822105408,-0.032162994146347046,0.0820537731051445,0.08758864551782608,0.09729833155870438,0.9879921078681946
6.211292699998012,-0.41099849343299866,0.9396296143531799,-0.03216564282774925,0.08203811943531036,0.08753620088100433,0.09713732451200485,0.9880139827728271
6.21523430000525,-0.4110485911369324,0.9396035075187683,-0.032184816896915436,0.08229897171258926,0.08775480836629868,0.09666561335325241,0.9880191683769226
6.223897500007297,-0.41111770272254944,0.9395585656166077,-0.032189346849918365,0.08216357231140137,0.08755257725715637,0.09693924337625504,0.9880214929580688
6.227720399998361,-0.41115477681159973,0.9395433068275452,-0.032186418771743774,0.0820971354842186,0.0875411406159401,0.09711216390132904,0.9880110621452332
6.231959400000051,-0.4111862778663635,0.9395216703414917,-0.032186154276132584,0.08204568922519684,0.08738015592098236,0.09712033718824387,0.9880288243293762
6.236294400005136,-0.41120997071266174,0.9395002722740173,-0.03218444436788559,0.0821065679192543,0.08736976981163025,0.09712491929531097,0.9880241751670837
6.240374700006214,-0.4112392067909241,0.9394791126251221,-0.03218182921409607,0.08202113956212997,0.08728884160518646,0.09706002473831177,0.988044798374176
6.246528700008639,-0.41127076745033264,0.9394655823707581,-0.03217584267258644,0.0819283276796341,0.08723733574151993,0.09727385640144348,0.988036036491394
6.250796300009824,-0.4112899899482727,0.9394416213035583,-0.0321647934615612,0.08181304484605789,0.08718524873256683,0.09745801985263824,0.9880321025848389
6.254612600008841,-0.4113069474697113,0.9394259452819824,-0.0321565642952919,0.0818064883351326,0.0870690643787384,0.09754027426242828,0.9880347847938538
6.258628800002043,-0.4113296866416931,0.9394063353538513,-0.03214766085147858,0.08180103451013565,0.0870162770152092,0.09742269665002823,0.9880514144897461
6.261988600002951,-0.41135188937187195,0.9393760561943054,-0.03214903175830841,0.08141742646694183,0.08682631701231003,0.09789721667766571,0.9880529642105103
6.265538100007689,-0.4113680422306061,0.9393635988235474,-0.032139867544174194,0.08136118948459625,0.08677500486373901,0.09792842715978622,0.9880589842796326
6.269447200000286,-0.41138216853141785,0.9393459558486938,-0.032125651836395264,0.08145862072706223,0.08671256899833679,0.09774120897054672,0.9880749583244324
6.273632299999008,-0.4113982915878296,0.9393285512924194,-0.03211430460214615,0.08156001567840576,0.0867106094956398,0.09758976846933365,0.988081693649292
6.278077100010705,-0.41141706705093384,0.9393171072006226,-0.03208756446838379,0.08158593624830246,0.08649109303951263,0.09794361144304276,0.9880638718605042
6.2820818000036525,-0.4114281237125397,0.9393052458763123,-0.03207302466034889,0.08158888667821884,0.08644327521324158,0.09788762778043747,0.9880732893943787
6.286389300003066,-0.41144415736198425,0.939283013343811,-0.03205697983503342,0.08149252831935883,0.08640628308057785,0.09800048917531967,0.9880732893943787
6.29026390000945,-0.41147151589393616,0.9392684102058411,-0.032042525708675385,0.08135823160409927,0.08642778545618057,0.09766685217618942,0.9881155490875244
6.294464800012065,-0.41148534417152405,0.9392583966255188,-0.03201417252421379,0.08142134547233582,0.08623245358467102,0.09788676351308823,0.9881056547164917
6.298657700011972,-0.41150254011154175,0.9392216801643372,-0.032015055418014526,0.08097115159034729,0.08604815602302551,0.09838047623634338,0.9881096482276917
6.302717099999427,-0.4115265905857086,0.9391711950302124,-0.03199973702430725,0.08174759894609451,0.08587972819805145,0.09840615093708038,0.9880578517913818
6.306758000006084,-0.4115344285964966,0.9391812682151794,-0.031977079808712006,0.08100409805774689,0.08598285168409348,0.09850237518548965,0.988100528717041
6.311293700011447,-0.41155579686164856,0.9391271471977234,-0.0319647490978241,0.08189832419157028,0.08586908876895905,0.0982823446393013,0.9880586266517639
6.31994480000867,-0.41157907247543335,0.9390765428543091,-0.031926654279232025,0.08197952806949615,0.08579549938440323,0.09844422340393066,0.9880421161651611
6.323597700000391,-0.41158419847488403,0.9390498399734497,-0.031911808997392654,0.08192241936922073,0.08573473244905472,0.09851578623056412,0.9880450367927551
6.32797300000675,-0.4115985333919525,0.9390175938606262,-0.03189825639128685,0.08187120407819748,0.08570816367864609,0.09885159879922867,0.9880180358886719
6.332380899999407,-0.4116023778915405,0.9389870166778564,-0.03188112750649452,0.08179811388254166,0.08565472066402435,0.09897501766681671,0.9880164265632629
6.335791800011066,-0.4116023778915405,0.9389870166778564,-0.03188112750649452,0.08179811388254166,0.08565472066402435,0.09897501766681671,0.9880164265632629
6.34043300000485,-0.41160041093826294,0.9389411211013794,-0.031845930963754654,0.08199821412563324,0.08568470925092697,0.09890678524971008,0.9880039691925049
6.3446530000073835,-0.41159573197364807,0.9389230608940125,-0.0318298414349556,0.08205527067184448,0.08573887497186661,0.09884431958198547,0.9880008101463318
6.35057210001105,-0.4115908741950989,0.9389013648033142,-0.031815942376852036,0.08199440687894821,0.08573700487613678,0.09889931976795197,0.9880005717277527
6.355001200005063,-0.41157516837120056,0.9388740062713623,-0.031797681003808975,0.08182906359434128,0.08568175882101059,0.0992608442902565,0.9879827499389648
6.36505790000956,-0.41154414415359497,0.9388086795806885,-0.03175003454089165,0.08182436972856522,0.08574619144201279,0.09935105592012405,0.9879684448242188
6.369872499999474,-0.4115326702594757,0.9387890100479126,-0.031732380390167236,0.08183562010526657,0.08570659905672073,0.09951179474592209,0.98795485496521
6.373660000012023,-0.4115131199359894,0.938761830329895,-0.031707391142845154,0.08183212578296661,0.08564815670251846,0.09927023947238922,0.9879845380783081
6.37792189999891,-0.41149795055389404,0.9387406706809998,-0.03169411048293114,0.08190316706895828,0.08562511205673218,0.0994170606136322,0.9879658818244934
6.3819180999998935,-0.4114812910556793,0.9387164115905762,-0.03167659416794777,0.08185184746980667,0.08561254292726517,0.09945551306009293,0.987967312335968
6.3866674000018975,-0.4114617705345154,0.9386992454528809,-0.031655412167310715,0.08201829344034195,0.08563404530286789,0.09938517212867737,0.9879586696624756
6.390462100011064,-0.41143807768821716,0.9386658668518066,-0.031628403812646866,0.08201583474874496,0.08570646494626999,0.09956645965576172,0.9879344701766968
6.394503100003931,-0.41141873598098755,0.9386435151100159,-0.031610406935214996,0.08199254423379898,0.08568928390741348,0.09972036629915237,0.9879223704338074
6.398682200000621,-0.4113962650299072,0.938602089881897,-0.031580016016960144,0.08184714615345001,0.08559637516736984,0.09983700513839722,0.9879306554794312
6.402719400008209,-0.4113733172416687,0.9385799169540405,-0.03156081587076187,0.08185778558254242,0.08554498851299286,0.09985127300024033,0.9879327416419983
6.406912000005832,-0.41132429242134094,0.9385491609573364,-0.03152431175112724,0.08214152604341507,0.08579208701848984,0.09982496500015259,0.9878904819488525
6.41118940000888,-0.4112972915172577,0.9385288953781128,-0.03150857612490654,0.0822138711810112,0.0857563316822052,0.09981481730937958,0.987888514995575
6.415614199999254,-0.4112817347049713,0.9384969472885132,-0.03149595111608505,0.08243215829133987,0.08559536188840866,0.09982936084270477,0.9878828525543213
6.420270000002347,-0.4112493097782135,0.9384713768959045,-0.03147086501121521,0.08260322362184525,0.08568475395441055,0.09970645606517792,0.9878731966018677
6.423688200011384,-0.4112199544906616,0.9384480118751526,-0.031455326825380325,0.08265484869480133,0.08570507168769836,0.09971468895673752,0.9878662824630737
6.428156800000579,-0.41117194294929504,0.9384276270866394,-0.03144368529319763,0.08255526423454285,0.08566822856664658,0.09988337010145187,0.9878608584403992
6.432171100008418,-0.41114524006843567,0.938398003578186,-0.03141719475388527,0.08250275254249573,0.08566723763942719,0.09976550191640854,0.9878771305084229
6.436140600009821,-0.41111505031585693,0.9383741617202759,-0.03140398487448692,0.08252095431089401,0.08569036424160004,0.09981723874807358,0.9878684282302856
6.440578699999605,-0.41108283400535583,0.9383530616760254,-0.03139225021004677,0.08253319561481476,0.08567814528942108,0.09990108013153076,0.9878600239753723
6.444664200011175,-0.4110577404499054,0.9383273720741272,-0.03137842193245888,0.08263617753982544,0.08572375029325485,0.09991750866174698,0.9878457188606262
6.4491262000083225,-0.4110250473022461,0.9383095502853394,-0.03135357052087784,0.08261464536190033,0.08553124964237213,0.10011190176010132,0.9878445267677307
6.453102800005581,-0.41100242733955383,0.9382907748222351,-0.031339988112449646,0.08260909467935562,0.08547734469175339,0.10024555772542953,0.9878361821174622
6.457067900002585,-0.41098257899284363,0.9382643103599548,-0.03130592405796051,0.0828402116894722,0.08549442887306213,0.1001371368765831,0.9878262877464294
6.461383300003945,-0.41096049547195435,0.9382415413856506,-0.03129107505083084,0.08287213742733002,0.08550628274679184,0.10021214932203293,0.9878150224685669
6.465483899999526,-0.41094303131103516,0.9381685256958008,-0.03127776086330414,0.08142529428005219,0.08503036946058273,0.10223586857318878,0.9877690672874451
6.469689200006542,-0.4109184145927429,0.938149631023407,-0.0312715508043766,0.08148279041051865,0.08510702848434448,0.10250726342201233,0.9877296090126038
6.473598100012168,-0.4108820855617523,0.9381176233291626,-0.031213557347655296,0.08147963881492615,0.08494050055742264,0.10270629078149796,0.9877234697341919
6.477649000007659,-0.41087332367897034,0.9381148219108582,-0.031164078041911125,0.08171896636486053,0.08497603982686996,0.10227804630994797,0.9877451062202454
6.4821177999983774,-0.41085392236709595,0.9380958080291748,-0.03114340640604496,0.08185924589633942,0.08496886491775513,0.10229969769716263,0.9877318143844604
6.48613320000004,-0.4108273386955261,0.9380658268928528,-0.031151851639151573,0.08167672902345657,0.08486054837703705,0.10287981480360031,0.9876960515975952
6.4902232000022195,-0.4108036756515503,0.9380617141723633,-0.031115490943193436,0.08210035413503647,0.0850660502910614,0.1023968905210495,0.9876933693885803
6.4944967000046745,-0.41077733039855957,0.9380478858947754,-0.031093964353203773,0.08224736899137497,0.08504937589168549,0.10230687260627747,0.9876919388771057
6.498673200010671,-0.41075050830841064,0.9380320310592651,-0.031074121594429016,0.08222723007202148,0.08505147695541382,0.10249646753072739,0.987673819065094
6.502819500004989,-0.41072267293930054,0.9380219578742981,-0.031042201444506645,0.08232935518026352,0.08488573133945465,0.10274622589349747,0.9876535534858704
6.507128299999749,-0.4106883704662323,0.9380190372467041,-0.031013943254947662,0.08261552453041077,0.08506164699792862,0.10230940580368042,0.9876598715782166
6.511489600001369,-0.41065502166748047,0.9380115866661072,-0.030988231301307678,0.08268341422080994,0.0850258395075798,0.10238873958587646,0.9876490235328674
6.515474700005143,-0.41062164306640625,0.9379859566688538,-0.030968639999628067,0.08281228691339493,0.08512404561042786,0.10192101448774338,0.9876782298088074
6.5194083000096725,-0.41059383749961853,0.9379931688308716,-0.03094831295311451,0.08274272084236145,0.08512472361326218,0.10231731832027435,0.9876430034637451
6.5235476000088966,-0.41054755449295044,0.9379745125770569,-0.03092915564775467,0.08283188939094543,0.08531814813613892,0.10203711688518524,0.9876477718353271
6.527732400005334,-0.41051530838012695,0.9379692077636719,-0.030913928523659706,0.08273771405220032,0.08533094823360443,0.10201048851013184,0.9876573085784912
6.532038200006355,-0.4104761481285095,0.937975287437439,-0.030889546498656273,0.08281925320625305,0.08514706045389175,0.10229040682315826,0.9876374006271362
6.536130200009211,-0.410449743270874,0.9379730224609375,-0.030873320996761322,0.08280174434185028,0.0852067768573761,0.10223350673913956,0.9876396059989929
6.5402652000047965,-0.4104246497154236,0.937959611415863,-0.030862564221024513,0.08280082046985626,0.08529622107744217,0.10183018445968628,0.9876736998558044
6.544403699997929,-0.41039207577705383,0.9379624724388123,-0.030836893245577812,0.08282986283302307,0.08511916548013687,0.10207549482584,0.9876611232757568
6.548546200006967,-0.41037335991859436,0.9379587769508362,-0.030822057276964188,0.08284865319728851,0.08514074236154556,0.10217330604791641,0.9876476526260376
6.552652700003819,-0.41034916043281555,0.9379507899284363,-0.030799755826592445,0.08259372413158417,0.08510096371173859,0.102532297372818,0.9876351952552795
6.557239700006903,-0.41033151745796204,0.9379432201385498,-0.030781103298068047,0.08266609162092209,0.0850832536816597,0.10259733349084854,0.987623929977417
6.561356500009424,-0.41031867265701294,0.9379334449768066,-0.030764060094952583,0.08250460773706436,0.08506286889314651,0.10285171866416931,0.987612783908844
6.565972900003544,-0.41030022501945496,0.9379244446754456,-0.030747544020414352,0.08246911317110062,0.08499573916196823,0.10294222831726074,0.9876120686531067
6.570289200011757,-0.41026821732521057,0.9379140138626099,-0.03071894496679306,0.08219238370656967,0.08516483753919601,0.10331717878580093,0.9875813722610474
6.573776000004727,-0.41024866700172424,0.9379045367240906,-0.03070082888007164,0.08240560442209244,0.08523555099964142,0.10317805409431458,0.9875720739364624
6.579231700001401,-0.41022610664367676,0.9378954768180847,-0.030685117468237877,0.0823095366358757,0.08518235385417938,0.10336844623088837,0.987564742565155
6.582809600004111,-0.41019555926322937,0.9378865957260132,-0.030668646097183228,0.08239340037107468,0.08543556183576584,0.1034008264541626,0.9875325560569763
6.586285400000634,-0.4101797938346863,0.9378816485404968,-0.030647877603769302,0.08237132430076599,0.08539790660142899,0.10336896032094955,0.9875409007072449
6.590395899998839,-0.41016411781311035,0.9378799200057983,-0.030627045780420303,0.08236882090568542,0.0854296088218689,0.10343119502067566,0.987531840801239
6.5944692000048235,-0.41014450788497925,0.9378763437271118,-0.030608877539634705,0.08236059546470642,0.08553619682788849,0.10342497378587723,0.9875240325927734
6.59970279999834,-0.410129576921463,0.9378775954246521,-0.030591202899813652,0.08239705115556717,0.08557875454425812,0.10332555323839188,0.9875276684761047
6.603140600011102,-0.4101114571094513,0.9378741979598999,-0.03057250939309597,0.08237830549478531,0.08558212965726852,0.10339563339948654,0.9875215888023376
6.608092599999509,-0.4100746214389801,0.9378736615180969,-0.030552968382835388,0.08237207680940628,0.08561094105243683,0.10309036076068878,0.9875515103340149
6.612111100010225,-0.4100525677204132,0.9378728270530701,-0.030530530959367752,0.08240377902984619,0.08573295176029205,0.1029878780245781,0.9875490665435791
6.616334400008782,-0.41002321243286133,0.9378712773323059,-0.030505221337080002,0.08239652961492538,0.08592607825994492,0.10294251143932343,0.9875375628471375
6.621326100008446,-0.40999576449394226,0.9378684759140015,-0.030492698773741722,0.08238651603460312,0.08605597913265228,0.1029452234506607,0.9875268340110779
6.6256412000075215,-0.40999576449394226,0.9378684759140015,-0.030492698773741722,0.08238651603460312,0.08605597913265228,0.1029452234506607,0.9875268340110779
6.632867799999076,-0.40993887186050415,0.9378630518913269,-0.03044992685317993,0.0824599638581276,0.0862233117222786,0.10297408699989319,0.9875031113624573
6.636903200007509,-0.4099258780479431,0.9378530979156494,-0.03043804131448269,0.08248063176870346,0.08629629015922546,0.10301820188760757,0.9874903559684753
6.640906800006633,-0.40991026163101196,0.9378454685211182,-0.030420958995819092,0.08242105692625046,0.08633188903331757,0.10309328138828278,0.9874843955039978
6.644406400009757,-0.4099009335041046,0.9378423094749451,-0.030407806858420372,0.08251015096902847,0.0863313376903534,0.10328955203294754,0.9874565005302429
6.648946600005729,-0.4098927080631256,0.9378347396850586,-0.03039264865219593,0.08252822607755661,0.08634060621261597,0.10330308228731155,0.9874528050422668
6.653494400001364,-0.40988653898239136,0.9378254413604736,-0.030380114912986755,0.08266626298427582,0.08638444542884827,0.1033698245882988,0.9874303340911865
6.658451100011007,-0.4098808169364929,0.9378189444541931,-0.030360259115695953,0.08260586857795715,0.08635678887367249,0.10348127782344818,0.9874261617660522
6.663600300002145,-0.40987640619277954,0.9378093481063843,-0.030344992876052856,0.08280263841152191,0.08638698607683182,0.10345681011676788,0.9874096512794495
6.668300900011673,-0.4098716974258423,0.9377999305725098,-0.030332503840327263,0.08275377750396729,0.0863363966345787,0.10368768870830536,0.9873939752578735
6.673284900010913,-0.4098549485206604,0.9377925992012024,-0.030302153900265694,0.08288955688476562,0.08618543297052383,0.10382864624261856,0.987380862236023
6.677576700007194,-0.40985003113746643,0.9377796053886414,-0.030308542773127556,0.08288860321044922,0.08632951974868774,0.10363975912332535,0.9873883128166199
6.6823319000104675,-0.4098327159881592,0.9377718567848206,-0.030305668711662292,0.08289529383182526,0.08632422238588333,0.10361697524785995,0.9873905181884766
6.686216400004923,-0.4098246991634369,0.9377700686454773,-0.030302967876195908,0.08289042860269547,0.08632133901119232,0.10361616313457489,0.9873912930488586
6.690388600007282,-0.4098096489906311,0.9377655386924744,-0.03030150756239891,0.08282139897346497,0.08631596714258194,0.10355200618505478,0.9874042272567749
6.694412500000908,-0.4097953736782074,0.9377607107162476,-0.03030090406537056,0.08268536627292633,0.08631075173616409,0.10354165732860565,0.9874172210693359
6.698591300009866,-0.40978381037712097,0.9377564787864685,-0.03030330128967762,0.08259835094213486,0.08634133636951447,0.1034741923213005,0.9874289631843567
6.7027701000042725,-0.4097706377506256,0.937752902507782,-0.030302949249744415,0.082583487033844,0.08637353032827377,0.10346589237451553,0.9874281287193298
6.7072220999980345,-0.40975695848464966,0.9377495646476746,-0.03030065819621086,0.08258616179227829,0.08641286194324493,0.10331735759973526,0.9874401092529297
6.711641700007021,-0.4097495675086975,0.9377486109733582,-0.03030659817159176,0.08258530497550964,0.08639384061098099,0.10327580571174622,0.9874461889266968
6.7154024000046775,-0.40973958373069763,0.937741756439209,-0.03030414506793022,0.08260461688041687,0.0863855704665184,0.1031927540898323,0.9874539375305176
6.7197938000026625,-0.4097280502319336,0.9377378225326538,-0.030306309461593628,0.08260101824998856,0.08646740019321442,0.10317442566156387,0.987449049949646
6.724674800003413,-0.409719318151474,0.9377270340919495,-0.030303895473480225,0.0825585126876831,0.08646968752145767,0.10316301137208939,0.9874535799026489
6.728304500007653,-0.40971440076828003,0.9377231001853943,-0.030300628393888474,0.08271549642086029,0.0864582434296608,0.1031593605875969,0.9874417781829834
6.732581700009177,-0.40970760583877563,0.9377083778381348,-0.030297601595520973,0.08282091468572617,0.08648991584777832,0.10317262262105942,0.9874288439750671
6.736177400001907,-0.40970200300216675,0.9376934766769409,-0.03029702976346016,0.08291251957416534,0.08651930838823318,0.10321874171495438,0.987413763999939
6.740359700008412,-0.4096897542476654,0.9376823306083679,-0.030289936810731888,0.08309293538331985,0.08649811148643494,0.10317450016736984,0.987405002117157
6.744502500005183,-0.40966853499412537,0.937671959400177,-0.030274346470832825,0.08344238251447678,0.08660794049501419,0.10287655144929886,0.9873970150947571
6.748656100011431,-0.4096594750881195,0.9376599192619324,-0.030279118567705154,0.08352714776992798,0.08667537569999695,0.10288466513156891,0.9873830676078796
6.75283070000296,-0.4096391201019287,0.9376508593559265,-0.03027704730629921,0.08365985751152039,0.0867101401090622,0.10289782285690308,0.9873675107955933
6.756810600010795,-0.40961945056915283,0.9376341700553894,-0.03027404099702835,0.08377524465322495,0.08674932271242142,0.10301505774259567,0.9873420596122742
6.761090500003775,-0.4096071720123291,0.9376233220100403,-0.030274340882897377,0.08393783122301102,0.0867721363902092,0.10297666490077972,0.9873301982879639
6.765461800008779,-0.40958917140960693,0.9376158714294434,-0.030271532014012337,0.08403606712818146,0.08678791671991348,0.1029672771692276,0.9873214364051819
6.769395900002564,-0.40957143902778625,0.9376091361045837,-0.030273277312517166,0.0840027704834938,0.08686008304357529,0.10305732488632202,0.9873085618019104
6.773785400000634,-0.40955573320388794,0.9376057386398315,-0.03028149902820587,0.08412953466176987,0.08696269243955612,0.10302960872650146,0.9872915744781494
6.777858900008141,-0.40953534841537476,0.937599778175354,-0.030284954234957695,0.08418585360050201,0.0870109349489212,0.10291486233472824,0.9872944951057434
6.782184399999096,-0.40951868891716003,0.9375936985015869,-0.030295025557279587,0.08435378223657608,0.08709485828876495,0.10270882397890091,0.9872942566871643
6.786316800003988,-0.4095046818256378,0.9375937581062317,-0.030298689380288124,0.08429089933633804,0.08717745542526245,0.10273852944374084,0.9872891902923584
6.79028470000776,-0.40948933362960815,0.9375843405723572,-0.030306704342365265,0.08434128761291504,0.0872918963432312,0.1026897206902504,0.9872798919677734
6.799603899999056,-0.4094432592391968,0.9375761151313782,-0.030323097482323647,0.08426078408956528,0.08725252002477646,0.10291461646556854,0.9872668385505676
6.803063400002429,-0.409422367811203,0.9375767111778259,-0.030326934531331062,0.08430048078298569,0.08733934909105301,0.10285591334104538,0.9872618317604065
6.807371700007934,-0.4094075560569763,0.9375643730163574,-0.0303326528519392,0.0843990370631218,0.08738381415605545,0.1028040274977684,0.9872548580169678
6.811081699997885,-0.40938717126846313,0.93756103515625,-0.030333423987030983,0.0843653753399849,0.08751033991575241,0.10275634378194809,0.9872515201568604
6.8154635000100825,-0.4093679189682007,0.9375585913658142,-0.030325952917337418,0.08440744876861572,0.08732467144727707,0.10288269072771072,0.9872512817382812
6.8194710000097984,-0.4093426465988159,0.9375541806221008,-0.030314872041344643,0.08461575210094452,0.08752415329217911,0.10273168236017227,0.987231433391571
6.8263641000085045,-0.40933358669281006,0.9375499486923218,-0.030330440029501915,0.08477582037448883,0.0877898633480072,0.10251195728778839,0.9872170090675354
6.830714100011392,-0.40931400656700134,0.9375413060188293,-0.030317986384034157,0.08481276035308838,0.08759310841560364,0.10269184410572052,0.987212598323822
6.834160600003088,-0.40929773449897766,0.9375350475311279,-0.030317343771457672,0.0848282128572464,0.08764804899692535,0.10276737064123154,0.987198531627655
6.838066900003469,-0.40927964448928833,0.9375342130661011,-0.030316798016428947,0.08478661626577377,0.08775652945041656,0.10271917283535004,0.9871975183486938
6.844464699999662,-0.40924325585365295,0.9375134110450745,-0.030326344072818756,0.08485734462738037,0.08799923211336136,0.10244327038526535,0.987198531627655
6.849022900001728,-0.40922537446022034,0.937515914440155,-0.03032524324953556,0.08514871448278427,0.0881078913807869,0.10211573541164398,0.9871975779533386
6.852565900000627,-0.40922537446022034,0.937515914440155,-0.03032524324953556,0.08514871448278427,0.0881078913807869,0.10211573541164398,0.9871975779533386
6.857128700008616,-0.4091741144657135,0.9375129342079163,-0.03032359667122364,0.0850641056895256,0.0881052166223526,0.1023024246096611,0.9871857762336731
6.861090600010357,-0.40915146470069885,0.9374991059303284,-0.03033730760216713,0.08464203774929047,0.08796979486942291,0.10286977887153625,0.9871751666069031
6.865232399999513,-0.40913569927215576,0.9375000596046448,-0.030337654054164886,0.08466214686632156,0.0880272164940834,0.10285749286413193,0.987169623374939
6.869448400000692,-0.4091176390647888,0.937505304813385,-0.030323879793286324,0.08492039889097214,0.08823651820421219,0.10240759700536728,0.9871755242347717
6.87354939999932,-0.40910303592681885,0.9374932646751404,-0.030337000265717506,0.08470926433801651,0.08815973997116089,0.1027752086520195,0.9871624112129211
6.877071800001431,-0.40910303592681885,0.9374932646751404,-0.030337000265717506,0.08470926433801651,0.08815973997116089,0.1027752086520195,0.9871624112129211
6.881571300007636,-0.40908169746398926,0.9374771118164062,-0.030337929725646973,0.08480767905712128,0.08830083906650543,0.10285987704992294,0.9871324300765991
6.885850400009076,-0.40906912088394165,0.9374761581420898,-0.030338196083903313,0.0847645103931427,0.08831600844860077,0.10291910171508789,0.9871286153793335
6.890412799999467,-0.40906232595443726,0.9374653100967407,-0.03033841773867607,0.08487995713949203,0.08838783204555511,0.10279782861471176,0.9871249794960022
6.8949061000021175,-0.4090560972690582,0.937455415725708,-0.0303376205265522,0.08481249213218689,0.08838535100221634,0.10295382887125015,0.987114667892456
6.9034161000017775,-0.4090503752231598,0.9374351501464844,-0.03033931739628315,0.08508693426847458,0.08845704048871994,0.10304199159145355,0.9870755076408386
6.907150900005945,-0.40905216336250305,0.9374269247055054,-0.03033539652824402,0.08506210148334503,0.08846496045589447,0.10314808040857315,0.9870657920837402
6.911587200011127,-0.40905147790908813,0.9374133944511414,-0.030330508947372437,0.0852116197347641,0.0884898230433464,0.10318616032600403,0.9870467185974121
6.915304699999979,-0.4090588688850403,0.9373745322227478,-0.030330175533890724,0.08600085973739624,0.08848075568675995,0.10295357555150986,0.9870033860206604
6.920335700007854,-0.4090554416179657,0.9373559355735779,-0.03033040463924408,0.08604937046766281,0.08848513662815094,0.10310851782560349,0.9869825839996338
6.923633099999279,-0.40905454754829407,0.9373423457145691,-0.030325327068567276,0.08622292429208755,0.08849591016769409,0.10307743400335312,0.9869697093963623
6.927991200005636,-0.409048855304718,0.9373303055763245,-0.030324630439281464,0.0863337516784668,0.0884862020611763,0.1031477153301239,0.9869535565376282
6.93254780001007,-0.40903517603874207,0.9373020529747009,-0.030306829139590263,0.08623185753822327,0.08860073983669281,0.10353132337331772,0.9869120121002197
6.936081699997885,-0.4090246260166168,0.9372819066047668,-0.030303457751870155,0.08629792183637619,0.08860960602760315,0.10349679738283157,0.9869090914726257
6.94036620001134,-0.4090125560760498,0.937271237373352,-0.030303027480840683,0.08639839291572571,0.0886300653219223,0.10349304974079132,0.9868987798690796
6.944626199998311,-0.40899473428726196,0.9372555017471313,-0.030303828418254852,0.08651566505432129,0.0887366309762001,0.10346588492393494,0.9868818521499634
6.94892740000796,-0.40897104144096375,0.9372373819351196,-0.030305730178952217,0.08660008758306503,0.0888058990240097,0.10335629433393478,0.9868796467781067
6.952892500004964,-0.4089494049549103,0.9372201561927795,-0.030311958864331245,0.08664900064468384,0.08892913907766342,0.10322800278663635,0.9868777394294739
6.957007800010615,-0.4089219570159912,0.9372045993804932,-0.030319400131702423,0.0867895781993866,0.08912782371044159,0.10302919149398804,0.9868682622909546
6.9613538999983575,-0.4088989198207855,0.937191367149353,-0.030324246734380722,0.08677437156438828,0.08916288614273071,0.10309957712888718,0.9868589639663696
6.965238500008127,-0.40886589884757996,0.937167763710022,-0.030315415933728218,0.08680488914251328,0.0891108363866806,0.10301417112350464,0.9868699908256531
6.969263000006322,-0.40883785486221313,0.9371564388275146,-0.030330216512084007,0.08688199520111084,0.08927904814481735,0.10304845869541168,0.9868444204330444
6.974832699997933,-0.4088055193424225,0.9371330142021179,-0.030326437205076218,0.08685053884983063,0.08928421139717102,0.10297208279371262,0.9868546724319458
6.978482000005897,-0.4087660312652588,0.9371111392974854,-0.030343826860189438,0.08720025420188904,0.08954104036092758,0.10284306108951569,0.986814022064209
6.982278100011172,-0.40873563289642334,0.9370865821838379,-0.030349452048540115,0.08738168329000473,0.08963499963283539,0.1026795282959938,0.9868064522743225
6.986027300008573,-0.408679723739624,0.9370671510696411,-0.030340291559696198,0.08732882887125015,0.09024695307016373,0.10271577537059784,0.9867515563964844
6.990229000002728,-0.40865251421928406,0.9370447993278503,-0.03035191260278225,0.08732955157756805,0.09031558036804199,0.10260295122861862,0.9867570400238037
6.99462610000046,-0.40861496329307556,0.9370238780975342,-0.030348995700478554,0.08723343908786774,0.0903932973742485,0.10274123400449753,0.9867439270019531
6.998611400005757,-0.4085908830165863,0.9370031952857971,-0.03035447746515274,0.08733461797237396,0.09047894924879074,0.10263483971357346,0.9867382049560547
7.003032699998585,-0.408563494682312,0.9369775652885437,-0.03035673126578331,0.08730049431324005,0.09062354266643524,0.10260660201311111,0.9867309331893921
7.007066100006341,-0.40854567289352417,0.9369627237319946,-0.03036232478916645,0.08744674175977707,0.09071044623851776,0.10250544548034668,0.9867204427719116
7.011151400001836,-0.40852653980255127,0.9369414448738098,-0.030370226129889488,0.08746775984764099,0.09082487225532532,0.10247910767793655,0.9867108464241028
7.015367700005299,-0.4085147976875305,0.936917245388031,-0.030368264764547348,0.08757128566503525,0.09089164435863495,0.10243173688650131,0.9867004156112671
7.021253600003547,-0.4085039794445038,0.9368938207626343,-0.03036618046462536,0.08765900135040283,0.0910111665725708,0.10238005965948105,0.9866870641708374
7.0253773000004,-0.40849769115448,0.9368717670440674,-0.030368052423000336,0.0876830592751503,0.09101831912994385,0.1024898886680603,0.9866727590560913
7.028768100004527,-0.40849021077156067,0.9368414878845215,-0.030365077778697014,0.08770738542079926,0.091068334877491,0.10273650288581848,0.9866403937339783
7.032887200010009,-0.40849021077156067,0.9368414878845215,-0.030365077778697014,0.08770738542079926,0.091068334877491,0.10273650288581848,0.9866403937339783
7.038168600003701,-0.4084870219230652,0.9367845058441162,-0.030358335003256798,0.08798110485076904,0.09123866260051727,0.10247912257909775,0.9866270422935486
7.042444400009117,-0.4084785282611847,0.9367541670799255,-0.03035670705139637,0.08808331191539764,0.09131959825754166,0.1025569960474968,0.9866023063659668
7.0482333000109065,-0.4084703326225281,0.9367006421089172,-0.030346564948558807,0.08823986351490021,0.09130243211984634,0.10279057174921036,0.9865656495094299
7.053155500005232,-0.40846335887908936,0.9366599917411804,-0.030348418280482292,0.08858783543109894,0.09135188907384872,0.1028980240225792,0.9865186810493469
7.057159300005878,-0.40845364332199097,0.9366359710693359,-0.030348217114806175,0.08870475739240646,0.09141452610492706,0.10273810476064682,0.9865190386772156
7.06123240001034,-0.4084416329860687,0.9366055727005005,-0.030346300452947617,0.08883363008499146,0.09147472679615021,0.10268090665340424,0.986507773399353
7.065948700008448,-0.40842896699905396,0.936579167842865,-0.03034796006977558,0.08883113414049149,0.0914778783917427,0.10279687494039536,0.9864956140518188
7.069545700011076,-0.4084160625934601,0.9365459084510803,-0.0303537305444479,0.08902324736118317,0.09162791818380356,0.10249780118465424,0.9864954948425293
7.074350000009872,-0.4084022045135498,0.9365216493606567,-0.03035692498087883,0.08895043283700943,0.09160406142473221,0.10258027911186218,0.9864957928657532
7.078938500009826,-0.40838977694511414,0.9364917278289795,-0.03037182241678238,0.08900932222604752,0.09193763881921768,0.10217086225748062,0.9865018725395203
7.082666800008155,-0.40837210416793823,0.9364765882492065,-0.030378935858607292,0.0890236422419548,0.09207741171121597,0.1020178496837616,0.9865033626556396
7.0862942000094336,-0.4083535373210907,0.9364615082740784,-0.030397726222872734,0.08885755389928818,0.09206414222717285,0.102207250893116,0.9864999651908875
7.090542900012224,-0.4083162844181061,0.9364498257637024,-0.03040989488363266,0.08897383511066437,0.09227894246578217,0.10189569741487503,0.9865017533302307
7.094792000003508,-0.40830159187316895,0.9364327192306519,-0.03042290173470974,0.08882582932710648,0.09233920276165009,0.10188254714012146,0.986510694026947
7.099091600000975,-0.4082830548286438,0.9364187717437744,-0.030433112755417824,0.08878155052661896,0.09237730503082275,0.10186373442411423,0.986513078212738
7.103071200006525,-0.40826937556266785,0.9363974928855896,-0.03044791705906391,0.08871660381555557,0.0924062505364418,0.10197415947914124,0.986504852771759
7.107696700011729,-0.4082491397857666,0.936379075050354,-0.030477408319711685,0.0885593593120575,0.09258632361888885,0.10179693251848221,0.9865204095840454
7.1116256000095746,-0.40823835134506226,0.9363621473312378,-0.03048674389719963,0.08862327039241791,0.0925857350230217,0.10173657536506653,0.9865208864212036
7.115449800010538,-0.4082293212413788,0.9363474249839783,-0.030496256425976753,0.08853675425052643,0.09255124628543854,0.10187561064958572,0.986517608165741
7.120331300000544,-0.4082220494747162,0.9363300204277039,-0.030503835529088974,0.08862823247909546,0.09257291257381439,0.1018151342868805,0.9865135550498962
7.123842000000877,-0.40821462869644165,0.936316192150116,-0.030508315190672874,0.08868434280157089,0.09257232397794724,0.10181858390569687,0.9865082502365112
7.133083500011708,-0.4081944525241852,0.9362714886665344,-0.03051651269197464,0.08875765651464462,0.09255272895097733,0.10199590027332306,0.9864851236343384
7.136620200006291,-0.4081723093986511,0.9362474679946899,-0.030522266402840614,0.08880692720413208,0.0923769623041153,0.10213882476091385,0.9864823818206787
7.140355700001237,-0.40816324949264526,0.9362331032752991,-0.03052816353738308,0.08882035315036774,0.09245648235082626,0.10220308601856232,0.9864670634269714
7.144470900006127,-0.4081611633300781,0.9361962676048279,-0.03053472563624382,0.08861739188432693,0.09236185252666473,0.10223900526762009,0.9864904880523682
7.148824900010368,-0.40814095735549927,0.9361869096755981,-0.030531756579875946,0.08900859951972961,0.09242742508649826,0.10175013542175293,0.9864996671676636
7.157112800006871,-0.4081006646156311,0.9361535906791687,-0.030537934973835945,0.08901232481002808,0.09228389710187912,0.10158294439315796,0.986530065536499
7.1612427000072785,-0.4080827534198761,0.936139702796936,-0.03054235503077507,0.08908850699663162,0.09232283383607864,0.10154157131910324,0.9865238070487976
7.165273000005982,-0.4080689251422882,0.9361231923103333,-0.030550876632332802,0.089202880859375,0.09237430989742279,0.10144645720720291,0.9865184426307678
7.1694455000106245,-0.4080541729927063,0.936113178730011,-0.030557455494999886,0.08923947811126709,0.0924525335431099,0.10129771381616592,0.9865229725837708
7.173480700002983,-0.4080449640750885,0.9360898733139038,-0.03057071380317211,0.08904771506786346,0.09240469336509705,0.10153795033693314,0.9865201711654663
7.177674200007459,-0.40803492069244385,0.9360809922218323,-0.03058546409010887,0.08905278891324997,0.09252907335758209,0.10150164365768433,0.9865117073059082
7.181792300005327,-0.40801307559013367,0.9360765814781189,-0.03058207407593727,0.08926902711391449,0.09256249666213989,0.10128337889909744,0.9865114688873291
7.185877800002345,-0.40801072120666504,0.9360566735267639,-0.03058815933763981,0.08910787850618362,0.09254014492034912,0.1015923023223877,0.9864963889122009
7.190443800005596,-0.40800178050994873,0.9360458254814148,-0.030593160539865494,0.08908730000257492,0.09255371242761612,0.10171063989400864,0.9864848256111145
7.194513200010988,-0.407995343208313,0.9360329508781433,-0.030595717951655388,0.08914169669151306,0.09251704066991806,0.10174396634101868,0.9864799380302429
7.198633600011817,-0.40799662470817566,0.9360138773918152,-0.030608683824539185,0.08876962959766388,0.09242717921733856,0.10225924104452133,0.9864685535430908
7.202845300009358,-0.4079935848712921,0.9360001087188721,-0.030611662194132805,0.08881744742393494,0.09245173633098602,0.10228416323661804,0.9864593744277954
7.20708750000631,-0.40799030661582947,0.9359827041625977,-0.030616285279393196,0.0889330580830574,0.09246768802404404,0.10233520716428757,0.9864422082901001
7.211418400009279,-0.4079900085926056,0.9359562397003174,-0.03063140995800495,0.08855164051055908,0.09233245253562927,0.10293188691139221,0.9864271283149719
7.215295000001788,-0.4079888164997101,0.9359466433525085,-0.03063308633863926,0.088515505194664,0.09230026602745056,0.10310692340135574,0.9864150881767273
7.219450000004144,-0.40798529982566833,0.9359375834465027,-0.030631445348262787,0.0886370986700058,0.09231383353471756,0.10304248332977295,0.986409604549408
7.223563300009118,-0.4079867899417877,0.935915470123291,-0.030626894906163216,0.08887629956007004,0.09224969148635864,0.1029430627822876,0.9864044189453125
7.2276992999977665,-0.40798497200012207,0.9359039068222046,-0.030636413022875786,0.08863359689712524,0.09219484776258469,0.10317611694335938,0.9864071011543274
7.232235200004652,-0.40798231959342957,0.9359005689620972,-0.03063865937292576,0.0887811928987503,0.09220993518829346,0.10302699357271194,0.986407995223999
7.236626400001114,-0.40798264741897583,0.9358415007591248,-0.030651604756712914,0.08753741532564163,0.09189600497484207,0.10485249757766724,0.9863561391830444
7.240491000004113,-0.4079813063144684,0.9358280301094055,-0.03065331280231476,0.08733762800693512,0.09186085313558578,0.10507158935070038,0.9863538146018982
7.244471700003487,-0.4079703688621521,0.9358202815055847,-0.03064112737774849,0.08754102140665054,0.09163246303796768,0.10482223331928253,0.9863835573196411
7.248617800010834,-0.40797215700149536,0.9358645081520081,-0.03064226545393467,0.0888352170586586,0.0920429453253746,0.10297728329896927,0.9864239692687988
7.252906300011091,-0.4079688489437103,0.9358149170875549,-0.030643953010439873,0.08759763091802597,0.09169819951057434,0.10479825735092163,0.9863748550415039
7.2571039000031305,-0.4079626798629761,0.935854971408844,-0.03063921257853508,0.08884348720312119,0.09207689762115479,0.1029631495475769,0.9864214658737183
7.26135100000829,-0.4079515039920807,0.935854434967041,-0.030642231926321983,0.08896823972463608,0.09227889031171799,0.10278673470020294,0.9864097237586975
7.265488600009121,-0.4079700708389282,0.9358056783676147,-0.03065277263522148,0.0875319093465805,0.09203629940748215,0.10468341410160065,0.9863615036010742
7.269453700006125,-0.40796008706092834,0.935787558555603,-0.030655501410365105,0.08776617050170898,0.09214472770690918,0.10441037267446518,0.9863594174385071
7.273670000009588,-0.40797868371009827,0.9357918500900269,-0.030652133747935295,0.0876402035355568,0.09212283045053482,0.104638010263443,0.9863486289978027
7.277705300002708,-0.40797334909439087,0.9357783794403076,-0.030635885894298553,0.08786832541227341,0.09202022105455399,0.10457442700862885,0.986344575881958
7.282204700008151,-0.4079832136631012,0.9357722401618958,-0.0306352898478508,0.08793261647224426,0.09205316752195358,0.10457327216863632,0.9863359928131104
7.2863961000111885,-0.4079974889755249,0.9357512593269348,-0.030628426000475883,0.08808369934558868,0.09245207160711288,0.10465074330568314,0.9862768650054932
7.290210999999545,-0.40800806879997253,0.935744047164917,-0.03062361665070057,0.08804499357938766,0.09247515350580215,0.10467124730348587,0.9862760305404663
7.295089999999618,-0.4080274701118469,0.935731828212738,-0.03061552345752716,0.08820775896310806,0.09244102984666824,0.10464300960302353,0.9862676858901978
7.298759000012069,-0.4080389738082886,0.935722827911377,-0.03059682436287403,0.08819817751646042,0.09221594780683517,0.10469149053096771,0.9862844944000244
7.30280550000316,-0.4080680012702942,0.9357098340988159,-0.030600961297750473,0.0882982462644577,0.0923948809504509,0.10482574254274368,0.9862444996833801
7.307147500003339,-0.40809011459350586,0.9356934428215027,-0.03058992139995098,0.08828499168157578,0.09231997281312943,0.10504494607448578,0.986229419708252
7.311225500001456,-0.4081140160560608,0.9356756210327148,-0.030581628903746605,0.0883718729019165,0.09223570674657822,0.10511825233697891,0.9862216711044312
7.315838200011058,-0.40815240144729614,0.9356678128242493,-0.03057398647069931,0.08829957991838455,0.09233173727989197,0.10548453032970428,0.9861801266670227
7.319350800011307,-0.40816158056259155,0.9356536865234375,-0.030561693012714386,0.08841361850500107,0.09208190441131592,0.10545595735311508,0.9861962795257568
7.323543200007407,-0.4082019627094269,0.93563312292099,-0.030535541474819183,0.08824533969163895,0.09228125959634781,0.10592646151781082,0.9861422181129456
7.328092600000673,-0.4082280993461609,0.9356281161308289,-0.030539775267243385,0.08821795880794525,0.09215889871120453,0.10583694279193878,0.9861657619476318
7.331878900004085,-0.408254474401474,0.9356021285057068,-0.030516814440488815,0.08872894942760468,0.09207998216152191,0.10579930990934372,0.9861313104629517
7.336133200005861,-0.40827664732933044,0.9355912804603577,-0.030501361936330795,0.08873189985752106,0.09205855429172516,0.10579244792461395,0.9861337542533875
7.340223300008802,-0.4083166718482971,0.9355807304382324,-0.030481519177556038,0.08883562684059143,0.09210115671157837,0.10580787807703018,0.9861187934875488
7.344940499999211,-0.4083329141139984,0.9355535507202148,-0.030491119250655174,0.0894288644194603,0.09194356948137283,0.10560555756092072,0.9861016273498535
7.355723100001342,-0.40836063027381897,0.9355400800704956,-0.030480215325951576,0.08957836031913757,0.09204070270061493,0.10528317838907242,0.9861134886741638
7.362167400002363,-0.4083762466907501,0.9355405569076538,-0.030463486909866333,0.08952140808105469,0.0920097604393959,0.10507549345493317,0.9861437082290649
7.365808200003812,-0.4083902835845947,0.9355473518371582,-0.030454102903604507,0.08926231414079666,0.0919034481048584,0.10507864505052567,0.9861767888069153
7.369842000000062,-0.40839582681655884,0.9355637431144714,-0.030430596321821213,0.08866121619939804,0.09206234663724899,0.10514365881681442,0.9862092137336731
7.3736673000094015,-0.4084039032459259,0.9355669021606445,-0.0304274745285511,0.08858244866132736,0.09208880364894867,0.10499706864356995,0.986229419708252
7.377891399999498,-0.4084198474884033,0.935569167137146,-0.030422378331422806,0.08857093006372452,0.09215656667947769,0.10490940511226654,0.9862334728240967
7.382498400009354,-0.408444881439209,0.9355670809745789,-0.03041326440870762,0.08849932998418808,0.09204117953777313,0.1048094630241394,0.9862613081932068
7.386522500004503,-0.40846794843673706,0.9355732202529907,-0.030409127473831177,0.08834380656480789,0.09193146228790283,0.10484211146831512,0.9862820506095886
7.390669600004912,-0.40848538279533386,0.9355727434158325,-0.03040037676692009,0.08846758306026459,0.09205033630132675,0.10477186739444733,0.9862673282623291
7.3986493999982486,-0.4085251986980438,0.9355669021606445,-0.030370382592082024,0.08830012381076813,0.09192097187042236,0.10481569916009903,0.9862896800041199
7.402713800009224,-0.4085638225078583,0.9355700016021729,-0.03036525845527649,0.08832244575023651,0.09189974516630173,0.10501697659492493,0.9862682819366455
7.406877600005828,-0.4085795283317566,0.9355722665786743,-0.03035721927881241,0.08826558291912079,0.09200503677129745,0.10520264506340027,0.9862437844276428
7.411318700003903,-0.4086098074913025,0.9355617761611938,-0.030342375859618187,0.08844240009784698,0.09183943271636963,0.1051919236779213,0.9862444996833801
7.415227900011814,-0.408634215593338,0.9355452656745911,-0.030323786661028862,0.0884840190410614,0.09174548834562302,0.10496604442596436,0.9862735867500305
7.419586900010472,-0.4086554944515228,0.93553626537323,-0.030308688059449196,0.08854186534881592,0.09173061698675156,0.10509365051984787,0.9862561821937561
7.423552200008999,-0.4086817502975464,0.9355303645133972,-0.030290253460407257,0.08870325237512589,0.09179884195327759,0.10498090088367462,0.9862473607063293
7.427745000008144,-0.4086973965167999,0.9355047941207886,-0.030296459794044495,0.08932354301214218,0.09178615361452103,0.10493798553943634,0.9861970543861389
7.436092200005078,-0.4087367057800293,0.93551105260849,-0.03024260886013508,0.088799849152565,0.09187054634094238,0.10512334853410721,0.9862167835235596
7.440712900002836,-0.40875765681266785,0.9355019330978394,-0.03021133691072464,0.08865299075841904,0.09189433604478836,0.10510433465242386,0.9862297773361206
7.444600500006345,-0.4087720215320587,0.9354939460754395,-0.03019304946064949,0.08859428763389587,0.09193561226129532,0.10520947724580765,0.9862200021743774
7.448732900011237,-0.40878570079803467,0.9354822039604187,-0.030175309628248215,0.08870436996221542,0.09193263202905655,0.10511495918035507,0.9862204790115356
7.453107799999998,-0.4087989330291748,0.9354685544967651,-0.0301569364964962,0.08882182836532593,0.09192909300327301,0.105042964220047,0.9862179160118103
7.456967700010864,-0.4088095724582672,0.9354530572891235,-0.030138108879327774,0.08887410908937454,0.09194748103618622,0.10500355809926987,0.9862157106399536
7.461333500003093,-0.4088183045387268,0.9354161024093628,-0.0301324725151062,0.08948687463998795,0.09188326448202133,0.10479003190994263,0.9861889481544495
7.465441300009843,-0.40882012248039246,0.935417890548706,-0.03009847179055214,0.08894003927707672,0.09195375442504883,0.10493236780166626,0.9862167835235596
7.46951490000356,-0.4088208079338074,0.9353915452957153,-0.030074506998062134,0.08901196718215942,0.0920182392001152,0.10498891770839691,0.9861982464790344
7.473845300002722,-0.4088189899921417,0.9353522658348083,-0.03003927879035473,0.08925383538007736,0.09175290167331696,0.10457780957221985,0.9862447381019592
7.479352900001686,-0.4088253378868103,0.9353209137916565,-0.030045202001929283,0.08991550654172897,0.09177697449922562,0.10445843636989594,0.9861950874328613
7.483518200009712,-0.4088215231895447,0.9352824687957764,-0.03002002090215683,0.08989111334085464,0.09171155840158463,0.10435998439788818,0.986213743686676
7.4869890000118176,-0.40883347392082214,0.9352499842643738,-0.029992451891303062,0.09007732570171356,0.09191915392875671,0.10422331839799881,0.9861918687820435
7.49049150000792,-0.4088354706764221,0.9352241158485413,-0.029977189376950264,0.09004470705986023,0.09193451702594757,0.10429354012012482,0.9861860275268555
7.494943199999398,-0.4088364243507385,0.9351944327354431,-0.029960181564092636,0.09007349610328674,0.09197044372558594,0.10432931035757065,0.9861763119697571
7.4985149999993155,-0.4088372588157654,0.9351604580879211,-0.029931413009762764,0.0899791419506073,0.09202027320861816,0.10453052818775177,0.9861589074134827
7.502709200009122,-0.4088447391986847,0.9351167678833008,-0.02992543764412403,0.09100926667451859,0.09212204813957214,0.1039523258805275,0.9861160516738892
7.507481000007829,-0.4088442325592041,0.9350852966308594,-0.02989388443529606,0.09094443172216415,0.09215801954269409,0.10424140095710754,0.9860880970954895
7.511312900009216,-0.40884479880332947,0.9350647926330566,-0.029878485947847366,0.0909864604473114,0.09216072410345078,0.10423029214143753,0.9860851764678955
7.515412300010212,-0.40885233879089355,0.9350327253341675,-0.02985468879342079,0.09106387943029404,0.0921901986002922,0.10435646027326584,0.9860619902610779
7.519416299997829,-0.40885797142982483,0.9350122213363647,-0.02983756549656391,0.09114360064268112,0.092206209897995,0.10442858934402466,0.9860454201698303
7.5237208000035025,-0.40886354446411133,0.9349905252456665,-0.029821131378412247,0.09131982922554016,0.0922507792711258,0.10440582036972046,0.9860273599624634
7.527840000009746,-0.408871054649353,0.9349671602249146,-0.029806621372699738,0.09138040244579315,0.0922616720199585,0.10446929931640625,0.9860140085220337
7.531951000011759,-0.40887436270713806,0.9349452257156372,-0.029792465269565582,0.09144172817468643,0.09228593111038208,0.1045401319861412,0.9859985113143921
7.536225100004231,-0.4088771343231201,0.9349258542060852,-0.029776141047477722,0.09151475131511688,0.09237493574619293,0.1044745072722435,0.9859904050827026
7.540708900007303,-0.4088852107524872,0.9349004626274109,-0.02976512536406517,0.09162696450948715,0.09233728051185608,0.10448271036148071,0.9859825968742371
7.5447419000120135,-0.4088849127292633,0.9348827600479126,-0.02975359372794628,0.09168051928281784,0.09243325889110565,0.10458192229270935,0.9859581589698792
7.549144300006446,-0.4088859260082245,0.9348536133766174,-0.029742464423179626,0.09168190509080887,0.09246836602687836,0.10461783409118652,0.9859508872032166
7.552852400011034,-0.408892422914505,0.9348304271697998,-0.029732175171375275,0.09172355383634567,0.09253833442926407,0.10464484989643097,0.9859376549720764
7.5573698000080185,-0.408896267414093,0.9348017573356628,-0.029720889404416084,0.0916961133480072,0.09259805083274841,0.10465586930513382,0.9859333634376526
7.561300100001972,-0.408910870552063,0.9347662329673767,-0.02971043437719345,0.09176527708768845,0.09268984943628311,0.1045304387807846,0.9859316349029541
7.565091800002847,-0.408910870552063,0.9347662329673767,-0.02971043437719345,0.09176527708768845,0.09268984943628311,0.1045304387807846,0.9859316349029541
7.570649300003424,-0.4089290201663971,0.9347102046012878,-0.029672037810087204,0.0918409451842308,0.09289821982383728,0.10460793972015381,0.9858967661857605
7.574560300010489,-0.4089345932006836,0.934668242931366,-0.029646163806319237,0.09179002791643143,0.0930328369140625,0.10489419102668762,0.9858583807945251
7.578069100010907,-0.4089411795139313,0.9346195459365845,-0.029603030532598495,0.09205315262079239,0.09314361214637756,0.10489403456449509,0.985823392868042
7.582059000007575,-0.4089491367340088,0.9345841407775879,-0.029581299051642418,0.09202492982149124,0.09314727783203125,0.10517683625221252,0.9857956171035767
7.586143699998502,-0.40895876288414,0.9345533847808838,-0.029553862288594246,0.09217571467161179,0.09321089088916779,0.10515563189983368,0.9857776761054993
7.590354300002218,-0.40897297859191895,0.9345020055770874,-0.029517648741602898,0.09245652705430984,0.09322980046272278,0.105092354118824,0.9857563376426697
7.594393700012006,-0.4089733064174652,0.9344692826271057,-0.029495133087038994,0.09246078878641129,0.09323984384536743,0.1051807850599289,0.9857455492019653
7.598785800000769,-0.4089820683002472,0.9344271421432495,-0.02946774661540985,0.09273011237382889,0.09333749860525131,0.10507912933826447,0.9857219457626343
7.603132900010678,-0.4089832305908203,0.9343944787979126,-0.029445044696331024,0.09279753267765045,0.09334426373243332,0.10505420714616776,0.9857175350189209
7.607541400007904,-0.40898627042770386,0.9343580007553101,-0.02942192554473877,0.0931302011013031,0.09319576621055603,0.1049681007862091,0.9857094287872314
7.610938300000271,-0.40898627042770386,0.9343580007553101,-0.02942192554473877,0.0931302011013031,0.09319576621055603,0.1049681007862091,0.9857094287872314
7.61560499999905,-0.40898963809013367,0.9343067407608032,-0.02938218228518963,0.09327732771635056,0.09330890327692032,0.10471469908952713,0.9857117533683777
7.619163100011065,-0.40898963809013367,0.9343067407608032,-0.02938218228518963,0.09327732771635056,0.09330890327692032,0.10471469908952713,0.9857117533683777
7.623318700003438,-0.4089929163455963,0.9342679381370544,-0.029347633942961693,0.09328755736351013,0.09344183653593063,0.1045384407043457,0.9857169389724731
7.627520499998354,-0.40899714827537537,0.9342525005340576,-0.02933252975344658,0.09335192292928696,0.09346775710582733,0.10455267131328583,0.9857068657875061
7.631575700012036,-0.4090050756931305,0.9342368245124817,-0.02931867353618145,0.09336663037538528,0.0935431718826294,0.10445785522460938,0.9857083559036255
7.636123600008432,-0.4090156853199005,0.9342209100723267,-0.029300637543201447,0.09342946857213974,0.09361681342124939,0.10444112867116928,0.9856971502304077
7.64050190000853,-0.40902644395828247,0.9342097043991089,-0.02928631193935871,0.09335971623659134,0.09366404265165329,0.10442543029785156,0.9857009649276733
7.644476900008158,-0.40903595089912415,0.9341963529586792,-0.029264964163303375,0.09341959655284882,0.09371080249547958,0.10450197756290436,0.9856827855110168
7.648905699999887,-0.4090476334095001,0.9341800212860107,-0.029247766360640526,0.09338978677988052,0.09367763251066208,0.10460640490055084,0.9856775999069214
7.652930700001889,-0.4090752899646759,0.9341505765914917,-0.0292082279920578,0.09315507858991623,0.09382307529449463,0.10494079440832138,0.9856504797935486
7.657134799999767,-0.40908873081207275,0.9341354370117188,-0.029191600158810616,0.09311757981777191,0.09382430464029312,0.10514342039823532,0.9856323003768921
7.661507299999357,-0.4091019034385681,0.9341213703155518,-0.029173169285058975,0.0931476354598999,0.0938638225197792,0.1051899641752243,0.9856207370758057
7.665508700010832,-0.4091169238090515,0.9341015219688416,-0.029157016426324844,0.09303156286478043,0.09388875216245651,0.10533808171749115,0.9856135249137878
7.669854000007035,-0.4091325104236603,0.9340834617614746,-0.029141347855329514,0.09304359555244446,0.09393791854381561,0.10538369417190552,0.9856027364730835
7.673517600007472,-0.4091508686542511,0.9340665936470032,-0.029118703678250313,0.09310601651668549,0.09397660195827484,0.10542083531618118,0.9855892062187195
7.677573900000425,-0.40916574001312256,0.934052586555481,-0.029094675555825233,0.09311069548130035,0.09401986747980118,0.10555997490882874,0.9855697751045227
7.686347900002147,-0.4092017114162445,0.9340237379074097,-0.029033569619059563,0.09314624220132828,0.0941464900970459,0.10567035526037216,0.9855425357818604
7.6904873000021325,-0.40921536087989807,0.9340125322341919,-0.02899959124624729,0.09324946254491806,0.09417717158794403,0.10581942647695541,0.9855138063430786
7.694758400000865,-0.4092312753200531,0.9340007901191711,-0.028963139280676842,0.0931628867983818,0.09420750290155411,0.10592532157897949,0.9855077862739563
7.698667500008014,-0.4092481732368469,0.9339891672134399,-0.028930971398949623,0.0933561623096466,0.0943237692117691,0.10583256185054779,0.98548823595047
7.703076600009808,-0.4092636704444885,0.9339697957038879,-0.028893189504742622,0.09345001727342606,0.09441356360912323,0.10583148896694183,0.9854708909988403
7.70723580000049,-0.4092787802219391,0.9339600801467896,-0.02884535863995552,0.09376288205385208,0.09462393820285797,0.10549937188625336,0.985456645488739
7.711295400004019,-0.4092848598957062,0.9339494109153748,-0.02878313884139061,0.09399889409542084,0.09464216977357864,0.1057368591427803,0.9854069948196411
7.715249800006859,-0.4092918932437897,0.9339259266853333,-0.028748048469424248,0.09407961368560791,0.09470389038324356,0.10564648360013962,0.9854030609130859
7.719379600006505,-0.40930742025375366,0.9338951706886292,-0.028694847598671913,0.09418245404958725,0.0947202816605568,0.10538860410451889,0.9854192733764648
7.7227748000004794,-0.40930742025375366,0.9338951706886292,-0.028694847598671913,0.09418245404958725,0.0947202816605568,0.10538860410451889,0.9854192733764648
7.727448100005859,-0.40931957960128784,0.933828592300415,-0.02860482782125473,0.0942164808511734,0.09484068304300308,0.1054798886179924,0.9853945970535278
7.73194300000614,-0.4093281328678131,0.9338008761405945,-0.028567900881171227,0.09428820013999939,0.09487570077180862,0.10547228157520294,0.9853852391242981
7.736494800003129,-0.40932923555374146,0.9337655901908875,-0.028537986800074577,0.0942467451095581,0.09492490440607071,0.10550239682197571,0.9853811860084534
7.74039669999911,-0.409341424703598,0.9337494969367981,-0.028489284217357635,0.0940832644701004,0.09496626257896423,0.10557311773300171,0.9853852391242981
7.7445919000019785,-0.40936195850372314,0.9337204098701477,-0.028439702466130257,0.09427088499069214,0.09519217908382416,0.10525491833686829,0.9853796362876892
7.748566100010066,-0.40936902165412903,0.9336951971054077,-0.028404217213392258,0.0944199413061142,0.09524152427911758,0.10525726526975632,0.985360324382782
7.752965600011521,-0.40938252210617065,0.9336646199226379,-0.028364893049001694,0.09446395933628082,0.09526384621858597,0.10517200082540512,0.9853630065917969
7.759169500001008,-0.40939244627952576,0.9336482882499695,-0.02832769975066185,0.09449569880962372,0.09538130462169647,0.10507825016975403,0.9853585958480835
7.762873100000434,-0.40940243005752563,0.9336279034614563,-0.02829631045460701,0.09441885352134705,0.09535176306962967,0.10522376000881195,0.9853532910346985
7.767168200007291,-0.4094095826148987,0.9336081147193909,-0.028264662250876427,0.09443239122629166,0.09539122879505157,0.10506457835435867,0.9853652119636536
7.771478499998921,-0.4094218313694,0.9335921406745911,-0.028234846889972687,0.09443087130784988,0.09545137733221054,0.10500733554363251,0.985365629196167
7.7756092000054196,-0.4094335734844208,0.9335678815841675,-0.02821115218102932,0.0943697914481163,0.09546276926994324,0.10488352179527283,0.9853835701942444
7.780043100006878,-0.40944087505340576,0.9335525035858154,-0.028161916881799698,0.09454842656850815,0.09564560651779175,0.10456820577383041,0.9853821992874146
7.784008900009212,-0.409462034702301,0.9335324168205261,-0.028124980628490448,0.09404861927032471,0.09549282491207123,0.10500402003526688,0.985398530960083
7.787953000006382,-0.40947583317756653,0.9334775805473328,-0.028097832575440407,0.09276768565177917,0.09515807032585144,0.1066347286105156,0.9853772521018982
7.792387800000142,-0.4094858765602112,0.9334604740142822,-0.028067512437701225,0.0927286297082901,0.0951652005314827,0.10669106990098953,0.9853740930557251
7.7967353999993065,-0.409504234790802,0.9334216117858887,-0.02802852913737297,0.09310492128133774,0.0952526181936264,0.10630784928798676,0.9853715300559998
7.800350600009551,-0.40951481461524963,0.9334112405776978,-0.027996577322483063,0.0930100604891777,0.0952509343624115,0.10638303309679031,0.9853726029396057
7.803806600000826,-0.40952545404434204,0.9333917498588562,-0.02796800807118416,0.09308908134698868,0.09528689086437225,0.10630784183740616,0.9853698015213013
7.807368100009626,-0.4095417857170105,0.9333752393722534,-0.02793525718152523,0.09307043254375458,0.09537440538406372,0.10634490847587585,0.9853590726852417
7.811477399998694,-0.4095557928085327,0.933356523513794,-0.027895936742424965,0.09327562153339386,0.09532341361045837,0.10631278902292252,0.9853480458259583
7.8148374000011245,-0.4095557928085327,0.933356523513794,-0.027895936742424965,0.09327562153339386,0.09532341361045837,0.10631278902292252,0.9853480458259583
7.819340200003353,-0.40958431363105774,0.9333328008651733,-0.027817802503705025,0.09333139657974243,0.09538747370243073,0.10639680176973343,0.9853274822235107
7.82353090000106,-0.40960514545440674,0.9333133101463318,-0.027778491377830505,0.09372719377279282,0.09528572857379913,0.1062602624297142,0.9853144884109497
7.829135899999528,-0.4096168577671051,0.9332984685897827,-0.02773263305425644,0.0939224436879158,0.09533361345529556,0.10628055781126022,0.9852890372276306
7.8326906000002054,-0.4096348285675049,0.9332850575447083,-0.027694648131728172,0.093961700797081,0.09538134932518005,0.10624420642852783,0.9852846264839172
7.836805800005095,-0.4096406400203705,0.9332799315452576,-0.027655642479658127,0.0939268097281456,0.09538460522890091,0.10633488744497299,0.9852778315544128
7.840329400001792,-0.4096492528915405,0.9332703351974487,-0.02762279286980629,0.09399616718292236,0.09544003754854202,0.10637076944112778,0.9852619767189026
7.849041000008583,-0.4096733629703522,0.9332482218742371,-0.027546009048819542,0.094306081533432,0.0953395888209343,0.1061006560921669,0.9852712154388428
7.857080700006918,-0.4096830487251282,0.9332438707351685,-0.02747849002480507,0.09424149990081787,0.09558401256799698,0.10619496554136276,0.985243558883667
7.861266699997941,-0.4097013771533966,0.9332218766212463,-0.027455279603600502,0.09483141452074051,0.09560386091470718,0.10601076483726501,0.9852049350738525
7.870076500010327,-0.40973103046417236,0.9332331418991089,-0.02740955539047718,0.09477348625659943,0.0956694707274437,0.10605786740779877,0.9851990342140198
7.873902799998177,-0.40974757075309753,0.9332457184791565,-0.027387620881199837,0.09485012292861938,0.09565772116184235,0.10606825351715088,0.9851917028427124
7.877842400004738,-0.40976592898368835,0.9332797527313232,-0.027380408719182014,0.09409384429454803,0.0955943763256073,0.1062421128153801,0.9852516651153564
7.882167200004915,-0.40979912877082825,0.933293879032135,-0.027372021228075027,0.09391743689775467,0.09576985985040665,0.10641201585531235,0.9852330088615417
7.886268100002781,-0.40980836749076843,0.9333048462867737,-0.02733718231320381,0.09369751811027527,0.09573790431022644,0.10650449246168137,0.9852471351623535
7.890397200011648,-0.40984901785850525,0.9333213567733765,-0.02732989378273487,0.09370049834251404,0.09576991200447083,0.10637130588293076,0.985258162021637
7.894904300002963,-0.40987953543663025,0.9333450198173523,-0.027284763753414154,0.09287174046039581,0.09591364860534668,0.10684257745742798,0.9852715730667114
7.898961600003531,-0.40990063548088074,0.9333616495132446,-0.02726702019572258,0.09271510690450668,0.09587754309177399,0.10690261423587799,0.985283374786377
7.90275950000796,-0.4099171459674835,0.9333826303482056,-0.02725091762840748,0.0926101803779602,0.0958530604839325,0.10701161623001099,0.9852837324142456
7.906787500003702,-0.4099372923374176,0.93338942527771,-0.027230117470026016,0.09262437373399734,0.0958268791437149,0.10702230781316757,0.9852838516235352
7.9113994000072125,-0.40995460748672485,0.9334002137184143,-0.027213137596845627,0.09244291484355927,0.09581948816776276,0.1071900799870491,0.985283374786377
7.915282300004037,-0.4099622070789337,0.9334302544593811,-0.027168435975909233,0.09320029616355896,0.09615586698055267,0.10615860670804977,0.9852908849716187
7.921710399998119,-0.4099712073802948,0.9334452152252197,-0.027155106887221336,0.09332948923110962,0.09620339423418045,0.10604400187730789,0.9852863550186157
7.925726000001305,-0.4099826514720917,0.9334475994110107,-0.02713075652718544,0.0933271273970604,0.09621656686067581,0.10619483888149261,0.9852690100669861
7.929598300004727,-0.40999507904052734,0.9334638714790344,-0.02710101380944252,0.09332463890314102,0.09627623111009598,0.10620751976966858,0.9852620959281921
7.934092000010423,-0.410002738237381,0.9334771037101746,-0.027075961232185364,0.09338695555925369,0.09629293531179428,0.10618577152490616,0.9852568507194519
7.938127200002782,-0.41001394391059875,0.9334922432899475,-0.02704794518649578,0.09348981827497482,0.09626400470733643,0.1062256246805191,0.9852456450462341
7.9424817000108305,-0.41002583503723145,0.9335058331489563,-0.027021823450922966,0.09356667101383209,0.09635058790445328,0.10619447380304337,0.9852332472801208
7.947299999999814,-0.4100472629070282,0.9335172772407532,-0.02699260786175728,0.09349305927753448,0.09613443911075592,0.10610086470842361,0.9852714538574219
7.9524674999993294,-0.41007307171821594,0.9335474967956543,-0.026921702548861504,0.0936390608549118,0.09615800529718399,0.10647517442703247,0.98521488904953
7.957223400007933,-0.4100768268108368,0.9335585236549377,-0.026885276660323143,0.09374140202999115,0.09643666446208954,0.10639557987451553,0.9851865172386169
7.961207400003332,-0.410082072019577,0.933573305606842,-0.026855967938899994,0.09362375736236572,0.09644848108291626,0.10651956498622894,0.9851831793785095
7.965158100007102,-0.41009756922721863,0.9335843920707703,-0.02683223970234394,0.0938449576497078,0.09652547538280487,0.10643908381462097,0.9851632714271545
7.969181200009189,-0.41012129187583923,0.93360435962677,-0.026786310598254204,0.09405917674303055,0.09680835902690887,0.10598906129598618,0.9851636290550232
7.973720499998308,-0.41013333201408386,0.9336105585098267,-0.026764584705233574,0.09412367641925812,0.0968720093369484,0.10597517341375351,0.9851527214050293
7.977801000000909,-0.41014939546585083,0.9336296916007996,-0.02672777883708477,0.09412796795368195,0.09675710648298264,0.10628585517406464,0.9851300716400146
7.982667400006903,-0.410165399312973,0.9336350560188293,-0.026715608313679695,0.09411918371915817,0.0967809408903122,0.1063726618885994,0.9851192831993103
7.986778899998171,-0.41017788648605347,0.933646023273468,-0.02669418789446354,0.09406165778636932,0.09679798781871796,0.10641030967235565,0.9851190447807312
7.990471199998865,-0.4101995825767517,0.9336546659469604,-0.026675349101424217,0.09400300681591034,0.096839040517807,0.10651536285877228,0.9851092100143433
7.994577300007222,-0.4102208614349365,0.9336691498756409,-0.02665017917752266,0.09392988681793213,0.09683720767498016,0.10659370571374893,0.9851078391075134
7.999382699999842,-0.4102393090724945,0.9337064027786255,-0.026620157063007355,0.09362516552209854,0.09647811204195023,0.10693356394767761,0.9851352572441101
8.00370169999951,-0.41025876998901367,0.9337140917778015,-0.026587899774312973,0.09362836927175522,0.09657973796129227,0.10700838267803192,0.9851169586181641
8.007341500007897,-0.41030368208885193,0.9337376952171326,-0.026568464934825897,0.09344211220741272,0.09664212167263031,0.10741342604160309,0.9850843548774719
8.011116699999548,-0.41033270955085754,0.933745265007019,-0.026540108025074005,0.09360641986131668,0.09684120863676071,0.10724952816963196,0.9850671291351318
8.015328599998611,-0.41035476326942444,0.9337641596794128,-0.026512088254094124,0.09364164620637894,0.09681352972984314,0.10719233006238937,0.985072672367096
8.019498499998008,-0.4103778302669525,0.933784008026123,-0.026492981240153313,0.0934562236070633,0.09668347984552383,0.10731354355812073,0.985089898109436
8.023776000001817,-0.410399854183197,0.9338046312332153,-0.026467328891158104,0.0936022624373436,0.09668883681297302,0.10703608393669128,0.9851056337356567
8.027735900002881,-0.41041260957717896,0.9338217377662659,-0.026439087465405464,0.09347034245729446,0.09669424593448639,0.10720615088939667,0.9850991368293762
8.031816800008528,-0.41043204069137573,0.9338364601135254,-0.02640162780880928,0.09342841804027557,0.09670217335224152,0.10710304230451584,0.9851136207580566
8.03617170000507,-0.4104490578174591,0.9338627457618713,-0.02637442760169506,0.09325465559959412,0.09659568220376968,0.10710036009550095,0.9851408004760742
8.040198200003942,-0.4104642868041992,0.9338765144348145,-0.02635118179023266,0.09329520165920258,0.0965627059340477,0.10707840323448181,0.9851426482200623
8.044579900000826,-0.410474956035614,0.9338949918746948,-0.026329701766371727,0.09341108053922653,0.09663461893796921,0.10695703327655792,0.9851377010345459
8.048970000003465,-0.410485178232193,0.9339313507080078,-0.02630513161420822,0.09392578154802322,0.0967874675989151,0.10609082132577896,0.9851674437522888
8.052864900004352,-0.4105035066604614,0.9339452981948853,-0.02628495916724205,0.09399960935115814,0.09679000824689865,0.10603827983140945,0.9851657748222351
8.057169200008502,-0.4105204641819,0.9339333772659302,-0.026260994374752045,0.09324494004249573,0.09665018320083618,0.10708167403936386,0.9851383566856384
8.061146100008045,-0.4105316698551178,0.933971643447876,-0.026235980913043022,0.093848817050457,0.09676790982484818,0.10630173981189728,0.9851539731025696
8.065433000010671,-0.41055187582969666,0.9339895248413086,-0.026203954592347145,0.09386132657527924,0.09682583808898926,0.10629924386739731,0.9851474165916443
8.073715000005905,-0.4105791747570038,0.9340200424194336,-0.026128433644771576,0.09384170174598694,0.0970483347773552,0.1064097136259079,0.9851154685020447
8.07788110000547,-0.41061335802078247,0.9340346455574036,-0.026099983602762222,0.09378457814455032,0.09693349152803421,0.10647489875555038,0.9851250648498535
8.081485400005477,-0.41061335802078247,0.9340346455574036,-0.026099983602762222,0.09378457814455032,0.09693349152803421,0.10647489875555038,0.9851250648498535
8.084975200006738,-0.41061335802078247,0.9340346455574036,-0.026099983602762222,0.09378457814455032,0.09693349152803421,0.10647489875555038,0.9851250648498535
8.090415099999518,-0.4106397032737732,0.9340759515762329,-0.026004178449511528,0.09357081353664398,0.09725643694400787,0.10664296895265579,0.9850954413414001
8.094820600003004,-0.41066259145736694,0.934077799320221,-0.025983605533838272,0.09365786612033844,0.09709464013576508,0.10667451471090317,0.985099732875824
8.099098500009859,-0.4106714725494385,0.9340904355049133,-0.02595955692231655,0.09361208230257034,0.09715866297483444,0.1067059114575386,0.9850943088531494
8.107219900004566,-0.4106960594654083,0.9341141581535339,-0.02591763064265251,0.09352805465459824,0.0970439463853836,0.10654041916131973,0.985131561756134
8.111568899999838,-0.4106924831867218,0.93412846326828,-0.02587461657822132,0.09331422299146652,0.09734848141670227,0.10664787888526917,0.9851101636886597
8.115643800003454,-0.41069385409355164,0.9341360926628113,-0.025836113840341568,0.09339217841625214,0.09755243360996246,0.10659262537956238,0.9850885272026062
8.119564699998591,-0.41070398688316345,0.934148371219635,-0.025809112936258316,0.09329710155725479,0.09760572016239166,0.10657551139593124,0.9850941896438599
8.123540700005833,-0.4107196629047394,0.93415766954422,-0.025775590911507607,0.09333187341690063,0.0976446345448494,0.10656827688217163,0.9850878119468689
8.127932000003057,-0.41073077917099,0.9341735243797302,-0.02574162557721138,0.0933288186788559,0.09771111607551575,0.1065276712179184,0.9850858449935913
8.131926100002602,-0.41074681282043457,0.9341902136802673,-0.025706546381115913,0.09330794960260391,0.09772451967000961,0.10645037144422531,0.9850949048995972
8.13599530000647,-0.4107650816440582,0.9342079162597656,-0.025674208998680115,0.09339285641908646,0.09773722290992737,0.10640336573123932,0.9850906133651733
8.14045070001157,-0.41078147292137146,0.9342249035835266,-0.025634106248617172,0.0933450311422348,0.09778347611427307,0.10641909390687943,0.9850888848304749
8.144600400002673,-0.4107952117919922,0.9342382550239563,-0.025602173060178757,0.09333512932062149,0.0977732464671135,0.10642227530479431,0.9850904941558838
8.149062900003628,-0.41081106662750244,0.9342518448829651,-0.025569409132003784,0.09330788999795914,0.09780244529247284,0.10645226389169693,0.9850869178771973
8.152809100007289,-0.41082561016082764,0.9342670440673828,-0.025539519265294075,0.09340586513280869,0.09784407913684845,0.1063157320022583,0.9850882887840271
8.156998800011934,-0.41082456707954407,0.9342803359031677,-0.02550259605050087,0.09353751689195633,0.09800013154745102,0.1061161458492279,0.9850817918777466
8.1612191000022,-0.4108523726463318,0.9343050122261047,-0.025476844981312752,0.09269379079341888,0.09786545485258102,0.10660232603549957,0.9851224422454834
8.165204300006735,-0.4108547270298004,0.9343140125274658,-0.025435490533709526,0.0928099974989891,0.09802786260843277,0.10642516613006592,0.9851144552230835
8.169474499998614,-0.4108690619468689,0.9343249201774597,-0.025420010089874268,0.09273418039083481,0.09799031168222427,0.1065712496638298,0.9851095676422119
8.17379400000209,-0.41087907552719116,0.9343357086181641,-0.02539941482245922,0.09257692098617554,0.09803342074155807,0.10663355886936188,0.9851133823394775
8.178160299998126,-0.4108926057815552,0.9343507289886475,-0.025371750816702843,0.09277687221765518,0.0982075184583664,0.10630512237548828,0.985112726688385
8.182244200012065,-0.4109206199645996,0.9343693256378174,-0.02535141445696354,0.09291429817676544,0.09835483878850937,0.10597481578588486,0.9851205945014954
8.186275900006876,-0.41093340516090393,0.9343804121017456,-0.02533540688455105,0.0929480642080307,0.09839194267988205,0.1059638187289238,0.9851148724555969
8.191262500011362,-0.41091790795326233,0.9344090819358826,-0.02529693767428398,0.09333932399749756,0.09864439070224762,0.1053205281496048,0.9851217269897461
8.19499519999954,-0.4109538197517395,0.9344291687011719,-0.025271857157349586,0.09342828392982483,0.0988483652472496,0.10544159263372421,0.985079824924469
8.198592000000644,-0.4109846353530884,0.9344476461410522,-0.02525201439857483,0.0932793989777565,0.09858695417642593,0.10590498894453049,0.9850704669952393
8.202671600010945,-0.41098034381866455,0.9344542622566223,-0.0252193883061409,0.0934242382645607,0.09869224578142166,0.10538005083799362,0.9851024150848389
8.206841999999597,-0.4110117554664612,0.9344696998596191,-0.025220444425940514,0.09327704459428787,0.09858550131320953,0.1059403344988823,0.9850670099258423
8.211279800001648,-0.41102635860443115,0.934486448764801,-0.02520590089261532,0.09335117787122726,0.09857994318008423,0.10579060763120651,0.9850766062736511
8.215458500009845,-0.41102904081344604,0.9345026016235352,-0.0251819659024477,0.09340881556272507,0.09872980415821075,0.10550367832183838,0.9850869178771973
8.219443900001352,-0.4110548198223114,0.9345044493675232,-0.025183863937854767,0.093266062438488,0.09856220334768295,0.10576866567134857,0.9850888848304749
8.223599800010561,-0.4110821485519409,0.9345500469207764,-0.025166533887386322,0.09373775124549866,0.09873960167169571,0.10486253350973129,0.9851230978965759
8.227696100002504,-0.4111042022705078,0.9345538020133972,-0.025181926786899567,0.09388095140457153,0.09857375174760818,0.10482892394065857,0.985129714012146
8.23261600000842,-0.4111209511756897,0.9345682263374329,-0.025166405364871025,0.0936204046010971,0.09854181110858917,0.10485005378723145,0.9851554036140442
8.236529400004656,-0.4111453592777252,0.9345825910568237,-0.02516918256878853,0.09354295581579208,0.09850099682807922,0.1048598363995552,0.9851658940315247
8.240415500011295,-0.4111715257167816,0.9345957636833191,-0.025171712040901184,0.09347408264875412,0.09844207018613815,0.10500261932611465,0.9851630330085754
8.244508800009498,-0.41119709610939026,0.9346083402633667,-0.025170842185616493,0.09341820329427719,0.09836846590042114,0.10511879622936249,0.9851632714271545
8.249100800007,-0.41122642159461975,0.9346160888671875,-0.02516806311905384,0.0934147909283638,0.098363496363163,0.10506691038608551,0.9851696491241455
8.252875500009395,-0.4112606942653656,0.9346243143081665,-0.025163836777210236,0.09325169771909714,0.0983520969748497,0.1053723469376564,0.9851536750793457
8.256929000010132,-0.4112606942653656,0.9346243143081665,-0.025163836777210236,0.09325169771909714,0.0983520969748497,0.1053723469376564,0.9851536750793457
8.262002100003883,-0.4113359749317169,0.9346343278884888,-0.025179795920848846,0.09347487986087799,0.09803313761949539,0.10550380498170853,0.985150158405304
8.267586100002518,-0.41136446595191956,0.9346336722373962,-0.025174571201205254,0.09346488118171692,0.0980454757809639,0.10558803379535675,0.9851409196853638
8.272274100003415,-0.4113960564136505,0.9346345663070679,-0.02517920918762684,0.09357219934463501,0.0980396717786789,0.1055774837732315,0.9851323962211609
8.27810780001164,-0.4114464223384857,0.9346235990524292,-0.025181693956255913,0.09341681748628616,0.09795796126127243,0.10578033328056335,0.9851335287094116
8.282270200012135,-0.4114636182785034,0.9345996975898743,-0.025178570300340652,0.09321369975805283,0.098032645881176,0.10604696720838547,0.9851166605949402
8.286871200005407,-0.41148608922958374,0.9345671534538269,-0.025209015235304832,0.0924893170595169,0.09761851280927658,0.10732705146074295,0.985087513923645
8.290806700009853,-0.4115045964717865,0.9345560073852539,-0.02521638385951519,0.09238509088754654,0.09762466698884964,0.10744797438383102,0.9850834608078003
8.295019199998933,-0.41151881217956543,0.934533417224884,-0.02522350288927555,0.09244251996278763,0.09768150746822357,0.10715650767087936,0.9851041436195374
8.298541700001806,-0.41153261065483093,0.9345141053199768,-0.02523534931242466,0.09236510097980499,0.09773479402065277,0.10714361816644669,0.9851076006889343
8.302598900001612,-0.41155704855918884,0.9345012903213501,-0.025232981890439987,0.09220026433467865,0.09760589152574539,0.1072063148021698,0.9851289987564087
8.306978799999342,-0.41156846284866333,0.9344738721847534,-0.025243476033210754,0.09220551699399948,0.09763790667057037,0.10705128312110901,0.9851421117782593
8.311119600009988,-0.4115871787071228,0.9344519376754761,-0.025253338739275932,0.09221189469099045,0.09762732684612274,0.10703299939632416,0.9851446151733398
8.315342200003215,-0.411598265171051,0.934431254863739,-0.02526266686618328,0.09221940487623215,0.0975947231054306,0.10695703327655792,0.9851554036140442
8.319287200007238,-0.41161975264549255,0.9343879818916321,-0.025286570191383362,0.09293811023235321,0.09755104780197144,0.10665631294250488,0.9851248264312744
8.323336400004337,-0.41163957118988037,0.9343631267547607,-0.025296662002801895,0.09293242543935776,0.0975036546587944,0.10663144290447235,0.9851326942443848
8.327673400010099,-0.4116608202457428,0.9343182444572449,-0.02528487890958786,0.09296297281980515,0.09737824648618698,0.1061633974313736,0.9851927757263184
8.331780200009234,-0.41168487071990967,0.9342842102050781,-0.025292998179793358,0.09290944784879684,0.09736058861017227,0.10619821399450302,0.9851957559585571
8.336200400008238,-0.41170674562454224,0.9342501759529114,-0.025305716320872307,0.09332151710987091,0.09729050099849701,0.10608766973018646,0.9851757287979126
8.340223300008802,-0.411732017993927,0.9342119693756104,-0.025305815041065216,0.09343466907739639,0.09729543328285217,0.10589708387851715,0.9851850271224976
8.344237099998281,-0.41175347566604614,0.9341283440589905,-0.02531779743731022,0.09229710698127747,0.09686901420354843,0.10778346657752991,0.9851295948028564
8.348629800006165,-0.41177424788475037,0.9340904951095581,-0.025329377502202988,0.09233438968658447,0.09683074057102203,0.1077861413359642,0.9851295948028564
8.352606700005708,-0.4118095934391022,0.9340522885322571,-0.02533785067498684,0.09256462007761002,0.09689934551715851,0.10749059915542603,0.9851335287094116
8.357441000000108,-0.4118292033672333,0.9340161681175232,-0.025341805070638657,0.09265308082103729,0.09686585515737534,0.10745169967412949,0.9851328134536743
8.361444900001516,-0.41184574365615845,0.9339838027954102,-0.025350390002131462,0.09271019697189331,0.09680131077766418,0.10748621076345444,0.9851299524307251
8.365386600009515,-0.41187119483947754,0.9339381456375122,-0.025364799425005913,0.0926331877708435,0.09676602482795715,0.10762421041727066,0.9851256608963013
8.369499100008397,-0.41188329458236694,0.9339030385017395,-0.025377243757247925,0.0926925465464592,0.0967840775847435,0.10760454088449478,0.9851204752922058
8.373853500001132,-0.4118947982788086,0.9338750839233398,-0.025393156334757805,0.09274826943874359,0.09675079584121704,0.10750719159841537,0.9851291179656982
8.378501400002278,-0.41190850734710693,0.9338430166244507,-0.0254015251994133,0.09278514981269836,0.09672518819570541,0.10750080645084381,0.9851288795471191
8.38188000000082,-0.41191917657852173,0.9338186383247375,-0.02541024424135685,0.09287761896848679,0.09672411531209946,0.1073887050151825,0.9851323962211609
8.386092800006736,-0.4119299054145813,0.9337844252586365,-0.025416729971766472,0.0929424911737442,0.09674017876386642,0.1073010191321373,0.9851342439651489
8.390314000003855,-0.4119395315647125,0.9337431788444519,-0.025451786816120148,0.09266944974660873,0.09681575745344162,0.10732930153608322,0.9851495027542114
8.394293100005598,-0.41195279359817505,0.9337118268013,-0.02543952502310276,0.09327084571123123,0.0970589816570282,0.10688059031963348,0.9851175546646118
8.398608100003912,-0.4119645357131958,0.9336740970611572,-0.025453370064496994,0.09304893016815186,0.09697107970714569,0.10693871229887009,0.9851409196853638
8.402713400006178,-0.41197505593299866,0.9336491823196411,-0.02547331526875496,0.09303222596645355,0.09713692963123322,0.10693226009607315,0.9851269125938416
8.407020500002545,-0.4119708240032196,0.9336236715316772,-0.02548806741833687,0.09306971728801727,0.09710539132356644,0.10696090757846832,0.985123336315155
8.411189200007357,-0.41199514269828796,0.9335775971412659,-0.02548201009631157,0.09315518289804459,0.09719032049179077,0.10667084902524948,0.9851382970809937
8.41559010000492,-0.41201502084732056,0.9335241317749023,-0.025501733645796776,0.0938233956694603,0.09731773287057877,0.10639695078134537,0.9850919842720032
8.41908720000356,-0.41201502084732056,0.9335241317749023,-0.025501733645796776,0.0938233956694603,0.09731773287057877,0.10639695078134537,0.9850919842720032
8.423555400004261,-0.41203585267066956,0.9334641695022583,-0.025518089532852173,0.09384618699550629,0.09730304032564163,0.10656826943159103,0.985072672367096
8.427802000005613,-0.41205254197120667,0.9334237575531006,-0.025531787425279617,0.09388350695371628,0.09756496548652649,0.1061892881989479,0.9850842356681824
8.431972500009579,-0.41206154227256775,0.9333959817886353,-0.02553778514266014,0.09394198656082153,0.09750869870185852,0.10632940381765366,0.9850690960884094
8.436235200002557,-0.4120795726776123,0.9333574771881104,-0.02555094100534916,0.09406735002994537,0.09725410491228104,0.10634548962116241,0.9850805401802063
8.442088800002239,-0.4120907187461853,0.9333223104476929,-0.025554174557328224,0.09429162740707397,0.09730766713619232,0.1062333807349205,0.9850658774375916
8.445540300002904,-0.41209834814071655,0.933293879032135,-0.025558218359947205,0.09425663203001022,0.09727873653173447,0.10622000694274902,0.9850735068321228
8.449354700002004,-0.41211050748825073,0.9332523345947266,-0.025561902672052383,0.09441181272268295,0.09730798751115799,0.10586341470479965,0.9850941896438599
8.452919000003021,-0.41211751103401184,0.9332194924354553,-0.02556236833333969,0.09442784637212753,0.09731466323137283,0.1058712974190712,0.9850910902023315
8.457338699998218,-0.41211435198783875,0.9331886172294617,-0.02556546777486801,0.0943692997097969,0.09726961702108383,0.10593689233064651,0.9850941896438599
8.461292200008756,-0.41211608052253723,0.933159589767456,-0.025561286136507988,0.09445058554410934,0.09722213447093964,0.10591244697570801,0.9850937128067017
8.465389100005268,-0.41211429238319397,0.9331310391426086,-0.025563307106494904,0.0945013016462326,0.09722261130809784,0.10582410544157028,0.9850982427597046
8.469411300000502,-0.41210758686065674,0.9330963492393494,-0.025556771084666252,0.0947176143527031,0.09731897711753845,0.10571633279323578,0.9850795269012451
8.473822600004496,-0.412099152803421,0.9330676794052124,-0.025559155270457268,0.09488079696893692,0.09736497700214386,0.10558947920799255,0.985072910785675
8.47788840001158,-0.4120858311653137,0.9330360293388367,-0.025569096207618713,0.09483633190393448,0.0972842127084732,0.10556520521640778,0.9850876927375793
8.48214750000625,-0.4120742082595825,0.9330064058303833,-0.025567080825567245,0.09496096521615982,0.09738585352897644,0.10550393909215927,0.9850723147392273
8.486072500003502,-0.4120597839355469,0.9329882860183716,-0.02557315118610859,0.09495438635349274,0.0973685160279274,0.10546473413705826,0.9850788116455078
8.490132500010077,-0.4120430052280426,0.9329695105552673,-0.02557331696152687,0.0950266644358635,0.09737604856491089,0.10542476177215576,0.9850753545761108
8.49456820001069,-0.4120277762413025,0.9329560995101929,-0.025576969608664513,0.09508917480707169,0.09747549891471863,0.10534476488828659,0.9850680232048035
8.498598800011678,-0.41200491786003113,0.9329434037208557,-0.025565819814801216,0.09507516026496887,0.09759940952062607,0.10525725036859512,0.9850665330886841
8.502962900005514,-0.41197729110717773,0.9329363703727722,-0.025566449388861656,0.09497972577810287,0.09759779274463654,0.10535690188407898,0.9850652813911438
8.5069230000081,-0.4119616746902466,0.9329215288162231,-0.025569111108779907,0.09489032626152039,0.09759454429149628,0.10550449788570404,0.9850583076477051
8.511098100003437,-0.4119526147842407,0.9329164624214172,-0.025575581938028336,0.09496200084686279,0.09771821647882462,0.10538966208696365,0.9850515127182007
8.515426900004968,-0.41192862391471863,0.9329048991203308,-0.025583073496818542,0.09495524317026138,0.09773268550634384,0.10532142966985703,0.9850580096244812
8.519503600007738,-0.41192278265953064,0.9328999519348145,-0.025574225932359695,0.09493070840835571,0.09766269475221634,0.10550219565629959,0.9850479364395142
8.523828400007915,-0.4119117558002472,0.9328956007957458,-0.02559124492108822,0.0949309840798378,0.09782832115888596,0.10552260279655457,0.9850292801856995
8.528269300004467,-0.4118909537792206,0.9328938126564026,-0.025583943352103233,0.09490576386451721,0.09773564338684082,0.10565844178199768,0.9850264191627502
8.532008000009228,-0.41188493371009827,0.9328943490982056,-0.025581451132893562,0.09490480273962021,0.09776120632886887,0.10577331483364105,0.9850115776062012
8.536035099998116,-0.4118698537349701,0.9328940510749817,-0.02558150701224804,0.09492914378643036,0.09784127026796341,0.10579567402601242,0.984998881816864
8.5403648000065,-0.411859929561615,0.9328930377960205,-0.02558012865483761,0.09500191360712051,0.09784425050020218,0.10575950890779495,0.9849955439567566
8.544745799998054,-0.4118425250053406,0.9328919649124146,-0.025576308369636536,0.09485135972499847,0.09788216650485992,0.1058724895119667,0.984994113445282
8.548580300004687,-0.4118315577507019,0.9328893423080444,-0.02557513676583767,0.09483382105827332,0.09788715839385986,0.10605467855930328,0.9849756360054016
8.552725600005942,-0.41181889176368713,0.932891309261322,-0.025567686185240746,0.09491483122110367,0.09792738407850266,0.10598279535770416,0.9849715828895569
8.557067900008406,-0.4118075966835022,0.932896614074707,-0.025564078241586685,0.09499841183423996,0.09799832850694656,0.1058809757232666,0.9849675297737122
8.561049900003127,-0.41179606318473816,0.9328927993774414,-0.025545211508870125,0.09494506567716599,0.09799408167600632,0.10604877769947052,0.9849549531936646
8.565608700009761,-0.41178271174430847,0.9329007863998413,-0.025536879897117615,0.09503070265054703,0.09804142266511917,0.10595353692770004,0.9849522709846497
8.569521900004474,-0.41178271174430847,0.9329007863998413,-0.025536879897117615,0.09503070265054703,0.09804142266511917,0.10595353692770004,0.9849522709846497
8.573579600008088,-0.4117536246776581,0.9329133629798889,-0.025522392243146896,0.09484869241714478,0.0980633795261383,0.10603739321231842,0.9849585294723511
8.5778633000009,-0.41173896193504333,0.9329076409339905,-0.025504475459456444,0.09503813832998276,0.09812738001346588,0.10595940798521042,0.9849423170089722
8.581850600006874,-0.4117242097854614,0.9329096674919128,-0.02549681067466736,0.09494643658399582,0.09812276065349579,0.1060064509510994,0.984946608543396
8.586236700008158,-0.4117104709148407,0.9329108595848083,-0.02548781782388687,0.09494102746248245,0.09817703068256378,0.10598700493574142,0.9849438071250916
8.59030630000052,-0.4116722643375397,0.9329072833061218,-0.02548453025519848,0.09508920460939407,0.09814251214265823,0.10590074956417084,0.9849421977996826
8.594489100010833,-0.4116556942462921,0.9329028129577637,-0.025465432554483414,0.09528601914644241,0.09822151064872742,0.10585934668779373,0.9849197864532471
8.598883200000273,-0.4116351008415222,0.9329054355621338,-0.025453003123402596,0.09536386281251907,0.09822463989257812,0.10573775321245193,0.9849249720573425
8.602854000011575,-0.4116160273551941,0.9329013228416443,-0.025444744154810905,0.09530815482139587,0.09830596297979355,0.10580465197563171,0.984915018081665
8.60713129999931,-0.41159385442733765,0.9329017400741577,-0.02542983926832676,0.09538792073726654,0.09835317730903625,0.10570801794528961,0.9849130511283875
8.611129700002493,-0.41157326102256775,0.9329010248184204,-0.02541423588991165,0.09526620805263519,0.09836772829294205,0.1057833805680275,0.9849152565002441
8.615208000002895,-0.41154608130455017,0.9328967332839966,-0.025397956371307373,0.09530593454837799,0.0984816774725914,0.10572914779186249,0.9849058985710144
8.61950230000366,-0.4115334451198578,0.9328995943069458,-0.02540040761232376,0.09533894807100296,0.09847442060709,0.10573700070381165,0.984902560710907
8.623547800001688,-0.41150781512260437,0.9328946471214294,-0.025384457781910896,0.09530284255743027,0.09849637746810913,0.10578066110610962,0.9848991632461548
8.627864300011424,-0.4114883244037628,0.9329010248184204,-0.02537546120584011,0.09534551948308945,0.09855131804943085,0.10580427944660187,0.9848869442939758
8.632288100008736,-0.4114692509174347,0.9329040050506592,-0.02537035383284092,0.09543933719396591,0.09861908853054047,0.10562985390424728,0.984889805316925
8.636266300003626,-0.4114457964897156,0.9329050183296204,-0.02536584623157978,0.09533197432756424,0.09862897545099258,0.10569091141223907,0.984892725944519
8.641110199998366,-0.4114227890968323,0.9329159259796143,-0.025343898683786392,0.09526646137237549,0.09852232038974762,0.10610135644674301,0.9848655462265015
8.644581200001994,-0.411398708820343,0.9329223036766052,-0.025342566892504692,0.09527551382780075,0.09852700680494308,0.10605268180370331,0.9848694801330566
8.649369300008402,-0.41137635707855225,0.932926595211029,-0.02533397264778614,0.09527402371168137,0.09858813881874084,0.10594002902507782,0.9848756194114685
8.653341500001261,-0.4113342761993408,0.932937741279602,-0.025324992835521698,0.09485357254743576,0.09890275448560715,0.10626021027565002,0.9848501682281494
8.657032300005085,-0.41130945086479187,0.9329343438148499,-0.02531692013144493,0.09501902759075165,0.09889112412929535,0.10615827143192291,0.9848463535308838
8.661201800001436,-0.41128620505332947,0.932937741279602,-0.02531076967716217,0.09502100199460983,0.09895734488964081,0.10613776743412018,0.9848417043685913
8.665245199998026,-0.41125738620758057,0.9329389929771423,-0.025305436924099922,0.09501225501298904,0.09902516007423401,0.10608197003602982,0.9848418235778809
8.669893900005263,-0.41121983528137207,0.9329543113708496,-0.025291381403803825,0.09498271346092224,0.09881187230348587,0.10654519498348236,0.9848160743713379
8.678725900012068,-0.41116562485694885,0.9329518675804138,-0.025281216949224472,0.09502623230218887,0.09898946434259415,0.10636382550001144,0.9848136305809021
8.682502800002112,-0.4111427068710327,0.9329560995101929,-0.025274766609072685,0.0949307531118393,0.09901034832000732,0.10644157230854034,0.9848123788833618
8.68604050000431,-0.41110947728157043,0.932961106300354,-0.02527962438762188,0.09487984329462051,0.09910447895526886,0.1064353883266449,0.9848084449768066
8.690494100010255,-0.4110950827598572,0.932951033115387,-0.025266805663704872,0.09496114403009415,0.09914454072713852,0.10639642924070358,0.9848008155822754
8.694355300001916,-0.4110642969608307,0.9329552054405212,-0.02527419477701187,0.09487361460924149,0.0993192046880722,0.10639733821153641,0.9847915172576904
8.698502800005372,-0.4110339879989624,0.9329424500465393,-0.025251135230064392,0.0951116606593132,0.09942169487476349,0.10619661211967468,0.9847798943519592
8.702825700005633,-0.411017507314682,0.932935893535614,-0.025244733318686485,0.09521176666021347,0.09954958409070969,0.10612297058105469,0.9847652912139893
8.706952799999272,-0.4109806418418884,0.9329283237457275,-0.025237230584025383,0.09537799656391144,0.09979525953531265,0.10619153827428818,0.9847168922424316
8.711224099999527,-0.4109460115432739,0.9329347610473633,-0.025245394557714462,0.09530527144670486,0.10005421191453934,0.10634893923997879,0.984680712223053
8.715241300000343,-0.4109247326850891,0.9329283237457275,-0.025234270840883255,0.09536584466695786,0.10011676698923111,0.1062341257929802,0.9846808910369873
8.719544600011432,-0.4109117090702057,0.93291836977005,-0.025221094489097595,0.09541445970535278,0.1000836193561554,0.1063753142952919,0.984664261341095
8.723618800009717,-0.41088685393333435,0.9329060316085815,-0.02521354705095291,0.09562341868877411,0.10008926689624786,0.1063263937830925,0.9846486449241638
8.727869100010139,-0.4108680486679077,0.9329005479812622,-0.0252098198980093,0.09569010138511658,0.10017579793930054,0.10639716684818268,0.9846257567405701
8.732278299998143,-0.4108477532863617,0.9328945279121399,-0.025204863399267197,0.09578132629394531,0.10029410570859909,0.10624769330024719,0.9846210479736328
8.736231400005636,-0.4108264446258545,0.9328935742378235,-0.025202862918376923,0.09577300399541855,0.10030154883861542,0.10627447813749313,0.9846181869506836
8.740513700002339,-0.4108092188835144,0.9328945279121399,-0.025198323652148247,0.0957510843873024,0.10032058507204056,0.10631503909826279,0.9846140146255493
8.744516999999178,-0.4107958674430847,0.9328977465629578,-0.025197027251124382,0.09581829607486725,0.10037677735090256,0.10625535994768143,0.9846081137657166
8.752542900008848,-0.4107649624347687,0.932904839515686,-0.025196902453899384,0.09567660093307495,0.10045003145933151,0.10635418444871902,0.9846038222312927
8.756719500001054,-0.41075143218040466,0.9329056143760681,-0.02520381659269333,0.0957149788737297,0.10049814730882645,0.1061854213476181,0.9846134185791016
8.761135000007926,-0.4107320308685303,0.9329043030738831,-0.02521202340722084,0.09561573714017868,0.10051693767309189,0.10623856633901596,0.9846153855323792
8.765379500007839,-0.4107009768486023,0.9329240322113037,-0.02521703951060772,0.0951615646481514,0.10088629275560379,0.10641828179359436,0.9846022129058838
8.769330499999342,-0.41069555282592773,0.9329215884208679,-0.02521582320332527,0.09528879821300507,0.10076829046010971,0.1063290685415268,0.9846115708351135
8.772734300000593,-0.41069555282592773,0.9329215884208679,-0.02521582320332527,0.09528879821300507,0.10076829046010971,0.1063290685415268,0.9846115708351135
8.776179300009971,-0.41068151593208313,0.9329196214675903,-0.025220712646842003,0.09519657492637634,0.10073118656873703,0.10635873675346375,0.9846210479736328
8.780631300003733,-0.4106692671775818,0.9329226613044739,-0.025224357843399048,0.09521187096834183,0.10074693709611893,0.10638830065727234,0.9846147894859314
8.783883900003275,-0.41063207387924194,0.9329308271408081,-0.025242052972316742,0.09501395374536514,0.10074329376220703,0.10663088411092758,0.9846081137657166
8.78809510001156,-0.41064217686653137,0.932925283908844,-0.025222288444638252,0.09523965418338776,0.10074345022439957,0.10641252249479294,0.984609842300415
8.792241400005878,-0.4106029272079468,0.932933509349823,-0.025236764922738075,0.09504780173301697,0.10078562796115875,0.10663416981697083,0.9846001267433167
8.796340300003067,-0.4105919301509857,0.9329273104667664,-0.025237591937184334,0.09506823867559433,0.1007886677980423,0.1065889447927475,0.984602689743042
8.800509699998656,-0.41057926416397095,0.9329286217689514,-0.025233881548047066,0.09502693265676498,0.10076852142810822,0.10670296102762222,0.9845964312553406
8.805833700011135,-0.4105825126171112,0.932926595211029,-0.025224456563591957,0.09517427533864975,0.1006709411740303,0.10647743195295334,0.9846166372299194
8.811035999999149,-0.41055890917778015,0.9329344034194946,-0.025217723101377487,0.09510616213083267,0.10067171603441238,0.10648437589406967,0.9846222996711731
8.817006000012043,-0.410539448261261,0.9329437017440796,-0.025216486304998398,0.09518901258707047,0.10086707770824432,0.10643470287322998,0.984599769115448
8.822004200002993,-0.4105290174484253,0.9329469203948975,-0.025211617350578308,0.09514937549829483,0.10088382661342621,0.10644761472940445,0.9846004843711853
8.826501500006998,-0.4105232059955597,0.9329466223716736,-0.025202607735991478,0.09518437832593918,0.10091113299131393,0.1063881441950798,0.9846007227897644
8.829934100009268,-0.4105142652988434,0.9329507946968079,-0.025200191885232925,0.09521287679672241,0.10093580186367035,0.1063651368021965,0.98459792137146
8.833794600010151,-0.41051185131073,0.932948887348175,-0.02519805170595646,0.09519700706005096,0.10096427798271179,0.10629816353321075,0.9846037030220032
8.838257200011867,-0.41051313281059265,0.9329432845115662,-0.025186195969581604,0.09530677646398544,0.10078652203083038,0.10626059770584106,0.9846153855323792
8.842184900000575,-0.4104934334754944,0.9329521059989929,-0.025187410414218903,0.0952092632651329,0.10096368193626404,0.10634924471378326,0.9845971465110779
8.846260999998776,-0.41049426794052124,0.9329500794410706,-0.025184933096170425,0.09539884328842163,0.10102769732475281,0.10623715072870255,0.9845842719078064
8.850636200004374,-0.4105062186717987,0.9329448342323303,-0.025169750675559044,0.09540916979312897,0.1008153110742569,0.1063002347946167,0.9845982789993286
8.854840400003013,-0.41050389409065247,0.9329469203948975,-0.025154592469334602,0.09544166922569275,0.10083137452602386,0.10634094476699829,0.9845890402793884
8.858889900002396,-0.4104922413825989,0.9329516291618347,-0.0251550804823637,0.09553412348031998,0.10104935616254807,0.10614520311355591,0.9845788478851318
8.863290599998436,-0.4105033576488495,0.9329479336738586,-0.025139031931757927,0.09553654491901398,0.10090778023004532,0.10616283118724823,0.9845912456512451
8.867264800006524,-0.4104902744293213,0.9329476356506348,-0.025134189054369926,0.09563157707452774,0.10115444660186768,0.10633035749197006,0.9845386743545532
8.873073900002055,-0.41051042079925537,0.9329553842544556,-0.025123292580246925,0.09547581523656845,0.10091689974069595,0.10625195503234863,0.9845865964889526
8.878363900003023,-0.4105105698108673,0.9329578876495361,-0.025119006633758545,0.09549058973789215,0.10093904286623001,0.10626356303691864,0.9845816493034363
8.884578500001226,-0.4105101525783539,0.9329593181610107,-0.02511773630976677,0.09542576968669891,0.10095250606536865,0.10633598268032074,0.9845787286758423
8.888188000011723,-0.4105096459388733,0.932961106300354,-0.02511177584528923,0.09546628594398499,0.10092237591743469,0.10623779147863388,0.9845884442329407
8.892182000010507,-0.41050830483436584,0.9329633712768555,-0.025109078735113144,0.0953497663140297,0.10095363110303879,0.1062876358628273,0.9845911264419556
8.896360300001106,-0.4104922115802765,0.9329670667648315,-0.025110723450779915,0.09546080231666565,0.10128369182348251,0.10625144839286804,0.984550416469574
8.90044760001183,-0.4105083644390106,0.932969868183136,-0.02511202171444893,0.09524494409561157,0.1009434163570404,0.10621737688779831,0.9846099615097046
8.908823000005214,-0.41050389409065247,0.9329622983932495,-0.02511182799935341,0.09515267610549927,0.10093623399734497,0.10638432204723358,0.984601616859436
8.912953000006382,-0.4105088412761688,0.9329601526260376,-0.025110870599746704,0.0952189713716507,0.10099546611309052,0.10626840591430664,0.984601616859436
8.91709040000569,-0.4105144441127777,0.9329569339752197,-0.025106482207775116,0.09521262347698212,0.10090484470129013,0.10621682554483414,0.9846171140670776
8.921453800008749,-0.41052156686782837,0.9329500198364258,-0.025098593905568123,0.09518790990114212,0.1009674072265625,0.10621148347854614,0.9846136569976807
8.925812200002838,-0.4105272889137268,0.93294757604599,-0.025084368884563446,0.09511639177799225,0.10093453526496887,0.10629519820213318,0.984614908695221
8.929455200006487,-0.41053447127342224,0.9329327344894409,-0.025068363174796104,0.09510183334350586,0.10095440596342087,0.10635819286108017,0.9846073985099792
8.933250000001863,-0.4105514883995056,0.9329245090484619,-0.02505193091928959,0.09535092860460281,0.10111001133918762,0.10600267350673676,0.9846057891845703
8.936775200010743,-0.4105587899684906,0.932911217212677,-0.025040701031684875,0.09531038254499435,0.10105801373720169,0.10606589913368225,0.9846082329750061
8.94035060000897,-0.41056007146835327,0.9328965544700623,-0.025029798969626427,0.09538260847330093,0.10107023268938065,0.10601909458637238,0.9846049547195435
8.944489400004386,-0.4105597138404846,0.9328773617744446,-0.025024810805916786,0.09532378613948822,0.10106737911701202,0.10596796125173569,0.9846165180206299
8.9486012999987,-0.4105660319328308,0.932849645614624,-0.025028707459568977,0.09573791921138763,0.10092102736234665,0.1056281328201294,0.9846278429031372
8.952589500011527,-0.41056135296821594,0.932838499546051,-0.025023026391863823,0.09568017721176147,0.10088911652565002,0.105644591152668,0.9846349358558655
8.956768500007456,-0.41055768728256226,0.9328290820121765,-0.025023050606250763,0.0957893505692482,0.10094363987445831,0.10548557341098785,0.9846358299255371
8.961775900010252,-0.41055402159690857,0.9328127503395081,-0.025013718754053116,0.09569980204105377,0.10093402117490768,0.10559715330600739,0.9846335053443909
8.96591040000203,-0.4105479121208191,0.9328054785728455,-0.0250121857970953,0.09569928795099258,0.1009504422545433,0.10551930963993073,0.9846402406692505
8.969705700001214,-0.4105437397956848,0.9327952861785889,-0.025010699406266212,0.09582026302814484,0.10097172856330872,0.10540568828582764,0.9846383929252625
8.973856000011438,-0.41054287552833557,0.9327800869941711,-0.02500477433204651,0.09571199119091034,0.10095355659723282,0.10547073930501938,0.9846439361572266
8.978064200011431,-0.4105399549007416,0.9327676296234131,-0.02500385046005249,0.0958232507109642,0.10104697197675705,0.10543198138475418,0.9846276640892029
8.982025600009365,-0.41053903102874756,0.9327571392059326,-0.0249988604336977,0.09585227072238922,0.10107188671827316,0.10528930276632309,0.9846375584602356
8.986053400003584,-0.41053903102874756,0.9327433705329895,-0.024993905797600746,0.09582915157079697,0.10107161104679108,0.1054152324795723,0.9846263527870178
8.994363700010581,-0.41054007411003113,0.932708203792572,-0.02495718188583851,0.09559619426727295,0.10123142600059509,0.10596330463886261,0.9845736622810364
8.99849460000405,-0.4105278551578522,0.9326896071434021,-0.024942753836512566,0.09573730826377869,0.10154996812343597,0.10603819787502289,0.9845191240310669
9.00293160000001,-0.41052165627479553,0.9326651692390442,-0.024929773062467575,0.09576199948787689,0.101754330098629,0.1061275526881218,0.9844859838485718
9.007110100006685,-0.4105181396007538,0.9326386451721191,-0.024919264018535614,0.09575919061899185,0.10183106362819672,0.10628406703472137,0.9844614863395691
9.011126199999126,-0.41050484776496887,0.9326035976409912,-0.024896476417779922,0.09577934443950653,0.1020696684718132,0.10636430978775024,0.9844261407852173
9.015623100000084,-0.4104989767074585,0.9325610399246216,-0.02487543411552906,0.09587889909744263,0.1021922379732132,0.10636711865663528,0.9844033718109131
9.019380400000955,-0.4104853868484497,0.9325273633003235,-0.02486451342701912,0.09601413458585739,0.10231945663690567,0.10630693286657333,0.9843834638595581
9.023764000012306,-0.4104722738265991,0.9324877858161926,-0.024852165952324867,0.09601327776908875,0.10256803780794144,0.10636290162801743,0.9843517541885376
9.027835100001539,-0.41045594215393066,0.9324408173561096,-0.0248201135545969,0.09600383043289185,0.10263141989707947,0.1064102053642273,0.9843408465385437
9.032603700004984,-0.41044187545776367,0.9323941469192505,-0.024792464450001717,0.0961403027176857,0.1027994304895401,0.10639645904302597,0.9843115210533142
9.03629329999967,-0.4104260504245758,0.9323453903198242,-0.024758772924542427,0.09635321795940399,0.1030377671122551,0.10627218335866928,0.984279215335846
9.040273000005982,-0.4104100465774536,0.9322866201400757,-0.02473222091794014,0.09671242535114288,0.10321804881095886,0.10615422576665878,0.9842378497123718
9.044538000001921,-0.41038817167282104,0.9322344660758972,-0.024679645895957947,0.09651415050029755,0.10342006385326385,0.10612460225820541,0.9842392206192017
9.04854940000223,-0.41036292910575867,0.9321616291999817,-0.024651730433106422,0.09693358093500137,0.10369139164686203,0.10595503449440002,0.9841877222061157
9.053051300012157,-0.41035521030426025,0.93207186460495,-0.024611523374915123,0.09685678780078888,0.10410897433757782,0.10573486983776093,0.984174907207489
9.057142100005876,-0.4103255569934845,0.9320019483566284,-0.024560408666729927,0.09694698452949524,0.10439801216125488,0.10567638278007507,0.9841417670249939
9.06102860000101,-0.4102913439273834,0.9319049119949341,-0.02451201155781746,0.09653343260288239,0.104375921189785,0.1063447818160057,0.9841126799583435
9.065412399999332,-0.4102325141429901,0.9318159818649292,-0.02444264478981495,0.09651708602905273,0.10463540256023407,0.10544054955244064,0.9841840267181396
9.069352200007415,-0.4101812243461609,0.9317312836647034,-0.02436359040439129,0.09640195220708847,0.10474364459514618,0.10547132790088654,0.9841804504394531
9.073522200007574,-0.4101477563381195,0.9315983653068542,-0.024301668629050255,0.0960220992565155,0.10505890846252441,0.10537110269069672,0.9841947555541992
9.077876200011815,-0.41010868549346924,0.9314975738525391,-0.024234415963292122,0.09602881968021393,0.10533995181322098,0.10528937727212906,0.9841728210449219
9.081914300011704,-0.4100581109523773,0.9313746094703674,-0.0241672545671463,0.0967150405049324,0.10572727024555206,0.10478220880031586,0.9841182231903076
9.086282900010701,-0.4099888205528259,0.9312735795974731,-0.024071568623185158,0.09697601199150085,0.10587489604949951,0.10444001108407974,0.9841130375862122
9.089863200002583,-0.4099888205528259,0.9312735795974731,-0.024071568623185158,0.09697601199150085,0.10587489604949951,0.10444001108407974,0.9841130375862122
9.094604099998833,-0.4098373353481293,0.9310455918312073,-0.023880228400230408,0.09805718809366226,0.1070362851023674,0.10326505452394485,0.9840042591094971
9.099046200004523,-0.4097638428211212,0.9309512972831726,-0.023799652233719826,0.0982624962925911,0.10747730731964111,0.10292699933052063,0.9839711785316467
9.102887500004726,-0.40967705845832825,0.9308398365974426,-0.023699471727013588,0.09795855730772018,0.107892706990242,0.10312867909669876,0.9839348196983337
9.108866900001885,-0.4096013903617859,0.9307439923286438,-0.023609282448887825,0.09798140823841095,0.10845301300287247,0.10274142026901245,0.9839115142822266
9.113056300004246,-0.40951472520828247,0.9306337237358093,-0.023505067452788353,0.09820567816495895,0.10893303155899048,0.10244505852460861,0.9838670492172241
9.117147400000249,-0.4094044864177704,0.9305267333984375,-0.023385126143693924,0.09801982343196869,0.10981161892414093,0.10246802866458893,0.9837855100631714
9.121352300004219,-0.40929073095321655,0.9304198622703552,-0.023265553638339043,0.098012275993824,0.11073151230812073,0.10224628448486328,0.9837062358856201
9.128409199998714,-0.40904107689857483,0.9301533699035645,-0.022994617000222206,0.09844069182872772,0.11232005804777145,0.1021232083439827,0.9834960699081421
9.13214830000652,-0.40888768434524536,0.9300119280815125,-0.022874511778354645,0.09903988242149353,0.11330071836709976,0.10169685631990433,0.9833675622940063
9.13647920000949,-0.40874066948890686,0.9298563003540039,-0.022720515727996826,0.09948716312646866,0.11401307582855225,0.10053146630525589,0.9833599328994751
9.141201700011152,-0.40854009985923767,0.9297398924827576,-0.022466031834483147,0.1003134474158287,0.11565574258565903,0.0986601784825325,0.9832737445831299
9.145475400000578,-0.4083726704120636,0.9295880198478699,-0.022313417866826057,0.10025303810834885,0.11638295650482178,0.0986003577709198,0.9832000732421875
9.149176300008548,-0.40818753838539124,0.9293869733810425,-0.022101886570453644,0.1007048562169075,0.1170133724808693,0.09825234860181808,0.9831138849258423
9.153191700010211,-0.4079882800579071,0.9291970729827881,-0.021930929273366928,0.09985753893852234,0.11772390455007553,0.09949134290218353,0.9829909205436707
9.157150800005184,-0.40775513648986816,0.9290128350257874,-0.021718410775065422,0.10001745074987411,0.11820323765277863,0.09896725416183472,0.9829699993133545
9.161498200002825,-0.40754032135009766,0.9288668632507324,-0.021519619971513748,0.10037919133901596,0.11908019334077835,0.09857071191072464,0.9828671813011169
9.165338500009966,-0.40731483697891235,0.9287097454071045,-0.02131219580769539,0.10096128284931183,0.12001367658376694,0.09760132431983948,0.9827907085418701
9.169440700003179,-0.40705469250679016,0.928584098815918,-0.021099919453263283,0.10109737515449524,0.12105125933885574,0.09752943366765976,0.9826565980911255
9.174160399998073,-0.4067816138267517,0.928408682346344,-0.02088669128715992,0.10135969519615173,0.1220225840806961,0.09711512923240662,0.9825504422187805
9.17787510000926,-0.40647608041763306,0.9282302260398865,-0.020637866109609604,0.1023082509636879,0.12324801832437515,0.0965208187699318,0.9823578000068665
9.181973900005687,-0.40618783235549927,0.9280304908752441,-0.020393962040543556,0.10270538181066513,0.12417708337306976,0.09539606422185898,0.982309103012085
9.186123899999075,-0.40585559606552124,0.9278626441955566,-0.020055169239640236,0.10299939662218094,0.12595488131046295,0.09439343959093094,0.9821489453315735
9.190411700008553,-0.4055088758468628,0.9276947379112244,-0.019824553281068802,0.1026020422577858,0.12663520872592926,0.09415450692176819,0.9821258783340454
9.194836700000451,-0.405214786529541,0.9274749159812927,-0.0195914376527071,0.10271911323070526,0.12771376967430115,0.0940694510936737,0.9819821715354919
9.198597499998868,-0.4048856496810913,0.9272227883338928,-0.019350536167621613,0.10218781977891922,0.12873421609401703,0.09439641237258911,0.9818729758262634
9.202896300004795,-0.4045020639896393,0.9270362257957458,-0.01904449425637722,0.10209433734416962,0.13004761934280396,0.09369374066591263,0.9817769527435303
9.2073403000104,-0.40418320894241333,0.9268567562103271,-0.01877664402127266,0.1019292026758194,0.13160353899002075,0.0932159349322319,0.9816322326660156
9.211681400003727,-0.40385887026786804,0.9266517758369446,-0.01850205659866333,0.10251592099666595,0.13287539780139923,0.09237193316221237,0.9814795851707458
9.215803400002187,-0.40348881483078003,0.9264019131660461,-0.01815643161535263,0.1020767018198967,0.13397955894470215,0.09246203303337097,0.981366753578186
9.219765300003928,-0.4030810296535492,0.9262276887893677,-0.0178021602332592,0.10306984186172485,0.13575337827205658,0.09072139859199524,0.9811816215515137
9.223697800000082,-0.4027102291584015,0.9259921312332153,-0.017476581037044525,0.10285588353872299,0.13672196865081787,0.09093093872070312,0.9810501933097839
9.227706000005128,-0.4023517370223999,0.9257471561431885,-0.01717063970863819,0.10295584052801132,0.13808263838291168,0.09057848155498505,0.9808816909790039
9.23208390000218,-0.40200507640838623,0.9254136085510254,-0.016823580488562584,0.10220625251531601,0.1392189860343933,0.09184752404689789,0.9806814193725586
9.236200300001656,-0.401620090007782,0.9251384735107422,-0.016442719846963882,0.10299218446016312,0.14025439321994781,0.09229035675525665,0.9804100394248962
9.240384200005792,-0.40121373534202576,0.9248726963996887,-0.016044488176703453,0.10318774729967117,0.14114774763584137,0.09241265058517456,0.9802497625350952
9.244742200011387,-0.4008328318595886,0.9246290326118469,-0.015675513073801994,0.103238545358181,0.14221228659152985,0.09126810729503632,0.9801977276802063
9.248777600005269,-0.4004034399986267,0.9243974089622498,-0.015255228616297245,0.103922538459301,0.14355690777301788,0.08960162103176117,0.9800832271575928
9.253164000008837,-0.39993858337402344,0.9241058230400085,-0.014878014102578163,0.10428594052791595,0.14576159417629242,0.08982890099287033,0.9796983599662781
9.257582800011733,-0.3994945287704468,0.923808217048645,-0.014474645256996155,0.10433714836835861,0.146829292178154,0.09011320024728775,0.9795072674751282
9.26116350000666,-0.3990340232849121,0.923454999923706,-0.01406461838632822,0.10486647486686707,0.1474689543247223,0.09067588299512863,0.979302704334259
9.26619350000692,-0.3985292911529541,0.9231591820716858,-0.013656701892614365,0.10445543378591537,0.14898142218589783,0.09011541306972504,0.9791694283485413
9.269656300006318,-0.39802128076553345,0.9228699803352356,-0.013255407102406025,0.10535958409309387,0.14988647401332855,0.08835700899362564,0.9790947437286377
9.273689499998,-0.397470623254776,0.9226827621459961,-0.012750739231705666,0.10547289997339249,0.15123312175273895,0.087678462266922,0.9789363741874695
9.278266799999983,-0.3969452381134033,0.922390878200531,-0.012358367443084717,0.10636962205171585,0.15345516800880432,0.08730710297822952,0.9785267114639282
9.28199940000195,-0.39641061425209045,0.9221241474151611,-0.011926227249205112,0.10795088857412338,0.15486875176429749,0.08562886714935303,0.978279173374176
9.286060700003873,-0.39583805203437805,0.9218437671661377,-0.011441959999501705,0.10755842924118042,0.15601064264774323,0.08489551395177841,0.9782047867774963
9.290287399999215,-0.3953224718570709,0.9215750694274902,-0.01103744562715292,0.10865126550197601,0.15739752352237701,0.0824182853102684,0.9780737161636353
9.294757800002117,-0.3946731388568878,0.921312153339386,-0.010529804043471813,0.10735790431499481,0.15937308967113495,0.08348077535629272,0.9778065085411072
9.299070699998992,-0.3941638171672821,0.9210143089294434,-0.010115639306604862,0.10721434652805328,0.16054590046405792,0.08376661688089371,0.977605938911438
9.302872400003253,-0.39356255531311035,0.9207770824432373,-0.009656001813709736,0.10739713162183762,0.1620219200849533,0.08239427208900452,0.9774590134620667
9.306960900008562,-0.3929423391819,0.9205343127250671,-0.009167797863483429,0.10871203243732452,0.16300666332244873,0.08204256743192673,0.9771794676780701
9.311136000003899,-0.3929423391819,0.9205343127250671,-0.009167797863483429,0.10871203243732452,0.16300666332244873,0.08204256743192673,0.9771794676780701
9.315069300006144,-0.3923564553260803,0.9203247427940369,-0.008717752993106842,0.1084141880273819,0.16477680206298828,0.08108910173177719,0.9769951701164246
9.323182699998142,-0.39053893089294434,0.9194611310958862,-0.00730280252173543,0.10863855481147766,0.1688981056213379,0.08119607716798782,0.97625732421875
9.327686700009508,-0.3899399936199188,0.9192830324172974,-0.0068190498277544975,0.10865725576877594,0.16971547901630402,0.08063069730997086,0.9761602878570557
9.33181920000061,-0.3892684876918793,0.9190496206283569,-0.006340438034385443,0.10859480500221252,0.17152222990989685,0.08070044964551926,0.9758456945419312
9.336103300011018,-0.38866135478019714,0.9187705516815186,-0.005884203594177961,0.10863049328327179,0.17209896445274353,0.08099856227636337,0.9757155179977417
9.340323600001284,-0.388006329536438,0.9184906482696533,-0.005369589198380709,0.10937558859586716,0.1744575947523117,0.0801268219947815,0.9752851724624634
9.344576100003906,-0.38737812638282776,0.9182802438735962,-0.004881708417087793,0.11020685732364655,0.17566342651844025,0.07898329943418503,0.9750684499740601
9.348674500011839,-0.38669076561927795,0.9180408120155334,-0.004382312297821045,0.1092209443449974,0.17639704048633575,0.08138638734817505,0.9748493432998657
9.352790900011314,-0.3860125243663788,0.9177661538124084,-0.0038884454406797886,0.10922546684741974,0.17730404436588287,0.0821216031908989,0.9746226072311401
9.357369000004837,-0.3853626847267151,0.9175264835357666,-0.003327189479023218,0.1096988245844841,0.17921629548072815,0.08036758005619049,0.9743658304214478
9.361087700002827,-0.3846582770347595,0.9173228144645691,-0.0027916082181036472,0.10986853390932083,0.18142718076705933,0.07982746511697769,0.9739818572998047
9.365248000001884,-0.38392892479896545,0.9170900583267212,-0.0022522194776684046,0.11091618239879608,0.1819063276052475,0.0807293951511383,0.9736994504928589
9.369583300009253,-0.3832210600376129,0.9169199466705322,-0.0017289374954998493,0.11185285449028015,0.18380755186080933,0.0788307711482048,0.9733907580375671
9.373975800001062,-0.3824763298034668,0.9166560769081116,-0.0011951333144679666,0.11141587793827057,0.18490272760391235,0.07995697855949402,0.9731414914131165
9.37787219999882,-0.3817481994628906,0.9164363741874695,-0.0006796550005674362,0.11159991472959518,0.18639133870601654,0.07978329062461853,0.9728506803512573
9.381868399999803,-0.38104575872421265,0.9161873459815979,-0.0001509595022071153,0.11181970685720444,0.18691976368427277,0.08130773901939392,0.9725977778434753
9.386152600010973,-0.38023507595062256,0.9159954190254211,0.0004063906380906701,0.11208425462245941,0.18815729022026062,0.07996674627065659,0.9724398851394653
9.391119799998705,-0.3794766664505005,0.9157867431640625,0.0008990800706669688,0.11248280107975006,0.18980222940444946,0.07978159934282303,0.9720893502235413
9.39839450000727,-0.37799355387687683,0.9154412746429443,0.001958737149834633,0.11321594566106796,0.19283612072467804,0.07917165756225586,0.9714568257331848
9.402698500009137,-0.37713298201560974,0.9152340888977051,0.0025459504686295986,0.11339451372623444,0.19392718374729156,0.07922393083572388,0.9712145328521729
9.410994900012156,-0.3756011128425598,0.914831817150116,0.00359546160325408,0.11316139996051788,0.1955774426460266,0.08082336187362671,0.9707788228988647
9.415085000000545,-0.3748137354850769,0.914637565612793,0.004127960652112961,0.11247377842664719,0.19756163656711578,0.08182020485401154,0.9703734517097473
9.419655200006673,-0.37398722767829895,0.9144219160079956,0.00469656428322196,0.1129331886768341,0.19838261604309082,0.08148863166570663,0.9701804518699646
9.423799600001075,-0.37318482995033264,0.9142323136329651,0.0052162474021315575,0.11321629583835602,0.20028069615364075,0.07985658198595047,0.9698931574821472
9.427816000010353,-0.3723604083061218,0.9140504002571106,0.005783624015748501,0.11375337094068527,0.20131422579288483,0.07966195046901703,0.9696322679519653
9.432497500005411,-0.37154462933540344,0.9138097167015076,0.0063347904942929745,0.11299406737089157,0.20262880623340607,0.08139365166425705,0.9693033695220947
9.436216000001878,-0.3707289397716522,0.9136008620262146,0.0068975212052464485,0.11490558087825775,0.20327697694301605,0.07942371070384979,0.9691063165664673
9.440470500005176,-0.3698907494544983,0.9134389758110046,0.0074376193806529045,0.11445152759552002,0.20572316646575928,0.0792393609881401,0.9686589241027832
9.444475100011914,-0.36905667185783386,0.9131864905357361,0.007965069264173508,0.11347367614507675,0.20628900825977325,0.08120960742235184,0.9684903621673584
9.448777600002359,-0.368194580078125,0.9129494428634644,0.008515972644090652,0.11413848400115967,0.20763905346393585,0.08067042380571365,0.9681687355041504
9.45283360000758,-0.36732590198516846,0.912725567817688,0.00912322849035263,0.11428675055503845,0.2092001736164093,0.08072198927402496,0.967810869216919
9.45728180000151,-0.3665001094341278,0.9125016331672668,0.009671029634773731,0.11466731876134872,0.2104192078113556,0.08061046153306961,0.9675108194351196
9.461232200002996,-0.36560508608818054,0.912262499332428,0.010231571272015572,0.11621442437171936,0.21188005805015564,0.07951691001653671,0.9670978784561157
9.465325800003484,-0.3647068440914154,0.912050724029541,0.010809017345309258,0.11558107286691666,0.21334311366081238,0.07965083420276642,0.9668409824371338
9.469471500007785,-0.36381995677948,0.9117693305015564,0.01142855640500784,0.11514878273010254,0.21420447528362274,0.08172286301851273,0.9665291905403137
9.474097600003006,-0.36295342445373535,0.9115590453147888,0.012017128057777882,0.11510851234197617,0.21567769348621368,0.08193226158618927,0.9661885499954224
9.477909300010651,-0.36201754212379456,0.91131991147995,0.01260590460151434,0.11626751720905304,0.21738308668136597,0.08091997355222702,0.9657527804374695
9.482927800010657,-0.3611382842063904,0.9111342430114746,0.01313111837953329,0.11568213254213333,0.21812275052070618,0.08220531791448593,0.9655476808547974
9.4866461000056,-0.3602176308631897,0.9108995795249939,0.013727586716413498,0.11744964867830276,0.22016800940036774,0.0808568000793457,0.9649839401245117
9.494179900008021,-0.358388215303421,0.9103954434394836,0.014946925453841686,0.11645174771547318,0.22257857024669647,0.08270280063152313,0.9643951654434204
9.498539300009725,-0.35748282074928284,0.9101547002792358,0.01548975519835949,0.11715562641620636,0.22466573119163513,0.08190200477838516,0.9638941884040833
9.50282770000922,-0.356521338224411,0.9099563360214233,0.01608700305223465,0.11701942980289459,0.22501401603221893,0.08357556909322739,0.9636857509613037
9.507055200010655,-0.35563892126083374,0.9097047448158264,0.016689011827111244,0.11767075955867767,0.22758683562278748,0.08232519030570984,0.9631098508834839
9.511146100005135,-0.3546903133392334,0.9094568490982056,0.01724880002439022,0.1189122349023819,0.22874583303928375,0.0826612263917923,0.9626538157463074
9.515174000000115,-0.35379940271377563,0.9092000126838684,0.017813144251704216,0.11817708611488342,0.23016001284122467,0.08280662447214127,0.9623947739601135
9.519237800006522,-0.35283008217811584,0.9089186787605286,0.018444232642650604,0.1186811625957489,0.23187555372714996,0.08223021775484085,0.9619702696800232
9.523604700007127,-0.3519246578216553,0.9086219072341919,0.018956054002046585,0.1183641105890274,0.23380358517169952,0.08371932804584503,0.961414098739624
9.528115400011302,-0.3510061204433441,0.9083957076072693,0.019592784345149994,0.11811872571706772,0.23469331860542297,0.08492092788219452,0.9611220359802246
9.532008599999244,-0.3500596284866333,0.9080886840820312,0.020132726058363914,0.118817038834095,0.23691639304161072,0.08434677869081497,0.9605408906936646
9.536090499997954,-0.34915587306022644,0.9078389406204224,0.02071179822087288,0.11958293616771698,0.237771674990654,0.08365187048912048,0.9602952003479004
9.540548800010583,-0.34823277592658997,0.9075185060501099,0.02130735293030739,0.11940790712833405,0.23978601396083832,0.08469929546117783,0.9597242474555969
9.544607800009544,-0.34726065397262573,0.9072088003158569,0.021899085491895676,0.11916344612836838,0.24062682688236237,0.08535848557949066,0.9594857096672058
9.548904800001765,-0.3463149964809418,0.9069180488586426,0.022411581128835678,0.11945923417806625,0.24258852005004883,0.0851779505610466,0.958970844745636
9.552740900006029,-0.34538957476615906,0.9066355228424072,0.02298719994723797,0.12025871872901917,0.24333181977272034,0.08573850989341736,0.9586325287818909
9.557008800009498,-0.3443882167339325,0.9063659906387329,0.02358422614634037,0.1207038089632988,0.24535702168941498,0.08447624742984772,0.9581724405288696
9.561164099999587,-0.3434416353702545,0.9060165882110596,0.024144457653164864,0.12184605747461319,0.24695554375648499,0.08448832482099533,0.9576159119606018
9.565260600007605,-0.3424554467201233,0.9057434797286987,0.02465437352657318,0.12121134996414185,0.2486824244260788,0.0845353826880455,0.957245409488678
9.569717500009574,-0.3414594531059265,0.9054163694381714,0.02522655390202999,0.12152234464883804,0.2501676678657532,0.0835454910993576,0.9569057822227478
9.573647199998959,-0.3404471278190613,0.9051152467727661,0.025743812322616577,0.1213490441441536,0.2520265579223633,0.0842638611793518,0.956376850605011
9.57776179999928,-0.3394218683242798,0.9048328399658203,0.02627202495932579,0.1213996633887291,0.25354593992233276,0.08351553976535797,0.9560343623161316
9.581778300009319,-0.338411420583725,0.904545247554779,0.026799045503139496,0.12344645708799362,0.25591176748275757,0.080782949924469,0.9553765058517456
9.586373700003605,-0.33737048506736755,0.9042890667915344,0.027287062257528305,0.12291134148836136,0.25757697224617004,0.08201967179775238,0.9548925161361694
9.590700900007505,-0.3363552987575531,0.904019296169281,0.02772924304008484,0.12367308884859085,0.25940781831741333,0.08095644414424896,0.9543891549110413
9.598724900002708,-0.3343387246131897,0.9034654498100281,0.028728105127811432,0.12296686321496964,0.2631613612174988,0.08096034079790115,0.9534520506858826
9.60267720000411,-0.33328068256378174,0.9031788110733032,0.02916673757135868,0.12391853332519531,0.2651456892490387,0.079304039478302,0.9529180526733398
9.606902800005628,-0.33232492208480835,0.9029250144958496,0.029615454375743866,0.12326771765947342,0.26660212874412537,0.07973869889974594,0.952559769153595
9.615553100011311,-0.33028098940849304,0.9023813009262085,0.030495261773467064,0.12419924139976501,0.270574152469635,0.07833902537822723,0.9514342546463013
9.619839999999385,-0.32929834723472595,0.9020706415176392,0.03096742182970047,0.12403371930122375,0.27202513813972473,0.07941192388534546,0.9509531259536743
9.62350480000896,-0.32831472158432007,0.9017842411994934,0.03133812174201012,0.12432102113962173,0.2750033736228943,0.07771213352680206,0.9501990079879761
9.627793899999233,-0.32732388377189636,0.901489794254303,0.0317704975605011,0.12365226447582245,0.275543212890625,0.07817105203866959,0.9500922560691833
9.632072300009895,-0.32634437084198,0.9011886715888977,0.03216049075126648,0.12410729378461838,0.27817949652671814,0.07732453942298889,0.9493337869644165
9.636389700011932,-0.3253938853740692,0.9008814096450806,0.03261126950383186,0.12521058320999146,0.27893126010894775,0.07834844291210175,0.9488842487335205
9.640322600011132,-0.3243696987628937,0.9005328416824341,0.03303933143615723,0.12555189430713654,0.2812570631504059,0.07735719531774521,0.9482336640357971
9.64435560000129,-0.32338252663612366,0.9002692699432373,0.033474672585725784,0.1245475485920906,0.28175291419029236,0.07980670034885406,0.9480159282684326
9.64874950000376,-0.3224262297153473,0.8999190926551819,0.03387604281306267,0.12549303472042084,0.28422778844833374,0.07868343591690063,0.9472460150718689
9.65333100000862,-0.32135456800460815,0.8995729088783264,0.03430241718888283,0.12583912909030914,0.28616639971733093,0.07795864343643188,0.9466761946678162
9.661250400007702,-0.31938695907592773,0.898944616317749,0.03516368940472603,0.12762781977653503,0.28982654213905334,0.07690677046775818,0.9454084038734436
9.665986100008013,-0.318479061126709,0.8986119031906128,0.03549148514866829,0.127563014626503,0.29154443740844727,0.07710561901330948,0.9448726773262024
9.671345499999006,-0.3174344301223755,0.8983112573623657,0.03594588488340378,0.12825971841812134,0.2937575578689575,0.07586473226547241,0.9441930055618286
9.67550769999798,-0.31650978326797485,0.8979966640472412,0.036263607442379,0.12816862761974335,0.29576241970062256,0.07600695639848709,0.9435679316520691
9.67985570000019,-0.3155285716056824,0.897636890411377,0.03672145679593086,0.12911313772201538,0.29800716042518616,0.07365436106920242,0.9429191946983337
9.683842400001595,-0.3145837187767029,0.8973238468170166,0.037143729627132416,0.12988099455833435,0.3004663586616516,0.07179033011198044,0.9421767592430115
9.688410200004,-0.31363940238952637,0.8970319628715515,0.03750050067901611,0.130482479929924,0.30228403210639954,0.07182686775922775,0.9415092468261719
9.692153900003177,-0.31263992190361023,0.896694540977478,0.03788261115550995,0.13046766817569733,0.3042141795158386,0.07170532643795013,0.9408986568450928
9.699401200006832,-0.31078067421913147,0.8960059285163879,0.03865860775113106,0.1308177262544632,0.30776944756507874,0.07216446101665497,0.9396579265594482
9.703676600009203,-0.30988776683807373,0.8956448435783386,0.038981106132268906,0.13028499484062195,0.3098652958869934,0.06964631378650665,0.939233124256134
9.707061900000554,-0.3089540898799896,0.895317792892456,0.039393357932567596,0.1311788409948349,0.3115672767162323,0.06887408345937729,0.9386023879051208
9.71123460000672,-0.3080430328845978,0.8949417471885681,0.03970293328166008,0.13049538433551788,0.3121168613433838,0.07030930370092392,0.938408613204956
9.715211600007024,-0.30714431405067444,0.8945796489715576,0.04009274020791054,0.13056156039237976,0.31360265612602234,0.07014207541942596,0.9379163980484009
9.719409800003632,-0.3063203692436218,0.8942227959632874,0.04053236544132233,0.1299213171005249,0.3144727051258087,0.07234931737184525,0.9375462532043457
9.724044900009176,-0.3054444491863251,0.8938294649124146,0.04090812802314758,0.13001354038715363,0.3166782259941101,0.06983804702758789,0.9369813203811646
9.727927500003716,-0.3045768737792969,0.8934904932975769,0.04128362610936165,0.12952104210853577,0.31746989488601685,0.0711790919303894,0.9366807341575623
9.732201200007694,-0.30373334884643555,0.8931149840354919,0.04165106639266014,0.13067340850830078,0.31969335675239563,0.06933174282312393,0.9359026551246643
9.736457200007862,-0.3028552830219269,0.8927155137062073,0.04199966788291931,0.1300622671842575,0.3201439678668976,0.07177063822746277,0.9356499314308167
9.741049300006125,-0.30201682448387146,0.8922587037086487,0.042356062680482864,0.13145966827869415,0.32241758704185486,0.07092848420143127,0.9347376227378845
9.745402600005036,-0.30118846893310547,0.8918660283088684,0.04270101711153984,0.1314251571893692,0.3232114315032959,0.07070896029472351,0.9344849586486816
9.757574700008263,-0.2986353039741516,0.8906755447387695,0.043707191944122314,0.13326284289360046,0.3279414176940918,0.06827034056186676,0.9327565431594849
9.761673200002406,-0.29778310656547546,0.8901965022087097,0.044034525752067566,0.13320417702198029,0.3293759226799011,0.0699903815984726,0.9321317076683044
9.769092100003036,-0.2961058020591736,0.8894204497337341,0.044698797166347504,0.13519124686717987,0.33234933018684387,0.06709880381822586,0.9310021996498108
9.778873300005216,-0.29443761706352234,0.8885535001754761,0.045322518795728683,0.13455364108085632,0.33580848574638367,0.06559067219495773,0.9299601912498474
9.786338600009913,-0.29283639788627625,0.8876895904541016,0.04590844362974167,0.13629932701587677,0.3392559289932251,0.06389451771974564,0.9285717010498047
9.790947100002086,-0.29207056760787964,0.8872876167297363,0.04623309522867203,0.1365189552307129,0.33970457315444946,0.06421393901109695,0.9283534288406372
9.801224900002126,-0.29047322273254395,0.8864285349845886,0.04684179276227951,0.13571761548519135,0.34299883246421814,0.06475494056940079,0.9272213578224182
9.805781700008083,-0.28969886898994446,0.8860092163085938,0.04711529612541199,0.13714754581451416,0.34401464462280273,0.06479670852422714,0.9266314506530762
9.811789400002453,-0.28816652297973633,0.8850825428962708,0.04763878136873245,0.1383252739906311,0.3477393388748169,0.06196184828877449,0.9252590537071228
9.815356200007955,-0.28740817308425903,0.8846282958984375,0.04795318469405174,0.13849474489688873,0.3485892415046692,0.06159801408648491,0.9249381422996521
9.819665200004238,-0.2867095470428467,0.8841334581375122,0.04821023344993591,0.13725008070468903,0.3497486412525177,0.06411807239055634,0.9245145916938782
9.823676500003785,-0.2859176993370056,0.8836632966995239,0.048483144491910934,0.1392071396112442,0.35167360305786133,0.06216079369187355,0.9236250519752502
9.830151200003456,-0.28515440225601196,0.8832443356513977,0.048784833401441574,0.1397704780101776,0.3522745668888092,0.062025297433137894,0.923319935798645
9.83379450000939,-0.284435898065567,0.8827781081199646,0.04902259260416031,0.14097699522972107,0.3540170192718506,0.06110121309757233,0.9225313663482666
9.838541900011478,-0.283660888671875,0.8822901844978333,0.04930585250258446,0.1401333063840866,0.3545699119567871,0.06228199601173401,0.9223686456680298
9.842603400000371,-0.28292298316955566,0.8817977905273438,0.04955921322107315,0.13996657729148865,0.3560182452201843,0.06327302008867264,0.9217683672904968
9.84815140000137,-0.2814408242702484,0.8808810114860535,0.05006428062915802,0.14107385277748108,0.35934755206108093,0.05973375588655472,0.9205429553985596
9.852573000011034,-0.2806994616985321,0.8803972601890564,0.05030899867415428,0.14331413805484772,0.36041828989982605,0.05806416645646095,0.919884979724884
9.856843400004436,-0.2800157964229584,0.8798840641975403,0.050514739006757736,0.14279800653457642,0.36140015721321106,0.05911066383123398,0.9195132851600647
9.860888000010164,-0.27924636006355286,0.8794334530830383,0.050795286893844604,0.14273713529109955,0.3632951080799103,0.058130018413066864,0.9188382029533386
9.86520620000374,-0.27851638197898865,0.8789229393005371,0.05095164105296135,0.14444255828857422,0.3641648292541504,0.057819850742816925,0.9182468056678772
9.869907600004808,-0.27780789136886597,0.8784700036048889,0.051072776317596436,0.14432552456855774,0.36613112688064575,0.05762335658073425,0.9174953103065491
9.8742224000016,-0.27702295780181885,0.8779861927032471,0.05136088654398918,0.14545872807502747,0.36731842160224915,0.05519125610589981,0.9169911742210388
9.877851099998225,-0.27629855275154114,0.8774921298027039,0.05157514661550522,0.14444297552108765,0.36900970339775085,0.05675329640507698,0.9163771867752075
9.882134200001019,-0.2755994498729706,0.8770242929458618,0.05178205296397209,0.14548149704933167,0.3703528642654419,0.055260706692934036,0.9157620668411255
9.886138900008518,-0.27489450573921204,0.8764927983283997,0.05194590240716934,0.14714111387729645,0.372072696685791,0.052865397185087204,0.9149408340454102
9.890389500011224,-0.274169921875,0.8760689496994019,0.05208173766732216,0.145968958735466,0.3728668689727783,0.0557725764811039,0.9146326184272766
9.89523090000148,-0.27344784140586853,0.875588595867157,0.05227123573422432,0.14690446853637695,0.37457191944122314,0.05322273075580597,0.9139378666877747
9.898986500003957,-0.27344784140586853,0.875588595867157,0.05227123573422432,0.14690446853637695,0.37457191944122314,0.05322273075580597,0.9139378666877747
9.903313600007095,-0.2720721960067749,0.8745920062065125,0.0526098795235157,0.14675338566303253,0.3769815266132355,0.054509639739990234,0.9128949642181396
9.907058900003904,-0.271357923746109,0.8741480708122253,0.05280119180679321,0.14899231493473053,0.37895187735557556,0.05175928398966789,0.9118760228157043
9.915652200012119,-0.2699776887893677,0.8732178211212158,0.0531112365424633,0.14849303662776947,0.38130927085876465,0.051936205476522446,0.9109642505645752
9.919486800004961,-0.26930126547813416,0.8727057576179504,0.05320727825164795,0.1487739235162735,0.3829250633716583,0.05160382017493248,0.9102591276168823
9.924167600009241,-0.2686891555786133,0.8721466064453125,0.05335627496242523,0.14941295981407166,0.38390570878982544,0.05131944641470909,0.9097573757171631
9.927788700006204,-0.26799827814102173,0.8717162609100342,0.053575363010168076,0.1493626832962036,0.3852633237838745,0.05078501254320145,0.9092215895652771
9.931863800011342,-0.2673386037349701,0.8712666630744934,0.05373617261648178,0.14985941350460052,0.3864450752735138,0.05092203989624977,0.9086304306983948
9.935926400008611,-0.26670747995376587,0.8707805871963501,0.053854476660490036,0.15046429634094238,0.3866785764694214,0.052718114107847214,0.9083287119865417
9.940474000002723,-0.26599860191345215,0.8702642321586609,0.05395719036459923,0.1504245400428772,0.3896917998790741,0.050467945635318756,0.9071745872497559
9.944366499999887,-0.26536065340042114,0.8697876930236816,0.05404573306441307,0.15101465582847595,0.3905927836894989,0.05038797855377197,0.9066934585571289
9.948449700008496,-0.26473549008369446,0.8693304657936096,0.05421694740653038,0.15160320699214935,0.39120611548423767,0.05141362175345421,0.9062731266021729
9.952481400003307,-0.26405397057533264,0.868878185749054,0.05439675599336624,0.15082745254039764,0.39260348677635193,0.05108580365777016,0.9058167338371277
9.956707000004826,-0.2634364664554596,0.868392288684845,0.05452948436141014,0.15234994888305664,0.39416825771331787,0.04910125583410263,0.9049917459487915
9.961012200001278,-0.26277855038642883,0.8679035902023315,0.05464722588658333,0.1532234251499176,0.39547717571258545,0.05015021562576294,0.9042153358459473
9.965281500000856,-0.2621535062789917,0.8674080967903137,0.05474314093589783,0.1528843492269516,0.39649489521980286,0.04892825707793236,0.9038940072059631
9.969369400001597,-0.2615244686603546,0.8669739365577698,0.05488358438014984,0.15329581499099731,0.39770668745040894,0.048290956765413284,0.9033260345458984
9.974478400006774,-0.26084649562835693,0.8664986491203308,0.05495595932006836,0.1546192169189453,0.3994952440261841,0.048942193388938904,0.9022756218910217
9.97840079999878,-0.2602122128009796,0.8660757541656494,0.055056165903806686,0.15441586077213287,0.4003642797470093,0.04937882348895073,0.9019012451171875
9.986569900007453,-0.2589269280433655,0.8651463985443115,0.055309224873781204,0.15635958313941956,0.4027741551399231,0.04736039787530899,0.9006007313728333
9.990348600011203,-0.25830957293510437,0.8646516799926758,0.05532124638557434,0.1559537649154663,0.40398576855659485,0.046509403735399246,0.900172770023346
9.994467600001371,-0.2576165795326233,0.8642488121986389,0.05547234043478966,0.15581265091896057,0.40563297271728516,0.04574630782008171,0.8994951844215393
9.998595199998817,-0.25703683495521545,0.8637722730636597,0.05558845028281212,0.15625715255737305,0.40692001581192017,0.04646943882107735,0.8987993597984314
10.002944699997897,-0.2564040720462799,0.863336443901062,0.05565052479505539,0.15693378448486328,0.4078630208969116,0.04743510112166405,0.8982034921646118
10.01121320000675,-0.2551719546318054,0.8624247908592224,0.055792927742004395,0.1572248786687851,0.41123518347740173,0.04496584087610245,0.8967407941818237
10.016007099999115,-0.2545726001262665,0.8620040416717529,0.05588258057832718,0.15741975605487823,0.4124772548675537,0.045365773141384125,0.8961158394813538
10.019907699999749,-0.25393980741500854,0.8615825176239014,0.05600595474243164,0.15804870426654816,0.41405102610588074,0.046504054218530655,0.8952205181121826
10.023664300009841,-0.2533486783504486,0.8611279129981995,0.05615464597940445,0.158008873462677,0.4150379002094269,0.04701495170593262,0.8947437405586243
10.028166800009785,-0.25278744101524353,0.8606944680213928,0.05623240768909454,0.15937255322933197,0.4168015718460083,0.04614056646823883,0.8937269449234009
10.031724200001918,-0.25278744101524353,0.8606944680213928,0.05623240768909454,0.15937255322933197,0.4168015718460083,0.04614056646823883,0.8937269449234009
10.035885600009351,-0.25167393684387207,0.8598461747169495,0.05647363141179085,0.15950778126716614,0.41910240054130554,0.04696745052933693,0.8925831317901611
10.040017500010435,-0.2510484755039215,0.8593987822532654,0.0565669871866703,0.16004309058189392,0.4213089346885681,0.044386256486177444,0.8915799856185913
10.045439599998645,-0.250521183013916,0.8589097857475281,0.056637246161699295,0.16115830838680267,0.42263391613960266,0.04453360661864281,0.8907443284988403
10.048999999999069,-0.24999459087848663,0.8584378957748413,0.056760892271995544,0.16156290471553802,0.42342421412467957,0.04760143160820007,0.8901367783546448
10.058071600011317,-0.24883942306041718,0.8576842546463013,0.05702534317970276,0.1626301407814026,0.4265884459018707,0.04572732374072075,0.8885284662246704
10.061606300005224,-0.248336061835289,0.857265055179596,0.057134997099637985,0.1641034036874771,0.4275582432746887,0.04516097530722618,0.8878201246261597
10.06564490000892,-0.247760608792305,0.856846809387207,0.05722334608435631,0.16322605311870575,0.42906180024147034,0.048172689974308014,0.887097954750061
10.069493200004217,-0.24721215665340424,0.8564176559448242,0.05734230950474739,0.16352732479572296,0.4310867190361023,0.04687285050749779,0.8861297965049744
10.073128700008965,-0.24721215665340424,0.8564176559448242,0.05734230950474739,0.16352732479572296,0.4310867190361023,0.04687285050749779,0.8861297965049744
10.081500100000994,-0.24568426609039307,0.8552049398422241,0.057708386331796646,0.16508260369300842,0.43485844135284424,0.04739813134074211,0.8839678764343262
10.086264700003085,-0.24514582753181458,0.854790985584259,0.05782423913478851,0.16618859767913818,0.4369262456893921,0.04615078493952751,0.8828062415122986
10.09037740000349,-0.24468006193637848,0.8543904423713684,0.05795466899871826,0.166481614112854,0.4376535713672638,0.04713728278875351,0.8823385834693909
10.094513300005929,-0.24421876668930054,0.853929340839386,0.05806417018175125,0.16867510974407196,0.43903353810310364,0.04730404540896416,0.8812267184257507
10.099980200000573,-0.24374103546142578,0.853553295135498,0.058200251311063766,0.16950495541095734,0.44067904353141785,0.047224659472703934,0.8802499175071716
10.103553599998122,-0.2432631552219391,0.8531587719917297,0.0583617202937603,0.17034775018692017,0.442251056432724,0.04683474451303482,0.8793191909790039
10.107709800009616,-0.24277712404727936,0.8527254462242126,0.058463845402002335,0.1706029176712036,0.443310409784317,0.049487605690956116,0.8785907626152039
10.111711100005778,-0.24238862097263336,0.8522685766220093,0.05852600187063217,0.17107711732387543,0.4445568323135376,0.0485210046172142,0.8779223561286926
10.115306400010013,-0.2419520616531372,0.8518427610397339,0.05868622288107872,0.17262186110019684,0.44635820388793945,0.04578956216573715,0.8768519759178162
10.119635600000038,-0.2414860725402832,0.8514645099639893,0.05888428911566734,0.1727876365184784,0.44736164808273315,0.04705243557691574,0.8762409090995789
10.125290000010864,-0.24106965959072113,0.8510686159133911,0.059032004326581955,0.17377382516860962,0.44851914048194885,0.04880622774362564,0.8753578066825867
10.130891699998756,-0.24069714546203613,0.8506733775138855,0.059164952486753464,0.17485883831977844,0.44958966970443726,0.048988282680511475,0.8745819926261902
10.136945899997954,-0.2403508722782135,0.850269079208374,0.059297990053892136,0.17572662234306335,0.45061594247817993,0.04886656254529953,0.8738864064216614
10.1420489000011,-0.2395864725112915,0.8494336009025574,0.0596529021859169,0.1783520132303238,0.45365703105926514,0.04983973875641823,0.8717235922813416
10.146585399998003,-0.23927177488803864,0.8490486145019531,0.05981799215078354,0.1794619858264923,0.45457786321640015,0.0506003312766552,0.8709719181060791
10.15666790000978,-0.23826108872890472,0.8478280901908875,0.06027635559439659,0.1827116459608078,0.45811891555786133,0.05215518921613693,0.8683452606201172
10.160932700004196,-0.2379206120967865,0.8474649786949158,0.06044383719563484,0.18291479349136353,0.45950254797935486,0.05362843722105026,0.8674812316894531
10.16432270000223,-0.2379206120967865,0.8474649786949158,0.06044383719563484,0.18291479349136353,0.45950254797935486,0.05362843722105026,0.8674812316894531
10.167873700003838,-0.23765572905540466,0.8471371531486511,0.06056492030620575,0.18414518237113953,0.46071964502334595,0.05381171032786369,0.866563618183136
10.173268900005496,-0.23707392811775208,0.8463805317878723,0.060813553631305695,0.18708685040473938,0.46388545632362366,0.05369739606976509,0.8642484545707703
10.17781439999817,-0.2368156611919403,0.8460118174552917,0.060978565365076065,0.1883295774459839,0.46485990285873413,0.05301342532038689,0.8634968400001526
10.182205200006138,-0.23658457398414612,0.8456299901008606,0.06106305494904518,0.18907390534877777,0.46626055240631104,0.05228177458047867,0.8626232743263245
10.186764400001266,-0.23633049428462982,0.8452917337417603,0.06119358912110329,0.1892652064561844,0.4673900008201599,0.053130581974983215,0.8619179725646973
10.190495400005602,-0.23612287640571594,0.8449504375457764,0.061333078891038895,0.19021335244178772,0.468870609998703,0.05294106528162956,0.8609161972999573
10.194686600007117,-0.2359246015548706,0.8446149230003357,0.06145632639527321,0.19052371382713318,0.46982666850090027,0.05460920184850693,0.8602217435836792
10.198665200005053,-0.23572714626789093,0.844307541847229,0.06154843047261238,0.19106215238571167,0.47095921635627747,0.05516854301095009,0.8594470620155334
10.20284040000115,-0.2355520874261856,0.8440282344818115,0.06168288737535477,0.19231374561786652,0.47220054268836975,0.05343683436512947,0.8585957288742065
10.207516000009491,-0.2354254424571991,0.8436681032180786,0.06180131062865257,0.19347402453422546,0.47297564148902893,0.05383172631263733,0.8578835129737854
10.210967400009395,-0.2354254424571991,0.8436681032180786,0.06180131062865257,0.19347402453422546,0.47297564148902893,0.05383172631263733,0.8578835129737854
10.214934000003268,-0.2352251410484314,0.8429946899414062,0.06207257881760597,0.19436988234519958,0.4745388329029083,0.05381933972239494,0.8568178415298462
10.219127600008505,-0.2351531684398651,0.8427014350891113,0.06223730370402336,0.19458472728729248,0.47512495517730713,0.05502190813422203,0.8563677072525024
10.223353000008501,-0.23509661853313446,0.8424299955368042,0.06236922740936279,0.19454599916934967,0.4753284156322479,0.05642195791006088,0.8561725616455078
10.22743270000501,-0.23504209518432617,0.8421759009361267,0.06251035630702972,0.19503962993621826,0.4760267436504364,0.05665523186326027,0.8556566834449768
10.232593100008671,-0.2349749654531479,0.8419370651245117,0.06269890815019608,0.19526557624340057,0.4766397476196289,0.057337500154972076,0.8552182912826538
10.236517400000594,-0.23495131731033325,0.8416659235954285,0.06290455907583237,0.19602645933628082,0.477151483297348,0.058408223092556,0.8546863198280334
10.24045370001113,-0.2349943369626999,0.8413373827934265,0.06304570287466049,0.19764715433120728,0.4776321053504944,0.058631185442209244,0.85402911901474
10.244828599999892,-0.2350267618894577,0.8410314321517944,0.06324566155672073,0.19794347882270813,0.47784700989723206,0.059770748019218445,0.8537611365318298
10.2489118000085,-0.23504377901554108,0.8407836556434631,0.0634264200925827,0.19818782806396484,0.4786990284919739,0.05988861992955208,0.8532187938690186
10.2528988999984,-0.23508453369140625,0.840558648109436,0.06356833875179291,0.19847983121871948,0.479232519865036,0.06005294248461723,0.8528397083282471
10.256955200005905,-0.23513175547122955,0.8403670191764832,0.06372926384210587,0.19920483231544495,0.4801788330078125,0.058816734701395035,0.8522244095802307
10.261190500008524,-0.23519444465637207,0.8401350378990173,0.06385637074708939,0.1994393914937973,0.4806046783924103,0.05976170673966408,0.8518636226654053
10.265590800001519,-0.23527675867080688,0.8399480581283569,0.06399638205766678,0.19979798793792725,0.481078177690506,0.0601547472178936,0.8514845967292786
10.269355700002052,-0.23540161550045013,0.8397135138511658,0.06415830552577972,0.20042747259140015,0.481566846370697,0.060112759470939636,0.8510632514953613
10.273632199998247,-0.2355102300643921,0.8395248651504517,0.06432142108678818,0.20119625329971313,0.48230496048927307,0.05953723564743996,0.8505042195320129
10.277882200010936,-0.2356545329093933,0.8393341302871704,0.06447814404964447,0.2018446922302246,0.4827404320240021,0.05997250974178314,0.8500727415084839
10.28193640000245,-0.2357887178659439,0.8391990661621094,0.06464038044214249,0.20141859352588654,0.4830172061920166,0.060829609632492065,0.849955677986145
10.286217400003807,-0.2359490692615509,0.8390654921531677,0.06477604061365128,0.2011316418647766,0.48322251439094543,0.06112387776374817,0.849885880947113
10.290379900005064,-0.23610985279083252,0.8389389514923096,0.06489652395248413,0.20127522945404053,0.4830726087093353,0.06324250251054764,0.8497819900512695
10.294080899999244,-0.23610985279083252,0.8389389514923096,0.06489652395248413,0.20127522945404053,0.4830726087093353,0.06324250251054764,0.8497819900512695
10.298483000005945,-0.2364058643579483,0.8387405276298523,0.06509419530630112,0.20094378292560577,0.4835394620895386,0.0637669786810875,0.8495557904243469
10.302603700009058,-0.2365574836730957,0.8386363983154297,0.06520745158195496,0.20078493654727936,0.4839564263820648,0.0640142485499382,0.8493372797966003
10.306773800009978,-0.23672571778297424,0.8385118842124939,0.065312959253788,0.20020371675491333,0.48441800475120544,0.0640937089920044,0.8492053151130676
10.31095150001056,-0.2369038313627243,0.8384151458740234,0.06541375070810318,0.2000449001789093,0.48497262597084045,0.064063161611557,0.8489283919334412
10.31518090001191,-0.2371259182691574,0.8382785320281982,0.06552495807409286,0.20047125220298767,0.48500871658325195,0.06493120640516281,0.8487412333488464
10.31931330000225,-0.23732902109622955,0.8381962180137634,0.06565852463245392,0.2006508708000183,0.48587748408317566,0.06454887241125107,0.8482309579849243
10.323572699999204,-0.23755960166454315,0.8381001949310303,0.06580232083797455,0.2012610137462616,0.486750990152359,0.06339813768863678,0.8476722836494446
10.327892300003441,-0.23778729140758514,0.8380172252655029,0.06593280285596848,0.20143252611160278,0.48718011379241943,0.06327483057975769,0.8473941683769226
10.331908699998166,-0.23803845047950745,0.8379331827163696,0.06607366353273392,0.20184174180030823,0.487532377243042,0.06312660127878189,0.8471051454544067
10.336648500000592,-0.23832841217517853,0.8378676772117615,0.06619307398796082,0.2021065056324005,0.4873887002468109,0.0639401227235794,0.8470636606216431
10.340438400002313,-0.2386198490858078,0.8377928733825684,0.06633618474006653,0.2030436098575592,0.4868694245815277,0.0650210976600647,0.8470559120178223
10.34454010000627,-0.23891757428646088,0.8377360105514526,0.0664886087179184,0.20320181548595428,0.4866815209388733,0.06474919617176056,0.84714674949646
10.348565300009795,-0.23920086026191711,0.8376591801643372,0.06662984192371368,0.20397236943244934,0.486603319644928,0.06459284573793411,0.8470184206962585
10.352642600002582,-0.2394837737083435,0.8376134634017944,0.06680762022733688,0.20412912964820862,0.48669031262397766,0.0643119066953659,0.8469520807266235
10.357306400008383,-0.23976774513721466,0.8375521302223206,0.06696029752492905,0.20440155267715454,0.4868963658809662,0.06492920219898224,0.846720814704895
10.361349099999643,-0.24008364975452423,0.8375052809715271,0.06709008663892746,0.20456576347351074,0.48684993386268616,0.06592927128076553,0.8466305732727051
10.365274299998418,-0.240436390042305,0.83746737241745,0.0672500804066658,0.20456251502037048,0.4868221580982208,0.06712645292282104,0.8465532660484314
10.369839700011653,-0.2407587766647339,0.8374271988868713,0.06741736084222794,0.20591697096824646,0.4861193299293518,0.067476287484169,0.8466010689735413
10.373787600008654,-0.24106942117214203,0.8373892903327942,0.06756208091974258,0.20651014149188995,0.486023485660553,0.06751462072134018,0.8465085029602051
10.377927499997895,-0.2414063662290573,0.8373610377311707,0.06768368929624557,0.20714949071407318,0.48549821972846985,0.06705499440431595,0.8466901183128357
10.381986699998379,-0.24175997078418732,0.8372817039489746,0.06777248531579971,0.20758368074893951,0.4850895404815674,0.06827890872955322,0.8467202186584473
10.386185499999556,-0.24210195243358612,0.8372344970703125,0.06791660189628601,0.2075570821762085,0.4854373633861542,0.06799773126840591,0.8465501070022583
10.39044410000497,-0.2424848973751068,0.8372097015380859,0.06806909292936325,0.2081316113471985,0.4859263002872467,0.06741921603679657,0.8461745977401733
10.394427200008067,-0.24286501109600067,0.8372028470039368,0.0682220309972763,0.2085438221693039,0.4858601987361908,0.06855045258998871,0.8460201621055603
10.399188900002628,-0.24326415359973907,0.8372472524642944,0.06841966509819031,0.20900002121925354,0.485007107257843,0.06967146694660187,0.8463055491447449
10.406803000005311,-0.24396689236164093,0.8372423052787781,0.06874685734510422,0.20970579981803894,0.48448577523231506,0.07157585024833679,0.8462705612182617
10.413127400010126,-0.24431239068508148,0.837246835231781,0.06891003996133804,0.2100359946489334,0.48466870188713074,0.07132088392972946,0.8461055159568787
10.417017800005851,-0.24471403658390045,0.8372306227684021,0.06907079368829727,0.21058373153209686,0.48473235964775085,0.0721953734755516,0.8458586931228638
10.420577299999422,-0.24514302611351013,0.8372807502746582,0.06928731501102448,0.21080932021141052,0.4837510883808136,0.07399877160787582,0.846208393573761
10.425518700008979,-0.24554722011089325,0.8372860550880432,0.0694206953048706,0.21092791855335236,0.4829079210758209,0.07531540095806122,0.8465441465377808
10.429588099999819,-0.24595870077610016,0.8372976183891296,0.06957893818616867,0.21110518276691437,0.48246273398399353,0.07475288212299347,0.8468035459518433
10.43328840000322,-0.2463316172361374,0.8373136520385742,0.06968607008457184,0.211297407746315,0.48252585530281067,0.07415161281824112,0.8467725515365601
10.436755800008541,-0.24673093855381012,0.8373110294342041,0.06979196518659592,0.2117789089679718,0.48279985785484314,0.07384281605482101,0.8465230464935303
10.440496499999426,-0.2471553236246109,0.8373374342918396,0.06995726376771927,0.2120993733406067,0.4829246699810028,0.07525241374969482,0.8462474942207336
10.444385700000566,-0.24758632481098175,0.8373872637748718,0.07016485184431076,0.21253089606761932,0.4823816120624542,0.07638188451528549,0.8463476896286011
10.44868430000497,-0.2479698657989502,0.8374316096305847,0.07033541798591614,0.21316033601760864,0.4820862114429474,0.07661967724561691,0.8463362455368042
10.452927999998792,-0.2483477145433426,0.8374629020690918,0.07055632770061493,0.21323829889297485,0.48184072971343994,0.0760483369231224,0.8465079069137573
10.457703000007314,-0.24872878193855286,0.8375154733657837,0.07074952870607376,0.21323014795780182,0.4814813733100891,0.0763525739312172,0.8466869592666626
10.461262299999362,-0.24915720522403717,0.837515115737915,0.07088102400302887,0.21293263137340546,0.48060142993927,0.07862042635679245,0.8470541834831238
10.465831900000921,-0.24957707524299622,0.837573766708374,0.0710919052362442,0.21368268132209778,0.47970661520957947,0.08095400780439377,0.8471527099609375
10.469456600010744,-0.25000259280204773,0.8376427292823792,0.07127419859170914,0.2143947184085846,0.4801575541496277,0.08065234124660492,0.846746027469635
10.473491900003864,-0.25042521953582764,0.8376461267471313,0.0714549645781517,0.2144181728363037,0.48032718896865845,0.0799485370516777,0.8467106819152832
10.47764380001172,-0.2508348822593689,0.8377014994621277,0.07166284322738647,0.21416611969470978,0.4797464609146118,0.07964534312486649,0.8471322059631348
10.481840100008412,-0.25121936202049255,0.8377377986907959,0.07181915640830994,0.21399204432964325,0.4797324538230896,0.07963084429502487,0.8471854329109192
10.486619900009828,-0.2516724467277527,0.8377577066421509,0.07196004688739777,0.21485275030136108,0.47939226031303406,0.07915453612804413,0.8472047448158264
10.49016460000712,-0.2516724467277527,0.8377577066421509,0.07196004688739777,0.21485275030136108,0.47939226031303406,0.07915453612804413,0.8472047448158264
10.494451000005938,-0.2524418830871582,0.8378351330757141,0.0723506435751915,0.21512289345264435,0.47861790657043457,0.08125201612710953,0.8473755121231079
10.498651800007792,-0.2528303563594818,0.8378721475601196,0.07251882553100586,0.21499548852443695,0.4783948063850403,0.08225397020578384,0.8474371433258057
10.502804200004903,-0.2532714903354645,0.8379056453704834,0.07268084585666656,0.21424897015094757,0.4772813618183136,0.08411376923322678,0.8480712175369263
10.506817500005127,-0.25370892882347107,0.8379451036453247,0.07285516709089279,0.21433895826339722,0.4767570495605469,0.08439696580171585,0.8483152985572815
10.511333000002196,-0.2541157603263855,0.8380031585693359,0.07299518585205078,0.2152891606092453,0.4764777719974518,0.08428160846233368,0.8482429385185242
10.51536930000293,-0.25450271368026733,0.8380123972892761,0.07318565249443054,0.21607118844985962,0.47616133093833923,0.08555564284324646,0.8480942845344543
10.519424700003583,-0.25490665435791016,0.8380357623100281,0.07338252663612366,0.21580523252487183,0.47631803154945374,0.0853581577539444,0.8480938076972961
10.524284300001455,-0.25530293583869934,0.8380631804466248,0.07357761263847351,0.21603697538375854,0.47632190585136414,0.08506687730550766,0.8480620384216309
10.528335000009974,-0.2557436525821686,0.8381263017654419,0.07378584891557693,0.21548199653625488,0.47599464654922485,0.08423226326704025,0.848470151424408
10.531936900006258,-0.25614675879478455,0.838192343711853,0.07397224009037018,0.21535612642765045,0.4759474992752075,0.0842108204960823,0.848530650138855
10.536601100000553,-0.25651490688323975,0.838249683380127,0.0741649940609932,0.21543744206428528,0.4755379855632782,0.08484481275081635,0.8486764430999756
10.540397800010396,-0.2568816840648651,0.8382815718650818,0.07431097328662872,0.21440625190734863,0.4743421971797943,0.08793625235557556,0.8492918610572815
10.544516200010548,-0.2572423815727234,0.8383654356002808,0.0744733139872551,0.2136966586112976,0.47416746616363525,0.08853982388973236,0.8495055437088013
10.548833900000318,-0.25764161348342896,0.8384634256362915,0.0746539980173111,0.21341022849082947,0.4743381440639496,0.08822249621152878,0.8495152592658997
10.552836200004094,-0.25808772444725037,0.8385560512542725,0.07481897622346878,0.21380238234996796,0.47418200969696045,0.08703523874282837,0.8496263027191162
10.556950099999085,-0.2584616243839264,0.838640570640564,0.07497701048851013,0.21372997760772705,0.47425323724746704,0.0867776945233345,0.8496310710906982
10.56127840001136,-0.25882238149642944,0.8387220501899719,0.07514441758394241,0.21408416330814362,0.4747340679168701,0.08633586019277573,0.8493183851242065
10.565263500000583,-0.25916588306427,0.8388097286224365,0.07529504597187042,0.21347956359386444,0.4746444523334503,0.08623326569795609,0.8495309948921204
10.569518100004643,-0.2594992220401764,0.8388779163360596,0.07541873306035995,0.212806835770607,0.47471556067466736,0.0863017663359642,0.8496531844139099
10.573928500001784,-0.25991159677505493,0.8389642834663391,0.07558472454547882,0.2127610445022583,0.47434374690055847,0.08624013513326645,0.8498784303665161
10.577871900008176,-0.26032012701034546,0.839076578617096,0.0757293850183487,0.21242403984069824,0.474160373210907,0.08674000203609467,0.8500141501426697
10.581923800011282,-0.2606920897960663,0.8392150402069092,0.07592892646789551,0.21202273666858673,0.47408556938171387,0.08686187118291855,0.8501436710357666
10.58643409999786,-0.2610463500022888,0.8393175005912781,0.07615041732788086,0.21157675981521606,0.4731254577636719,0.08913910388946533,0.8505539298057556
10.59088210000482,-0.2613804042339325,0.8394452929496765,0.07633958756923676,0.21132828295230865,0.47297680377960205,0.08914472907781601,0.8506976366043091
10.5991156000091,-0.26212477684020996,0.8396744132041931,0.07663428038358688,0.2107074111700058,0.4725610017776489,0.08954372256994247,0.8510408401489258
10.602876200005994,-0.2624944746494293,0.8397806286811829,0.0767655298113823,0.21092522144317627,0.47271016240119934,0.08972359448671341,0.8508849740028381
10.607214400006342,-0.2628692090511322,0.8399149179458618,0.07694786041975021,0.21068815886974335,0.47255751490592957,0.08993280678987503,0.8510064482688904
10.611656799999764,-0.2632330656051636,0.8400315046310425,0.07716305553913116,0.21110288798809052,0.4722314178943634,0.08934222906827927,0.851146936416626
10.615348300008918,-0.26358720660209656,0.8401263952255249,0.07734441012144089,0.21064509451389313,0.4719128906726837,0.08977169543504715,0.8513917326927185
10.619472800011863,-0.2639687657356262,0.8402359485626221,0.07749783992767334,0.21011413633823395,0.4720610976219177,0.08963993936777115,0.8514546751976013
10.623438399998122,-0.2643105685710907,0.8403868079185486,0.07761264592409134,0.21013931930065155,0.47189077734947205,0.0890650600194931,0.8516032695770264
10.627571500008344,-0.2647002339363098,0.8404762744903564,0.07773544639348984,0.2100534737110138,0.4715292155742645,0.08946744352579117,0.8517824411392212
10.63218549999874,-0.26503586769104004,0.8406389951705933,0.0778886154294014,0.20905250310897827,0.4712498188018799,0.09015696495771408,0.8521105051040649
10.63635690000956,-0.2653900980949402,0.840791642665863,0.07804206758737564,0.20855550467967987,0.47101229429244995,0.09075449407100677,0.852300226688385
10.640406000005896,-0.26573047041893005,0.8409472703933716,0.07820644229650497,0.2083725780248642,0.4706633388996124,0.09119231253862381,0.8524909615516663
10.644316100006108,-0.26610496640205383,0.8410901427268982,0.07836520671844482,0.20806965231895447,0.47023293375968933,0.09107830375432968,0.8528146147727966
10.648689200010267,-0.2664349377155304,0.8412388563156128,0.07852296531200409,0.20788119733333588,0.4702432453632355,0.09092722088098526,0.8528710007667542
10.653160600006231,-0.26677632331848145,0.8413925766944885,0.07867300510406494,0.20757503807544708,0.4705184996128082,0.09119667857885361,0.8527650237083435
10.656887500008452,-0.2671126425266266,0.8415709733963013,0.07882805913686752,0.2073907107114792,0.4705796241760254,0.09055141359567642,0.8528448939323425
10.661684100006823,-0.2674329876899719,0.8417659401893616,0.07898231595754623,0.20736798644065857,0.4703823924064636,0.09120407700538635,0.8528896570205688
10.665779700007988,-0.267812043428421,0.8419028520584106,0.07906828820705414,0.2076558917760849,0.469914972782135,0.09073540568351746,0.8531272411346436
10.671460199999274,-0.26817941665649414,0.8420902490615845,0.07917894423007965,0.20667126774787903,0.46962884068489075,0.09156354516744614,0.8534353375434875
10.679761999999755,-0.26884201169013977,0.842363715171814,0.07940380275249481,0.20494279265403748,0.4689411222934723,0.09425453096628189,0.8539372086524963
10.68366120000428,-0.2691582143306732,0.8425018191337585,0.07956468313932419,0.20504623651504517,0.4693830609321594,0.09316803514957428,0.8537887930870056
10.691947600003914,-0.26982882618904114,0.8427935838699341,0.0798727348446846,0.20464777946472168,0.46878835558891296,0.09426949918270111,0.85409015417099
10.69585210000514,-0.2702043950557709,0.8429278135299683,0.07999172806739807,0.20468808710575104,0.468090683221817,0.09488072246313095,0.8543953895568848
10.699404300001333,-0.27053990960121155,0.8430564403533936,0.08011402934789658,0.20437327027320862,0.4675114154815674,0.09589502960443497,0.8546746969223022
10.703183700010413,-0.2708614468574524,0.8431797027587891,0.08022813498973846,0.20397132635116577,0.4672549068927765,0.09660197049379349,0.854831337928772
10.706943600001978,-0.27116742730140686,0.8432721495628357,0.08032967895269394,0.2037864774465561,0.4673295021057129,0.09710375219583511,0.8547778129577637
10.71307880000677,-0.2714882791042328,0.8433830142021179,0.08045497536659241,0.20392711460590363,0.4676779508590698,0.09662509709596634,0.854607880115509
10.717101200003526,-0.2718695402145386,0.8434569835662842,0.0805460587143898,0.20360590517520905,0.46700718998908997,0.09781751781702042,0.8549156785011292
10.721074500004761,-0.27222514152526855,0.8435324430465698,0.08067149668931961,0.20385734736919403,0.4664015769958496,0.09755425155162811,0.8552163243293762
10.7254025000002,-0.2725262939929962,0.8436189889907837,0.08079873770475388,0.20361672341823578,0.4662782847881317,0.09737168252468109,0.8553616404533386
10.729688400009763,-0.27283963561058044,0.8436985611915588,0.08090733736753464,0.20298069715499878,0.4659450650215149,0.09826724231243134,0.8555920124053955
10.73387470000307,-0.2731207013130188,0.8437656164169312,0.08098441362380981,0.20279552042484283,0.46588045358657837,0.09838319569826126,0.855657696723938
10.737745100006578,-0.2733982801437378,0.8438227772712708,0.08107826113700867,0.20260238647460938,0.46609845757484436,0.09820828586816788,0.8556048274040222
10.741289900004631,-0.2736523747444153,0.8438799977302551,0.08115706592798233,0.2022131085395813,0.4660526514053345,0.09837836772203445,0.85570228099823
10.744994900000165,-0.27393263578414917,0.8439172506332397,0.0812225490808487,0.2019396275281906,0.4653412699699402,0.09968061000108719,0.8560033440589905
10.749006600002758,-0.27422744035720825,0.843998908996582,0.08129797875881195,0.20222514867782593,0.46494409441947937,0.1005953922867775,0.8560447096824646
10.75340739999956,-0.2745022177696228,0.8440266251564026,0.08129959553480148,0.20222361385822296,0.464961975812912,0.10026878118515015,0.8560736775398254
10.75696820000303,-0.2747694253921509,0.844042181968689,0.08132744580507278,0.20194195210933685,0.46444836258888245,0.10162878036499023,0.8562586307525635
10.761102100004791,-0.2750459611415863,0.8440552353858948,0.08137568086385727,0.2019856870174408,0.4642605483531952,0.10139573365449905,0.8563777208328247
10.765290600000299,-0.2752944231033325,0.8440476655960083,0.08143113553524017,0.20143334567546844,0.4641698896884918,0.10172838717699051,0.856517493724823
10.769522800008417,-0.27554237842559814,0.8440597057342529,0.0814862847328186,0.2007599174976349,0.4640313982963562,0.10225312411785126,0.8566881418228149
10.77373770000122,-0.2757796049118042,0.8440600633621216,0.08151568472385406,0.20053733885288239,0.46405303478240967,0.10225576907396317,0.8567283153533936
10.777675300007104,-0.27602308988571167,0.8440564274787903,0.0815635547041893,0.20019829273223877,0.4638480246067047,0.10258226096630096,0.8568795323371887
10.781742999999551,-0.2762577533721924,0.8440524935722351,0.0815960168838501,0.1997763216495514,0.46366631984710693,0.10317207872867584,0.8570055961608887
10.786275899998145,-0.27647852897644043,0.8440361618995667,0.08161189407110214,0.19951379299163818,0.4636183977127075,0.103522889316082,0.8570502996444702
10.790609700008645,-0.276681512594223,0.8440256714820862,0.08163101226091385,0.19893762469291687,0.4634886384010315,0.10383418202400208,0.8572168350219727
10.794433000002755,-0.2769086956977844,0.8439781069755554,0.08160685747861862,0.19929766654968262,0.4632702171802521,0.10340651124715805,0.8573029041290283
10.79883929999778,-0.2771395146846771,0.8439045548439026,0.08160750567913055,0.19897834956645966,0.46325328946113586,0.10340894758701324,0.8573859333992004
10.80275810000603,-0.2773529589176178,0.8438091278076172,0.08156169950962067,0.19874073565006256,0.46268653869628906,0.10445167124271393,0.8576206564903259
10.806817900011083,-0.2775472402572632,0.8437450528144836,0.08153962343931198,0.19843138754367828,0.46229633688926697,0.10494886338710785,0.8578419089317322
10.810891400004039,-0.2777644097805023,0.8436164259910583,0.08149624615907669,0.19867479801177979,0.4622322916984558,0.10486678779125214,0.8578301668167114
10.815060599998105,-0.27792373299598694,0.843522310256958,0.0814761221408844,0.19862738251686096,0.46198588609695435,0.1052892804145813,0.8579221367835999
10.819455100005143,-0.2780913710594177,0.8434200286865234,0.08146154135465622,0.19853487610816956,0.46169716119766235,0.10539595782756805,0.8580858707427979
10.823538900003769,-0.27824467420578003,0.843302845954895,0.08142606914043427,0.1983073502779007,0.461551308631897,0.10571002215147018,0.8581783175468445
10.82757649999985,-0.27839723229408264,0.8431859612464905,0.08141153305768967,0.19846053421497345,0.46104252338409424,0.10604019463062286,0.858375608921051
10.831641000011587,-0.27855584025382996,0.8430627584457397,0.0813884437084198,0.19859828054904938,0.4608060419559479,0.10636930912733078,0.858430027961731
10.835807600000408,-0.27866947650909424,0.8429132103919983,0.08137170970439911,0.19889616966247559,0.4606741666793823,0.10699465870857239,0.8583540916442871
10.84084730000177,-0.27877405285835266,0.8427708148956299,0.08134271949529648,0.19915613532066345,0.4606636166572571,0.10704506188631058,0.8582931756973267
10.848920900010853,-0.2789713144302368,0.8424198627471924,0.08124858140945435,0.20003952085971832,0.46021807193756104,0.10758653283119202,0.8582590818405151
10.852722700001323,-0.2790515422821045,0.8422196507453918,0.08120309561491013,0.20018702745437622,0.4600100517272949,0.10808361321687698,0.8582737445831299
10.857301199997892,-0.27912288904190063,0.8420159816741943,0.0811779722571373,0.20020946860313416,0.4598393440246582,0.10830307751893997,0.8583323359489441
10.86113760000444,-0.2791920006275177,0.8417912721633911,0.08111967891454697,0.2003619372844696,0.4597230851650238,0.10855445265769958,0.8583272099494934
10.865251800001715,-0.27926766872406006,0.8415769934654236,0.0810401439666748,0.20069225132465363,0.45917126536369324,0.10960607975721359,0.8584117889404297
10.86996330000693,-0.27930760383605957,0.8413591980934143,0.08098417520523071,0.20103026926517487,0.4592475891113281,0.10935290157794952,0.8583242297172546
10.87379990000045,-0.2793320417404175,0.8411325216293335,0.08092606067657471,0.20151633024215698,0.45932793617248535,0.10907021164894104,0.8582031726837158
10.879453800007468,-0.2793668210506439,0.8408965468406677,0.08085491508245468,0.20170359313488007,0.45912787318229675,0.1095980629324913,0.8581990003585815
10.883621400003904,-0.279398649930954,0.8406568765640259,0.0807635560631752,0.20158074796199799,0.45926812291145325,0.10917794704437256,0.8582063317298889
10.887243100005435,-0.27944591641426086,0.8403773903846741,0.08070483058691025,0.20211319625377655,0.4590585231781006,0.10965336859226227,0.8581326603889465
10.891561500000535,-0.2794668674468994,0.8401435017585754,0.08064572513103485,0.20220613479614258,0.4590001702308655,0.10990458726882935,0.8581098318099976
10.895558600008371,-0.2794974744319916,0.8398920297622681,0.08058573305606842,0.2027682512998581,0.4590003192424774,0.10955056548118591,0.8580223917961121
10.899384500007727,-0.27952131628990173,0.8396340012550354,0.08052018284797668,0.20295578241348267,0.4589681327342987,0.10972505062818527,0.8579729795455933
10.902831100000185,-0.27953729033470154,0.8393728733062744,0.0804738774895668,0.20317600667476654,0.4589283764362335,0.1093650534749031,0.8579881191253662
10.907772600010503,-0.27956366539001465,0.839063823223114,0.08039377629756927,0.20317529141902924,0.459189236164093,0.10890219360589981,0.8579075336456299
10.912072300008731,-0.279548704624176,0.838787317276001,0.08033974468708038,0.20314271748065948,0.45926231145858765,0.10925141721963882,0.8578317761421204
10.915348599999561,-0.2795335352420807,0.8385176658630371,0.08025607466697693,0.20358414947986603,0.45947501063346863,0.10884052515029907,0.857665479183197
10.919458700009272,-0.2795003354549408,0.8382455110549927,0.08019548654556274,0.20355364680290222,0.45969003438949585,0.10870487987995148,0.8575746417045593
10.923563800010015,-0.2794622480869293,0.8379654884338379,0.08012239634990692,0.20382791757583618,0.45967936515808105,0.10895846039056778,0.8574830293655396
10.927875800000038,-0.279410719871521,0.8376864194869995,0.08004885166883469,0.20388652384281158,0.45962846279144287,0.10955646634101868,0.8574201464653015
10.931962000002386,-0.2793732285499573,0.8374175429344177,0.07997900992631912,0.20397740602493286,0.4595094323158264,0.11022359132766724,0.8573768734931946
10.935986299999058,-0.2792959213256836,0.837092399597168,0.07992305606603622,0.20442183315753937,0.459820419549942,0.10929512232542038,0.8572230935096741
10.940695700002834,-0.2792462408542633,0.8368038535118103,0.07986005395650864,0.20472778379917145,0.4599100351333618,0.10916896164417267,0.8571181297302246
10.944937600012054,-0.27920135855674744,0.8365076780319214,0.07981707900762558,0.2052413374185562,0.46012401580810547,0.10841912031173706,0.8569756150245667
10.953183900011936,-0.2790670692920685,0.8358853459358215,0.07971669733524323,0.20463354885578156,0.46046292781829834,0.10880540311336517,0.8568899631500244
10.956995400003507,-0.2789958119392395,0.8356172442436218,0.0796714574098587,0.20484265685081482,0.460556298494339,0.10901060700416565,0.8567637205123901
10.96121760000824,-0.27892544865608215,0.835336446762085,0.0796181708574295,0.2049592286348343,0.46056896448135376,0.10900314897298813,0.8567299842834473
10.965504699997837,-0.27885010838508606,0.8350650072097778,0.07955194264650345,0.20486843585968018,0.4603896737098694,0.10950789600610733,0.8567836880683899
10.96948890000931,-0.27879297733306885,0.8347986936569214,0.07950945198535919,0.20466147363185883,0.4602371156215668,0.11045810580253601,0.8567931652069092
10.973987600009423,-0.2787320911884308,0.8345386385917664,0.07944636791944504,0.20495107769966125,0.4601619243621826,0.11082102358341217,0.8567174673080444
10.97800630000711,-0.2786697745323181,0.834271252155304,0.07938604801893234,0.20478098094463348,0.46042367815971375,0.11012968420982361,0.8567066192626953
10.982085700001335,-0.27861014008522034,0.8339821696281433,0.0793316513299942,0.20504161715507507,0.46037665009498596,0.11005862057209015,0.8566787838935852
10.986308400009875,-0.27853459119796753,0.8336749076843262,0.07928658276796341,0.2055601328611374,0.4605776369571686,0.10932108759880066,0.856540858745575
10.991200600008597,-0.2784583270549774,0.8333541750907898,0.0792485848069191,0.2059701830148697,0.46073031425476074,0.108914814889431,0.8564119338989258
10.994977700000163,-0.2783960998058319,0.8330170512199402,0.07922067493200302,0.20551829040050507,0.4609241485595703,0.10924868285655975,0.85637366771698
10.998535200007609,-0.27832141518592834,0.8327292203903198,0.07921472936868668,0.2055196911096573,0.4608561098575592,0.10970329493284225,0.8563518524169922
11.002969000008306,-0.27826887369155884,0.8324592113494873,0.07920680940151215,0.20540070533752441,0.4604590833187103,0.1107873022556305,0.8564544320106506
11.007082600001013,-0.2781868577003479,0.8321840763092041,0.07916717231273651,0.20560051500797272,0.4605135917663574,0.11141243577003479,0.8562961220741272
11.011180800007423,-0.27808037400245667,0.8319206833839417,0.07914581149816513,0.2055416852235794,0.4605332314968109,0.11170586943626404,0.8562613725662231
11.015374000009615,-0.27799704670906067,0.8316413760185242,0.07910256087779999,0.20564909279346466,0.4607154428958893,0.1120448037981987,0.8560932874679565
11.019331900010002,-0.2778969705104828,0.8313584923744202,0.07907471805810928,0.20586362481117249,0.46101245284080505,0.1124211847782135,0.8558324575424194
11.024304899998242,-0.27778324484825134,0.8310394287109375,0.07901737093925476,0.20610395073890686,0.46143123507499695,0.11188435554504395,0.8556191921234131
11.027777700001025,-0.2776710093021393,0.8307592868804932,0.07898228615522385,0.20709867775440216,0.4622729420661926,0.10963927954435349,0.8552153706550598
11.032155699998839,-0.27755898237228394,0.8305050134658813,0.07896433025598526,0.20677171647548676,0.462503582239151,0.10934930294752121,0.8552067875862122
11.036252200006857,-0.27744394540786743,0.8302636742591858,0.07892706990242004,0.20685957372188568,0.46281641721725464,0.10935982316732407,0.8550149202346802
11.0401736000058,-0.2773449122905731,0.8299863338470459,0.0788852870464325,0.20655183494091034,0.4628235101699829,0.1098731979727745,0.855019748210907
11.044345500005875,-0.2772262692451477,0.8297170400619507,0.078849658370018,0.20672033727169037,0.46265503764152527,0.11109508574008942,0.8549122214317322
11.048577499997918,-0.2771104574203491,0.8294147849082947,0.0787910595536232,0.20695650577545166,0.4628969430923462,0.11125286668539047,0.8547036051750183
11.052571899999748,-0.27700456976890564,0.8291222453117371,0.07874525338411331,0.2066929191350937,0.4630737900733948,0.11134085804224014,0.854660153388977
11.05677110000397,-0.27688202261924744,0.8288078308105469,0.0787186250090599,0.20673823356628418,0.46311572194099426,0.11185351014137268,0.8545594811439514
11.06084550000378,-0.2767568528652191,0.8285009860992432,0.07866519689559937,0.2063833624124527,0.4635086953639984,0.11183559149503708,0.8544345498085022
11.06537450000178,-0.2766591012477875,0.8282115459442139,0.07860692590475082,0.20691238343715668,0.4635849893093109,0.11113297194242477,0.8543568849563599
11.06950009999855,-0.2765243649482727,0.8279592990875244,0.0785309299826622,0.20687729120254517,0.46377402544021606,0.1109866127371788,0.8542817831039429
11.073785200002021,-0.27640148997306824,0.827696681022644,0.0784677192568779,0.20679616928100586,0.4643726050853729,0.11039133369922638,0.8540533781051636
11.077970900005312,-0.2762831449508667,0.8274418115615845,0.07840059697628021,0.20664973556995392,0.4646466374397278,0.110649473965168,0.8539063930511475
11.08587300000363,-0.2760962247848511,0.8268688917160034,0.07821505516767502,0.2070247381925583,0.46472567319869995,0.11094794422388077,0.8537337779998779
11.090103200011072,-0.27599912881851196,0.8265488147735596,0.078139528632164,0.20684948563575745,0.46466344594955444,0.11149910092353821,0.8537383079528809
11.094450100004906,-0.27588602900505066,0.826217770576477,0.07806263864040375,0.2070806473493576,0.4648842513561249,0.11161746829748154,0.8535465598106384
11.09906530000444,-0.27576449513435364,0.825897216796875,0.07797478139400482,0.2070566564798355,0.4649462401866913,0.11205118149518967,0.8534618020057678
11.102673400004278,-0.27564874291419983,0.8255812525749207,0.07789468765258789,0.20758295059204102,0.46515461802482605,0.11202064156532288,0.8532243967056274
11.106754400010686,-0.2755165100097656,0.8252952694892883,0.07783330976963043,0.20741085708141327,0.46507278084754944,0.11208172887563705,0.8533028364181519
11.112576900006388,-0.27538540959358215,0.8249952793121338,0.0777551531791687,0.2074737846851349,0.46563804149627686,0.11197778582572937,0.852992832660675
11.116213400004199,-0.2752673625946045,0.8247042298316956,0.07767749577760696,0.20742791891098022,0.4658769369125366,0.11187963932752609,0.852886438369751
11.119960000010906,-0.27515432238578796,0.8243984580039978,0.0775955319404602,0.20779824256896973,0.46622803807258606,0.11203639954328537,0.8525838255882263
11.123783100003493,-0.27500465512275696,0.8240890502929688,0.07749871909618378,0.20835907757282257,0.4667964279651642,0.11186379194259644,0.8521584868431091
11.128509700007271,-0.27483680844306946,0.8237580060958862,0.07740750163793564,0.20863370597362518,0.46713829040527344,0.11247076839208603,0.8518240451812744
11.132179500011262,-0.2747010588645935,0.8234311938285828,0.07730864733457565,0.20832006633281708,0.46708816289901733,0.11276110261678696,0.8518898487091064
11.13623620000726,-0.2745662033557892,0.8231229186058044,0.07720333337783813,0.2084062397480011,0.46731922030448914,0.11218857020139694,0.8518176078796387
11.140474200001336,-0.27447080612182617,0.8228073120117188,0.07710663229227066,0.20928356051445007,0.4676828384399414,0.11130000650882721,0.8515194654464722
11.144487600002321,-0.27435776591300964,0.8225365877151489,0.07701981067657471,0.20939300954341888,0.46809378266334534,0.1109718456864357,0.851309597492218
11.148686300002737,-0.27424249053001404,0.8222360014915466,0.07690946012735367,0.21016483008861542,0.46843624114990234,0.11076569557189941,0.8509578704833984
11.152765000006184,-0.27412521839141846,0.8219670057296753,0.07680006325244904,0.2100473791360855,0.4687729775905609,0.11075951904058456,0.8508021235466003
11.158891800005222,-0.27401626110076904,0.8216962814331055,0.07669642567634583,0.21001741290092468,0.4690150022506714,0.11084606498479843,0.8506648540496826
11.162970300007146,-0.2738969922065735,0.8213931322097778,0.07655943185091019,0.209694504737854,0.46923887729644775,0.11116759479045868,0.8505791425704956
11.167314600010286,-0.27378398180007935,0.821073055267334,0.07640576362609863,0.20960095524787903,0.4695184528827667,0.11155622452497482,0.8503970503807068
11.171224900012021,-0.27365994453430176,0.8207887411117554,0.07627323269844055,0.20927725732326508,0.46958571672439575,0.11146339774131775,0.8504517674446106
11.175205700012157,-0.27351924777030945,0.8205095529556274,0.07616285234689713,0.20907047390937805,0.47008252143859863,0.11205694824457169,0.8501501083374023
11.178638199999114,-0.27351924777030945,0.8205095529556274,0.07616285234689713,0.20907047390937805,0.47008252143859863,0.11205694824457169,0.8501501083374023
11.18289910000749,-0.2733103632926941,0.8199537396430969,0.0759068951010704,0.21003669500350952,0.4710012376308441,0.11183864623308182,0.8494318723678589
11.186322400011704,-0.27321115136146545,0.8196894526481628,0.07578159868717194,0.2101501226425171,0.47143951058387756,0.11223020404577255,0.8491090536117554
11.190587600009167,-0.2731158137321472,0.8194204568862915,0.07567235082387924,0.21038572490215302,0.4718244671821594,0.11257363110780716,0.8487913012504578
11.194390900011058,-0.2730109989643097,0.8191140294075012,0.07557141035795212,0.21011237800121307,0.4724372327327728,0.11214257776737213,0.8485751748085022
11.198449400006211,-0.27293235063552856,0.8188431262969971,0.07546807825565338,0.21007665991783142,0.4726739823818207,0.11237355321645737,0.8484216928482056
11.20282620000944,-0.27285563945770264,0.8185827732086182,0.0753554031252861,0.2103802114725113,0.473178505897522,0.11190500855445862,0.8481271266937256
11.207203700003447,-0.27275970578193665,0.8183203935623169,0.0752348005771637,0.2103348672389984,0.47322481870651245,0.11227875202894211,0.848063051700592
11.211070500008645,-0.27266496419906616,0.8180482387542725,0.07512440532445908,0.21044540405273438,0.4733412265777588,0.11265980452299118,0.8479201197624207
11.215282800010755,-0.2725789546966553,0.8177927136421204,0.07500742375850677,0.21109050512313843,0.47357767820358276,0.11190173774957657,0.8477281332015991
11.219476099999156,-0.2724905014038086,0.8175411820411682,0.0748789981007576,0.21139389276504517,0.4736749529838562,0.11266586184501648,0.8474969863891602
11.223700200003805,-0.2723884880542755,0.8173085451126099,0.07475540041923523,0.21200573444366455,0.473937064409256,0.11307523399591446,0.8471429944038391
11.227725700009614,-0.27227532863616943,0.8170327544212341,0.07461816817522049,0.21259751915931702,0.47417330741882324,0.11243139207363129,0.8469481468200684
11.232264400008717,-0.2721309959888458,0.8167937397956848,0.07446585595607758,0.21317386627197266,0.4746818542480469,0.11273778229951859,0.8464775681495667
11.236742900000536,-0.2720070481300354,0.8165587186813354,0.07432995736598969,0.2136915922164917,0.4749254286289215,0.11292669922113419,0.8461851477622986
11.240612100009457,-0.2718614339828491,0.8163427114486694,0.07418728619813919,0.21372567117214203,0.47494828701019287,0.1136806309223175,0.8460627198219299
11.244976500005578,-0.271746963262558,0.8161437511444092,0.07405638694763184,0.21389274299144745,0.4751865565776825,0.11378076672554016,0.8458733558654785
11.24922840000363,-0.2716352045536041,0.8159518241882324,0.07392407208681107,0.21404513716697693,0.475527286529541,0.1134888306260109,0.8456824421882629
11.252995000002556,-0.27151837944984436,0.8157496452331543,0.07379119843244553,0.2138482928276062,0.47555071115493774,0.11390669643878937,0.8456628918647766
11.256900400010636,-0.27141380310058594,0.8155465722084045,0.07364115118980408,0.21431170403957367,0.4760468602180481,0.1132899597287178,0.8453491926193237
11.261103700002423,-0.27130383253097534,0.8153221011161804,0.07347427308559418,0.21446409821510315,0.47664764523506165,0.11235310882329941,0.845097005367279
11.265258700004779,-0.27119216322898865,0.8151253461837769,0.07333246618509293,0.21473577618598938,0.47725021839141846,0.1121748611330986,0.8447115421295166
11.26930140001059,-0.2710977792739868,0.8149290680885315,0.07317766547203064,0.21511045098304749,0.4777647852897644,0.11182112246751785,0.8443722128868103
11.273401800004649,-0.2710128128528595,0.8147265315055847,0.07302451878786087,0.21544161438941956,0.47797533869743347,0.1118350476026535,0.8441666960716248
11.278298100005486,-0.270937979221344,0.8145315051078796,0.07286761701107025,0.21556195616722107,0.47812825441360474,0.112488754093647,0.8439624905586243
11.281992900010664,-0.2708645462989807,0.8143437504768372,0.07272719591856003,0.21544431149959564,0.47833380103111267,0.11320623010396957,0.8437801003456116
11.28612350000185,-0.2707829773426056,0.814152717590332,0.07260274142026901,0.21577678620815277,0.47881078720092773,0.11280854791402817,0.8434778451919556
11.290227500008768,-0.27070698142051697,0.8139543533325195,0.07245898246765137,0.2161790430545807,0.4789709448814392,0.11280970275402069,0.8432837128639221
11.294403699997929,-0.2706262469291687,0.8137770891189575,0.07231638580560684,0.21587714552879333,0.4791889786720276,0.11341136693954468,0.8431564569473267
11.298426599998493,-0.27055177092552185,0.813603937625885,0.07218880206346512,0.2157546579837799,0.47951751947402954,0.11288852244615555,0.8430711627006531
11.30246679999982,-0.2704879641532898,0.8134366869926453,0.0720551609992981,0.21635161340236664,0.4798794984817505,0.11240144073963165,0.8427772521972656
11.306663200011826,-0.2704372704029083,0.8132628202438354,0.07192747294902802,0.21629667282104492,0.47974902391433716,0.11352355778217316,0.842715322971344
11.311099900005502,-0.27037549018859863,0.8131111860275269,0.07180960476398468,0.21646170318126678,0.47997674345970154,0.11362721771001816,0.8425292372703552
11.315221400000155,-0.27028968930244446,0.8129699230194092,0.07169538736343384,0.21662892401218414,0.48031163215637207,0.11371980607509613,0.8422828912734985
11.319385499999044,-0.27022770047187805,0.8128072619438171,0.0715651586651802,0.21704502403736115,0.480648010969162,0.11341333389282227,0.842025101184845
11.323930500002461,-0.2701606750488281,0.8126723766326904,0.07145384699106216,0.21716199815273285,0.4808647334575653,0.11322743445634842,0.8418963551521301
11.327874100010376,-0.2700803279876709,0.8125126361846924,0.07129479944705963,0.21667595207691193,0.4811325967311859,0.11303748190402985,0.8418939709663391
11.331904999999097,-0.27001097798347473,0.8123757243156433,0.0711638331413269,0.2166690230369568,0.4814244210720062,0.11291637271642685,0.8417451977729797
11.336017800000263,-0.26993998885154724,0.8122251033782959,0.07100970298051834,0.21673636138439178,0.48172831535339355,0.11267315596342087,0.8415865302085876
11.340201099999831,-0.2698778212070465,0.8120889067649841,0.07087713479995728,0.21666836738586426,0.4820212721824646,0.11205395311117172,0.8415189981460571
11.344444100002875,-0.26981881260871887,0.8119760155677795,0.07074622064828873,0.216554194688797,0.48246580362319946,0.11171650886535645,0.8413385152816772
11.348845300002722,-0.2697543203830719,0.8118497729301453,0.0705951675772667,0.21628782153129578,0.4826640188694,0.11249778419733047,0.8411892056465149
11.352776300002006,-0.2697048485279083,0.8117445111274719,0.07045137137174606,0.21632622182369232,0.4829549789428711,0.1127372682094574,0.8409802317619324
11.357438400009414,-0.2696627080440521,0.8116502165794373,0.07032390683889389,0.2163035124540329,0.4833921194076538,0.11250928789377213,0.8407653570175171
11.362523300005705,-0.2696191966533661,0.8115423321723938,0.07019481807947159,0.2162853479385376,0.48394930362701416,0.11215082556009293,0.8404974341392517
11.365950600011274,-0.2696044445037842,0.8114375472068787,0.07005958259105682,0.2159976214170456,0.484519898891449,0.1116497814655304,0.8403093814849854
11.369998400012264,-0.26959195733070374,0.811332643032074,0.06992067396640778,0.21592365205287933,0.48466581106185913,0.11229635030031204,0.8401581048965454
11.373913200004608,-0.26958027482032776,0.8112364411354065,0.0697932168841362,0.21555450558662415,0.4851865768432617,0.1115126833319664,0.8400565981864929
11.378140200002235,-0.2695711851119995,0.811149537563324,0.06968197971582413,0.21536138653755188,0.4855969548225403,0.11120669543743134,0.8399096131324768
11.381955000004382,-0.2695711851119995,0.811149537563324,0.06968197971582413,0.21536138653755188,0.4855969548225403,0.11120669543743134,0.8399096131324768
11.38623990000633,-0.2695736885070801,0.8109548687934875,0.06946861743927002,0.21609801054000854,0.4860299229621887,0.11122088134288788,0.8394680023193359
11.39045679999981,-0.26957327127456665,0.8108639717102051,0.0693739503622055,0.21589849889278412,0.4861874580383301,0.11151061952114105,0.8393896222114563
11.394316700010677,-0.26957541704177856,0.8107745051383972,0.06929559260606766,0.21606652438640594,0.48630839586257935,0.11185844242572784,0.8392300605773926
11.398406600012095,-0.26958850026130676,0.8106855750083923,0.06920831650495529,0.21614213287830353,0.48660042881965637,0.11184539645910263,0.8390430212020874
11.4081259000086,-0.2696079611778259,0.8104864358901978,0.06903329491615295,0.21666108071804047,0.48683685064315796,0.11285469681024551,0.8386368155479431
11.411656199998106,-0.2696196436882019,0.810386598110199,0.06895100325345993,0.2173040360212326,0.48706552386283875,0.11263126134872437,0.8383677005767822
11.415317500010133,-0.2696278691291809,0.8103019595146179,0.06886770576238632,0.21756257116794586,0.4872773289680481,0.11287475377321243,0.8381447792053223
11.420235800003866,-0.26961198449134827,0.8102234601974487,0.06879084557294846,0.21752575039863586,0.4876863360404968,0.11328200995922089,0.8378614187240601
11.425513200010755,-0.26962071657180786,0.8101553320884705,0.06871296465396881,0.21770474314689636,0.4878283143043518,0.11316251754760742,0.8377484083175659
11.429429800002254,-0.2696569263935089,0.8100959062576294,0.06863681226968765,0.21785925328731537,0.4877909719944,0.11306409537792206,0.8377432227134705
11.433155300008366,-0.26965075731277466,0.8100287318229675,0.06855496019124985,0.2177368551492691,0.4882858097553253,0.11320320516824722,0.8374680280685425
11.436863599999924,-0.26966696977615356,0.8099769353866577,0.06847438961267471,0.21765322983264923,0.4884470999240875,0.11337313055992126,0.8373727202415466
11.440406800000346,-0.2697109580039978,0.8099225163459778,0.06839652359485626,0.21759575605392456,0.4884718358516693,0.11294616758823395,0.8374308943748474
11.444390000004205,-0.26973167061805725,0.8098748922348022,0.06830840557813644,0.21760550141334534,0.4887758791446686,0.1127062737941742,0.8372833728790283
11.448541100005968,-0.26974648237228394,0.8098379373550415,0.06823531538248062,0.21731634438037872,0.48907962441444397,0.11312879621982574,0.8371241092681885
11.45270540000638,-0.2698008418083191,0.8097974061965942,0.0681547299027443,0.21710918843746185,0.4890678822994232,0.11299534887075424,0.8372027277946472
11.456681299998309,-0.26986008882522583,0.8097430467605591,0.06807353347539902,0.2167130559682846,0.48886868357658386,0.11431903392076492,0.8372418880462646
11.465609999999288,-0.2699534296989441,0.8096559047698975,0.0679129883646965,0.21620559692382812,0.4894677996635437,0.11425988376140594,0.8370311260223389
11.46950220000872,-0.27000704407691956,0.8096112012863159,0.06784936785697937,0.21601848304271698,0.48979422450065613,0.11397961527109146,0.8369266390800476
11.473534200005815,-0.27005282044410706,0.8095699548721313,0.06779347360134125,0.21598508954048157,0.48994579911231995,0.11408249288797379,0.836832582950592
11.477676499998779,-0.2701057493686676,0.809525191783905,0.06773887574672699,0.21590562164783478,0.49022871255874634,0.1139342412352562,0.836707592010498
11.48182290000841,-0.2701643407344818,0.809471845626831,0.06769371777772903,0.216165691614151,0.49036362767219543,0.11399990320205688,0.8365524411201477
11.485763400007272,-0.2702225148677826,0.8094258308410645,0.06765670329332352,0.2161906659603119,0.4904969334602356,0.1141800731420517,0.8364432454109192
11.490013600006932,-0.2702953815460205,0.8093704581260681,0.06761045008897781,0.2166876643896103,0.4907008409500122,0.11380544304847717,0.8362460136413574
11.49434000000474,-0.2703590393066406,0.8093178868293762,0.0675719678401947,0.21689091622829437,0.49083051085472107,0.11395025998353958,0.8360974788665771
11.498402000011993,-0.27042779326438904,0.8092591166496277,0.06752323359251022,0.21747739613056183,0.49103042483329773,0.1137203574180603,0.8358590602874756
11.50181890001113,-0.27042779326438904,0.8092591166496277,0.06752323359251022,0.21747739613056183,0.49103042483329773,0.1137203574180603,0.8358590602874756
11.509764700007509,-0.2706074118614197,0.8091714978218079,0.06744319945573807,0.21809794008731842,0.491123765707016,0.11324502527713776,0.8357070684432983
11.5140098999982,-0.2706809639930725,0.8091340065002441,0.06740562617778778,0.21837060153484344,0.49118152260780334,0.1134350523352623,0.8355761766433716
11.519001400010893,-0.27084481716156006,0.8090600967407227,0.06730885058641434,0.21806377172470093,0.49185386300086975,0.11269751936197281,0.8353606462478638
11.523389800000587,-0.2709329128265381,0.8090431690216064,0.06726721674203873,0.21805202960968018,0.49222877621650696,0.1123402789235115,0.8351908922195435
11.52797300000384,-0.27105170488357544,0.8090287446975708,0.06722079962491989,0.21806518733501434,0.4924984276294708,0.1122889444231987,0.8350354433059692
11.531922000009217,-0.27113479375839233,0.8090074062347412,0.06716546416282654,0.21796554327011108,0.49285489320755005,0.11204267293214798,0.8348841071128845
11.535233900009189,-0.27113479375839233,0.8090074062347412,0.06716546416282654,0.21796554327011108,0.49285489320755005,0.11204267293214798,0.8348841071128845
11.53911720000906,-0.2712256908416748,0.8089923858642578,0.06712112575769424,0.2179509848356247,0.4931512773036957,0.11203433573246002,0.8347139954566956
11.546197300005588,-0.2714052200317383,0.8089794516563416,0.06703080236911774,0.21807292103767395,0.49370142817497253,0.11201336979866028,0.8343597054481506
11.551512300007744,-0.27150774002075195,0.8089571595191956,0.0669674500823021,0.21790601313114166,0.49421072006225586,0.11187674850225449,0.8341200947761536
11.556595700007165,-0.27170196175575256,0.808906614780426,0.06685708463191986,0.21803171932697296,0.49409276247024536,0.1134316548705101,0.8339471220970154
11.561087300011422,-0.2717830538749695,0.8088943958282471,0.0668238028883934,0.21835102140903473,0.49429231882095337,0.1136682853102684,0.8337130546569824
11.566271000003326,-0.2718634605407715,0.8088731169700623,0.06678787618875504,0.21856199204921722,0.4945925176143646,0.11392173916101456,0.833445131778717
11.57037400000263,-0.2719453275203705,0.8088747262954712,0.0667601004242897,0.21898937225341797,0.494822233915329,0.11377166211605072,0.8332170844078064
11.574133800007985,-0.27202361822128296,0.8088769912719727,0.06673113256692886,0.2194226086139679,0.4951612949371338,0.11349920183420181,0.8329387903213501
11.578097000005073,-0.2721139192581177,0.8088761568069458,0.0666896253824234,0.22020350396633148,0.4955429136753082,0.11299292743206024,0.8325744271278381
11.581905300001381,-0.27218684554100037,0.8088828921318054,0.0666588693857193,0.2207268923521042,0.49590200185775757,0.11264688521623611,0.8322688937187195
11.586324900010368,-0.2722802758216858,0.8088783025741577,0.06660465151071548,0.22178000211715698,0.49623537063598633,0.11191625893115997,0.831888735294342
11.590862500001094,-0.2723545730113983,0.808905303478241,0.06656656414270401,0.22202345728874207,0.49653083086013794,0.11216487735509872,0.8316139578819275
11.59460240000044,-0.2724447548389435,0.8089094758033752,0.06652001291513443,0.2225569188594818,0.49693092703819275,0.1115143671631813,0.8313198089599609
11.598684000011417,-0.272560179233551,0.8089289665222168,0.06644785404205322,0.2227785289287567,0.4972948133945465,0.11046729236841202,0.8311826586723328
11.602753500003018,-0.2726556658744812,0.8089460730552673,0.06637021154165268,0.2232852578163147,0.4977666735649109,0.10988179594278336,0.8308417797088623
11.60708450000675,-0.2727521061897278,0.8089980483055115,0.06633228063583374,0.22347621619701385,0.49815675616264343,0.11063606292009354,0.8304564356803894
11.611461799999233,-0.27285411953926086,0.8090304136276245,0.06625434756278992,0.22357237339019775,0.4986526370048523,0.10997162014245987,0.8302211761474609
11.615700000009383,-0.27296897768974304,0.8090340495109558,0.06616801023483276,0.22378094494342804,0.4991573393344879,0.1091562882065773,0.8299692273139954
11.619748800003435,-0.2730799615383148,0.8090640902519226,0.06609117984771729,0.2232361137866974,0.499798059463501,0.10886240750551224,0.82976895570755
11.623479800007772,-0.2732269763946533,0.8090929985046387,0.06603138893842697,0.22323225438594818,0.5000584125518799,0.10891436785459518,0.829606294631958
11.627745500009041,-0.2733401656150818,0.8091138601303101,0.06597700715065002,0.2232825607061386,0.5002779364585876,0.10896971821784973,0.82945317029953
11.632123600007617,-0.27346131205558777,0.80915766954422,0.06589698791503906,0.22304247319698334,0.5006983280181885,0.10945386439561844,0.829200267791748
11.636257400008617,-0.27361443638801575,0.8091793060302734,0.06582163274288177,0.2228316217660904,0.5005007386207581,0.11066145449876785,0.829215943813324
11.640343100007158,-0.27374112606048584,0.8091960549354553,0.0657598152756691,0.22321708500385284,0.5007681846618652,0.110707588493824,0.8289446234703064
11.644338099999004,-0.27387645840644836,0.8092090487480164,0.06568712741136551,0.2236756682395935,0.5011077523231506,0.11044886708259583,0.8286502361297607
11.648730600005365,-0.27402767539024353,0.809217095375061,0.06560757756233215,0.224000483751297,0.5012909173965454,0.11031166464090347,0.82846999168396
11.652669400005834,-0.274147629737854,0.8092283010482788,0.06554730236530304,0.22409944236278534,0.5013917088508606,0.11087199300527573,0.8283073902130127
11.656756600001245,-0.27426865696907043,0.8092438578605652,0.06549619138240814,0.2241368442773819,0.5016486644744873,0.11097106337547302,0.8281283974647522
11.660965200004284,-0.2743849754333496,0.8092596530914307,0.06542755663394928,0.22425571084022522,0.5021597146987915,0.11125080287456512,0.8277489542961121
11.665384300009464,-0.2745315432548523,0.8092621564865112,0.06535996496677399,0.22415359318256378,0.502813458442688,0.11095166951417923,0.8274198174476624
11.669474499998614,-0.2746584713459015,0.8092513084411621,0.06527292728424072,0.2243029922246933,0.5037869811058044,0.11034456640481949,0.8268681764602661
11.67347750000772,-0.27477705478668213,0.8092449307441711,0.06522329896688461,0.22445103526115417,0.5042160153388977,0.1106400340795517,0.8265268802642822
11.67777140000544,-0.2748946249485016,0.809234082698822,0.06518044322729111,0.2246895283460617,0.5046924352645874,0.11081412434577942,0.8261479735374451
11.686699700003373,-0.27511322498321533,0.8091912269592285,0.06508753448724747,0.22533363103866577,0.5052490234375,0.11132952570915222,0.8255627751350403
11.690789200001745,-0.27524855732917786,0.8091692924499512,0.06504024565219879,0.22578254342079163,0.5053237080574036,0.11146999895572662,0.8253753781318665
11.694689100011601,-0.2753693163394928,0.80914306640625,0.06500303000211716,0.225953608751297,0.5056387782096863,0.11135871708393097,0.8251506686210632
11.703949800008559,-0.2756628394126892,0.8090148568153381,0.06484229862689972,0.22706273198127747,0.5059809684753418,0.11237733066082001,0.8244981169700623
11.708453300001565,-0.27579742670059204,0.8089372515678406,0.06476186215877533,0.22807064652442932,0.5064865946769714,0.11143031716346741,0.8240378499031067
11.712125899997773,-0.2759235203266144,0.8088683485984802,0.06469728797674179,0.22856660187244415,0.5066962838172913,0.11110084503889084,0.8238160014152527
11.71570729999803,-0.27603021264076233,0.8088086247444153,0.06462379544973373,0.2287840098142624,0.50703364610672,0.111143097281456,0.8235423564910889
11.71931850000692,-0.27616241574287415,0.808745801448822,0.06454964727163315,0.2289656698703766,0.5075950026512146,0.11077723652124405,0.823195219039917
11.723803200002294,-0.276279479265213,0.8086708784103394,0.06446337699890137,0.2289031744003296,0.5083804130554199,0.11024639010429382,0.8227992057800293
11.72782540001208,-0.2763877511024475,0.8085917234420776,0.06437113881111145,0.228925421833992,0.5090755224227905,0.10958944261074066,0.8224508762359619
11.73217509999813,-0.27648645639419556,0.8085184097290039,0.06429920345544815,0.22902758419513702,0.5094997882843018,0.10957006365060806,0.8221622705459595
11.737341100000776,-0.2765883505344391,0.8084372878074646,0.06422994285821915,0.22910822927951813,0.5097911953926086,0.10953667014837265,0.8219635486602783
11.741030500008492,-0.27669721841812134,0.8083398342132568,0.06415742635726929,0.22913433611392975,0.5101941227912903,0.10954044759273529,0.82170569896698
11.744740599999204,-0.2768009305000305,0.8082388043403625,0.06407660990953445,0.22933197021484375,0.5106217861175537,0.10928784310817719,0.8214185237884521
11.748615500007872,-0.27690404653549194,0.8081193566322327,0.06398788839578629,0.2296656370162964,0.5110505223274231,0.10912717878818512,0.8210799694061279
11.75260380000691,-0.2770157754421234,0.8079864978790283,0.06391354650259018,0.22966551780700684,0.5114858150482178,0.10871244221925735,0.8208639621734619
11.757349000006798,-0.27713000774383545,0.8078529238700867,0.06381428986787796,0.22989143431186676,0.5114820599555969,0.10928312689065933,0.8207272291183472
11.761225399997784,-0.27725255489349365,0.8076996803283691,0.06373833864927292,0.22993192076683044,0.5113627910614014,0.11014996469020844,0.8206743001937866
11.765256800004863,-0.2773664891719818,0.8075444102287292,0.06365378946065903,0.23057174682617188,0.511546790599823,0.10984082520008087,0.820421576499939
11.769224400006351,-0.2774859666824341,0.80738765001297,0.06356912851333618,0.23069176077842712,0.511300802230835,0.11098463833332062,0.8203872442245483
11.77324249999947,-0.2776043117046356,0.8072198629379272,0.06349557638168335,0.23106977343559265,0.5114002227783203,0.11086390912532806,0.8202352523803711
11.776845200001844,-0.2776043117046356,0.8072198629379272,0.06349557638168335,0.23106977343559265,0.5114002227783203,0.11086390912532806,0.8202352523803711
11.782053800008725,-0.2778119444847107,0.8068265914916992,0.06334834545850754,0.2317151576280594,0.5115535259246826,0.11118222773075104,0.8199144005775452
11.786249000011594,-0.2779065668582916,0.8066294193267822,0.06326878815889359,0.23225440084934235,0.511918842792511,0.11059321463108063,0.8196133971214294
11.790170300009777,-0.27801594138145447,0.8064019083976746,0.06320402771234512,0.2326124608516693,0.5122656226158142,0.10938264429569244,0.8194577097892761
11.794456200004788,-0.2781282663345337,0.8061748743057251,0.06314623355865479,0.2334858775138855,0.5122080445289612,0.1083654835820198,0.8193803429603577
11.798506700011785,-0.278258740901947,0.8059720993041992,0.06307648122310638,0.2336120903491974,0.5122215747833252,0.10825981199741364,0.8193498849868774
11.802863800010527,-0.2783547639846802,0.8057661056518555,0.063005730509758,0.23358331620693207,0.5126407146453857,0.10754086822271347,0.8191906213760376
11.807002000001376,-0.27846023440361023,0.8055493235588074,0.06293515115976334,0.2336743026971817,0.5129865407943726,0.10745666176080704,0.8189591765403748
11.811012999998638,-0.2785733640193939,0.8053382635116577,0.06285712122917175,0.2338421642780304,0.5129682421684265,0.10792186111211777,0.8188616037368774
11.815248099999735,-0.2786681652069092,0.8051305413246155,0.06278947740793228,0.23396599292755127,0.5130460858345032,0.10824801027774811,0.8187344074249268
11.81940079999913,-0.2787753641605377,0.8049116730690002,0.06269588321447372,0.23431946337223053,0.5129672288894653,0.10869161039590836,0.8186239004135132
11.823545000006561,-0.2788831293582916,0.8046656847000122,0.06263077259063721,0.23464064300060272,0.513031542301178,0.1089857667684555,0.8184525370597839
11.827568500011694,-0.27897635102272034,0.8044396638870239,0.06256144493818283,0.23483385145664215,0.5130833387374878,0.10895167291164398,0.8183691501617432
11.831893000009586,-0.2790803015232086,0.8041459918022156,0.06244439631700516,0.23592649400234222,0.5127478837966919,0.109444260597229,0.8181993961334229
11.836139500010177,-0.2791942358016968,0.8038944602012634,0.06234172731637955,0.23608389496803284,0.5124874711036682,0.11044690012931824,0.8181824088096619
11.840216000011424,-0.27926376461982727,0.8036379814147949,0.06225429102778435,0.2362004667520523,0.5124802589416504,0.11068150401115417,0.8181215524673462
11.844202600012068,-0.2793421149253845,0.8033716678619385,0.062143925577402115,0.2363482415676117,0.5130432844161987,0.10956435650587082,0.817876398563385
11.84881039999891,-0.27941974997520447,0.8031164407730103,0.06207061558961868,0.23605377972126007,0.5135409832000732,0.10862787067890167,0.8177739381790161
11.853055600004154,-0.2794876992702484,0.8028572797775269,0.06199340149760246,0.23605602979660034,0.5137566924095154,0.10877810418605804,0.8176178336143494
11.856876200006809,-0.2795620262622833,0.8025884032249451,0.06188695877790451,0.23588725924491882,0.5139459371566772,0.10830461233854294,0.817610502243042
11.861120900008245,-0.27963870763778687,0.8023248314857483,0.06180424243211746,0.23590593039989471,0.5140719413757324,0.10855304449796677,0.8174929022789001
11.865325600010692,-0.2797073423862457,0.8020532727241516,0.06171596422791481,0.2359539419412613,0.5138329863548279,0.10968269407749176,0.8174784779548645
11.86944370000856,-0.2797737717628479,0.8017975687980652,0.061651382595300674,0.2360464185476303,0.5134069323539734,0.10993748903274536,0.8176853060722351
11.87408900000446,-0.27984827756881714,0.8015379309654236,0.0615755133330822,0.23661157488822937,0.5132476687431335,0.10969637334346771,0.8176543116569519
11.87790340000356,-0.2799164950847626,0.8012740612030029,0.06147545203566551,0.2373291254043579,0.5133251547813416,0.1095624566078186,0.8174155950546265
11.882054000001517,-0.27998074889183044,0.8010162711143494,0.0613640621304512,0.23814177513122559,0.5134230256080627,0.10922250896692276,0.8171632289886475
11.890141399999266,-0.2801235318183899,0.800484299659729,0.061159539967775345,0.2391914576292038,0.5139304995536804,0.10763658583164215,0.8167480230331421
11.894456499998341,-0.28019848465919495,0.800203263759613,0.061078935861587524,0.23887434601783752,0.5139275789260864,0.10788238793611526,0.8168101906776428
11.898761000004015,-0.28026852011680603,0.7999504208564758,0.06100184842944145,0.2388180047273636,0.5140187740325928,0.10803449898958206,0.8167492151260376
11.904200200006017,-0.2803299129009247,0.7996959090232849,0.060910191386938095,0.23881739377975464,0.5139889121055603,0.10806632786989212,0.8167638778686523
11.907825700007379,-0.28040647506713867,0.7993934750556946,0.06078256294131279,0.2379235029220581,0.5134583115577698,0.10980787128210068,0.8171263337135315
11.911622600004193,-0.280489444732666,0.7991266846656799,0.060676123946905136,0.2379317730665207,0.5130864977836609,0.11001688987016678,0.8173291683197021
11.915161500000977,-0.28055623173713684,0.7988623976707458,0.0605890229344368,0.23801515996456146,0.5128505229949951,0.1103387400507927,0.8174095749855042
11.919311500008916,-0.2806239128112793,0.7985949516296387,0.06048591434955597,0.23820313811302185,0.5130811333656311,0.11013971269130707,0.8172369599342346
11.924248700001044,-0.28069600462913513,0.7983351349830627,0.060383666306734085,0.23857110738754272,0.5131509900093079,0.11023668944835663,0.8170726299285889
11.927928000004613,-0.280755877494812,0.7980641722679138,0.060294680297374725,0.23882567882537842,0.5131299495697021,0.11068844795227051,0.8169504404067993
11.932038500002818,-0.28083333373069763,0.7977929711341858,0.0602107048034668,0.23878350853919983,0.5134131908416748,0.11045829206705093,0.816815972328186
11.93602639999881,-0.28090620040893555,0.7975232005119324,0.060123689472675323,0.2391941249370575,0.5133160948753357,0.11073239147663116,0.8167197108268738
11.939920200005872,-0.28090620040893555,0.7975232005119324,0.060123689472675323,0.2391941249370575,0.5133160948753357,0.11073239147663116,0.8167197108268738
11.943592299998272,-0.28090620040893555,0.7975232005119324,0.060123689472675323,0.2391941249370575,0.5133160948753357,0.11073239147663116,0.8167197108268738
11.949306800001068,-0.28109246492385864,0.7967755794525146,0.05987042933702469,0.23976050317287445,0.5131093859672546,0.11073823273181915,0.8166826963424683
11.954568300003302,-0.2811492383480072,0.796540379524231,0.05975138396024704,0.24046477675437927,0.5133121609687805,0.11002887040376663,0.8164440989494324
11.961251800006721,-0.2812468409538269,0.7960960865020752,0.0595284141600132,0.24063408374786377,0.5131023526191711,0.1093749925494194,0.8166139721870422
11.965757500001928,-0.2812879979610443,0.7958983182907104,0.05942445248365402,0.2404101938009262,0.5130236148834229,0.10946303606033325,0.8167175650596619
11.970085900000413,-0.2813258469104767,0.7956926822662354,0.05929797515273094,0.2408638298511505,0.5132427215576172,0.10911662876605988,0.8164925575256348
11.97405190000427,-0.2813648581504822,0.7954934239387512,0.059171877801418304,0.24087271094322205,0.5130618214607239,0.10976894944906235,0.8165161609649658
11.9819822999998,-0.2814764678478241,0.7951063513755798,0.0589098185300827,0.24019448459148407,0.5122446417808533,0.11277572810649872,0.8168192505836487
11.986333000008017,-0.28153836727142334,0.7949272394180298,0.05878550931811333,0.23997284471988678,0.5126616358757019,0.11211525648832321,0.8167137503623962
11.990176799998153,-0.2815943658351898,0.7947530746459961,0.058686938136816025,0.23991376161575317,0.512840747833252,0.11220181733369827,0.8166067004203796
11.99430370000482,-0.2816624343395233,0.7945881485939026,0.058563392609357834,0.23961874842643738,0.5130413174629211,0.11229104548692703,0.8165550231933594
11.99829070000851,-0.28171274065971375,0.7944197654724121,0.05845096334815025,0.24000968039035797,0.5131707191467285,0.11212319880723953,0.8163819909095764
12.002777400004561,-0.2817705273628235,0.7942743897438049,0.05834189057350159,0.23994041979312897,0.5130712985992432,0.11268792301416397,0.8163870573043823
12.007354300003499,-0.2818235158920288,0.7941393256187439,0.05824330821633339,0.2399781495332718,0.5130276083946228,0.11297198385000229,0.8163641691207886
12.011114200009615,-0.28186845779418945,0.7940014600753784,0.05812226980924606,0.23961037397384644,0.5132296085357666,0.11267053335905075,0.816386878490448
12.016012400010368,-0.28192538022994995,0.7938669323921204,0.05802340805530548,0.23954349756240845,0.5131846070289612,0.11315362900495529,0.816368043422699
12.023661400002311,-0.28203901648521423,0.7935864329338074,0.05776100233197212,0.24061286449432373,0.5137953162193298,0.11188926547765732,0.8158434629440308
12.027994600008242,-0.2820797562599182,0.7934686541557312,0.05764200538396835,0.24057622253894806,0.5138570070266724,0.11223311722278595,0.8157681822776794
12.032081800003652,-0.28214898705482483,0.793358325958252,0.05753075331449509,0.2406778782606125,0.5138152241706848,0.11214164644479752,0.8157771825790405
12.036186600002111,-0.28220921754837036,0.7932553291320801,0.05743163079023361,0.24070478975772858,0.5139169692993164,0.11235526949167252,0.8156757354736328
12.04075540001213,-0.2822696566581726,0.7931480407714844,0.057316768914461136,0.24072754383087158,0.5142576098442078,0.11236805468797684,0.815452516078949
12.044493000008515,-0.2823195457458496,0.7930489182472229,0.057214442640542984,0.24077193439006805,0.514459490776062,0.11244332790374756,0.8153016567230225
12.048735000003944,-0.28241443634033203,0.7929354310035706,0.057088226079940796,0.24058030545711517,0.5138232707977295,0.11407298594713211,0.8155331015586853
12.052710100004333,-0.2824706733226776,0.7928417325019836,0.056996673345565796,0.24050863087177277,0.5140337347984314,0.1140042096376419,0.8154311776161194
12.056861900011427,-0.2825307250022888,0.7927353382110596,0.05691668018698692,0.24080419540405273,0.5141055583953857,0.11379464715719223,0.8153278827667236
12.060871000008774,-0.28259289264678955,0.7926309704780579,0.05682899430394173,0.24073126912117004,0.5141741037368774,0.11392075568437576,0.8152886033058167
12.065002000003005,-0.28266265988349915,0.7925301790237427,0.05674472078680992,0.24043041467666626,0.5143157243728638,0.11432680487632751,0.8152312636375427
12.06932439999946,-0.28273630142211914,0.7924271821975708,0.05665060877799988,0.24066630005836487,0.5143422484397888,0.11472225934267044,0.8150892853736877
12.073743100001593,-0.2828037142753601,0.7923247814178467,0.056556303054094315,0.24026961624622345,0.5145247578620911,0.11451122909784317,0.8151208162307739
12.078035500002443,-0.2828698456287384,0.7922275066375732,0.056481365114450455,0.24039509892463684,0.5147044658660889,0.11453109979629517,0.8149675726890564
12.082080500011216,-0.282931923866272,0.7921358346939087,0.05641695111989975,0.24034255743026733,0.5147703886032104,0.11461423337459564,0.814929723739624
12.086241000011796,-0.2830026149749756,0.792043149471283,0.05634673312306404,0.24047096073627472,0.5149157047271729,0.11455555260181427,0.8148083090782166
12.090423900008318,-0.2830665111541748,0.7919496893882751,0.05626853182911873,0.2409093827009201,0.5150963664054871,0.114362433552742,0.814591646194458
12.09456370001135,-0.2831321060657501,0.7918505072593689,0.05619931221008301,0.24082475900650024,0.5152418613433838,0.11441385746002197,0.8145174980163574
12.098762400011765,-0.2832074463367462,0.7917536497116089,0.056116703897714615,0.24090629816055298,0.5157068967819214,0.11391812562942505,0.8142685294151306
12.102664400008507,-0.28329211473464966,0.7916406989097595,0.05603395029902458,0.24129240214824677,0.5157333612442017,0.11367324739694595,0.8141716122627258
12.107454900004086,-0.28336337208747864,0.791556715965271,0.05596672371029854,0.24120508134365082,0.5157636404037476,0.11387556791305542,0.8141500353813171
12.111792299998342,-0.28343409299850464,0.7914639115333557,0.055899254977703094,0.24115167558193207,0.5157500505447388,0.11425928771495819,0.8141207098960876
12.115270200010855,-0.2835126519203186,0.7913868427276611,0.05585596337914467,0.24130547046661377,0.5158264636993408,0.11437378078699112,0.8140106797218323
12.119357200004742,-0.2835920453071594,0.7912958264350891,0.055820658802986145,0.2411700338125229,0.5159796476364136,0.1145140677690506,0.8139339685440063
12.123500000001513,-0.28367307782173157,0.7912101745605469,0.055774763226509094,0.24096731841564178,0.515950083732605,0.11496040225028992,0.8139498829841614
12.127819000001182,-0.28377050161361694,0.7911312580108643,0.0557389110326767,0.24082493782043457,0.5161610841751099,0.11485950648784637,0.8138724565505981
12.132018000003882,-0.2838663160800934,0.7910364866256714,0.05567309632897377,0.24071143567562103,0.5155239701271057,0.11650445312261581,0.8140760660171509
12.136642500001471,-0.28395429253578186,0.7909340858459473,0.05564304068684578,0.24107764661312103,0.515685498714447,0.1162489727139473,0.8139018416404724
12.141155900011654,-0.28403642773628235,0.7908483743667603,0.05561745539307594,0.24117068946361542,0.5158287286758423,0.1162681058049202,0.8137807846069336
12.145790100010345,-0.2841282784938812,0.7907555103302002,0.05556946620345116,0.24093492329120636,0.516005277633667,0.11636834591627121,0.8137243390083313
12.149600900011137,-0.2842113971710205,0.7906754016876221,0.05555080994963646,0.24097080528736115,0.5160308480262756,0.11650946736335754,0.8136773109436035
12.153635200011195,-0.2842974066734314,0.7905834317207336,0.0555293895304203,0.24110552668571472,0.5162267684936523,0.11639590561389923,0.813529372215271
12.157223600006546,-0.2843824625015259,0.7904959917068481,0.055509597063064575,0.24149231612682343,0.5162943005561829,0.11633795499801636,0.8133801221847534
12.161424999998417,-0.28448596596717834,0.7904118299484253,0.055489882826805115,0.24133995175361633,0.5165332555770874,0.11635320633649826,0.8132714033126831
12.165492600004654,-0.28459593653678894,0.7903038263320923,0.055478740483522415,0.24184054136276245,0.5164891481399536,0.11588818579912186,0.8132171630859375
12.170415000000503,-0.2846876084804535,0.7902179956436157,0.05546708032488823,0.24189502000808716,0.5165660381317139,0.11586273461580276,0.8131556510925293
12.174007900001016,-0.2847868502140045,0.7901371121406555,0.05545060709118843,0.24184578657150269,0.5166296362876892,0.1157100647687912,0.8131516575813293
12.177845199999865,-0.2849077880382538,0.7900555729866028,0.055443864315748215,0.24180838465690613,0.5167312026023865,0.11531593650579453,0.8131542205810547
12.182117500007735,-0.2850310206413269,0.789981484413147,0.0554303303360939,0.24160099029541016,0.5166727900505066,0.11544595658779144,0.8132345676422119
12.186287200005609,-0.28518232703208923,0.7898814678192139,0.055411096662282944,0.2416507750749588,0.5165458917617798,0.11535683274269104,0.8133130073547363
12.19030180000118,-0.2853042781352997,0.789790689945221,0.05539461597800255,0.24189966917037964,0.5166338086128235,0.11489329487085342,0.8132488131523132
12.194242500001565,-0.28541627526283264,0.789701521396637,0.05541519075632095,0.2418115735054016,0.5163391828536987,0.1152777373790741,0.8134076595306396
12.19835740000417,-0.28552597761154175,0.7896327972412109,0.05541599541902542,0.24163897335529327,0.5164278745651245,0.1154385581612587,0.8133798241615295
12.202791600007913,-0.28563836216926575,0.7895679473876953,0.055417392402887344,0.24145545065402985,0.5164274573326111,0.11556804925203323,0.8134162425994873
12.206898000004003,-0.28574737906455994,0.7894916534423828,0.055418699979782104,0.2412640005350113,0.5164352059364319,0.11593040823936462,0.8134165406227112
12.211105900001712,-0.28585660457611084,0.7894392013549805,0.05541212856769562,0.24096505343914032,0.5165327787399292,0.11607270687818527,0.8134229779243469
12.21579919999931,-0.28595906496047974,0.7893757820129395,0.05542263388633728,0.24068549275398254,0.516583263874054,0.11617138236761093,0.813459575176239
12.219643200005521,-0.2860591411590576,0.7893223762512207,0.05542496591806412,0.2405795156955719,0.516669511795044,0.1162056177854538,0.8134312033653259
12.223684100012179,-0.28616786003112793,0.7892807722091675,0.0554342120885849,0.24041755497455597,0.516805112361908,0.1163092628121376,0.8133781552314758
12.22707170000649,-0.28616786003112793,0.7892807722091675,0.0554342120885849,0.24041755497455597,0.516805112361908,0.1163092628121376,0.8133781552314758
12.231428700004471,-0.2863946259021759,0.7891703844070435,0.055418748408555984,0.24004928767681122,0.5163400769233704,0.11767884343862534,0.8135852217674255
12.236613600005512,-0.2865288555622101,0.7891393303871155,0.05543955788016319,0.23972460627555847,0.516636848449707,0.1170429140329361,0.8135843873023987
12.240180699998746,-0.2866384983062744,0.7891085147857666,0.055457696318626404,0.23965682089328766,0.5168352127075195,0.1167505532503128,0.8135203123092651
12.244335200011847,-0.2867477536201477,0.7890813946723938,0.055478785187006,0.23952092230319977,0.51701819896698,0.11655652523040771,0.8134718537330627
12.248516300009214,-0.28687727451324463,0.7890380024909973,0.05549012869596481,0.23929236829280853,0.517170250415802,0.11708839237689972,0.813366174697876
12.252743400007603,-0.28698769211769104,0.7890123128890991,0.05551539734005928,0.23942925035953522,0.5174208283424377,0.11685466766357422,0.813200056552887
12.256781000003684,-0.28711000084877014,0.7890002727508545,0.055551085621118546,0.23953410983085632,0.5177984833717346,0.11657599359750748,0.8129687309265137
12.261039800010622,-0.28724172711372375,0.7889516353607178,0.055578120052814484,0.239925816655159,0.5178645253181458,0.11599662899971008,0.8128940463066101
12.26512160000857,-0.28737106919288635,0.788926899433136,0.05560467392206192,0.23989135026931763,0.51783686876297,0.11621716618537903,0.812890350818634
12.269374100011191,-0.28752636909484863,0.7889023423194885,0.05562353506684303,0.23996901512145996,0.5174540877342224,0.11652576178312302,0.8130669593811035
12.273700800011284,-0.287649005651474,0.7888555526733398,0.05564850568771362,0.2397703379392624,0.5175703167915344,0.11667535454034805,0.8130301237106323
12.277886100011528,-0.28775671124458313,0.7888284921646118,0.055691350251436234,0.23980991542339325,0.5176708698272705,0.11672769486904144,0.8129469156265259
12.281961400003638,-0.28788354992866516,0.7887916564941406,0.055725615471601486,0.23989734053611755,0.5176774263381958,0.11718732863664627,0.8128507733345032
12.285982100002002,-0.2880086600780487,0.7887670993804932,0.055758215487003326,0.2399183213710785,0.5176317691802979,0.11744507402181625,0.8128365278244019
12.29018989999895,-0.2881380021572113,0.7887428402900696,0.055778857320547104,0.24010296165943146,0.5177488923072815,0.11769438534975052,0.8126713037490845
12.294560800000909,-0.2882704436779022,0.7887415289878845,0.05583036690950394,0.24036209285259247,0.5177124738693237,0.11845935136079788,0.8125067353248596
12.298808300009114,-0.2884069085121155,0.7887135744094849,0.05587374418973923,0.2406664341688156,0.5177426934242249,0.11850932985544205,0.812390148639679
12.30291670000588,-0.28853464126586914,0.7887047529220581,0.05592838302254677,0.24057970941066742,0.5176346302032471,0.1187698096036911,0.8124465942382812
12.31107970001176,-0.2887829542160034,0.788686990737915,0.05601290613412857,0.24085427820682526,0.5178919434547424,0.11892557144165039,0.8121784925460815
12.315255499997875,-0.2889038920402527,0.7886651158332825,0.05605018138885498,0.24085214734077454,0.5181332230567932,0.11872780323028564,0.8120541572570801
12.31941480000387,-0.289045512676239,0.7886596322059631,0.0560949333012104,0.24065078794956207,0.5182234048843384,0.11886651813983917,0.8120360970497131
12.323724600006244,-0.2891717255115509,0.7886433005332947,0.0561445988714695,0.24077729880809784,0.5184261202812195,0.11848745495080948,0.8119244575500488
12.327817299999879,-0.28928494453430176,0.7886344790458679,0.05618041753768921,0.2409036010503769,0.5184935331344604,0.11833988130092621,0.8118654489517212
12.331753100006608,-0.28940457105636597,0.7886251211166382,0.05621328949928284,0.2408953458070755,0.518575131893158,0.11818516254425049,0.8118383288383484
12.335930300003383,-0.2895479202270508,0.7885973453521729,0.0562203973531723,0.24059635400772095,0.5182902216911316,0.11881344765424728,0.8120172023773193
12.340344600001117,-0.28966024518013,0.7885866165161133,0.05624578148126602,0.2406071275472641,0.518227219581604,0.11892183870077133,0.8120384216308594
12.34437700000126,-0.289792001247406,0.788575291633606,0.056268636137247086,0.2406080812215805,0.5182480812072754,0.11878446489572525,0.8120448589324951
12.348634900001343,-0.2899397611618042,0.7885676026344299,0.05630233511328697,0.24062666296958923,0.5180599689483643,0.1185837835073471,0.8121887445449829
12.352756400010549,-0.2900482416152954,0.7885593771934509,0.05633840709924698,0.2404852956533432,0.5181555151939392,0.11847685277462006,0.8121852874755859
12.356975900009274,-0.29016074538230896,0.7885513305664062,0.05637465417385101,0.2404327094554901,0.5181543231010437,0.11867835372686386,0.8121722340583801
12.36111019999953,-0.2902723550796509,0.7885444164276123,0.0564124695956707,0.24037878215312958,0.5181662440299988,0.11865643411874771,0.8121837377548218
12.365348500010441,-0.2904007136821747,0.7885328531265259,0.05648311972618103,0.24102844297885895,0.5182875990867615,0.11780159920454025,0.8120381832122803
12.370018600006006,-0.290526419878006,0.7885316610336304,0.0565340481698513,0.2409687489271164,0.5186378955841064,0.11702853441238403,0.8119440674781799
12.373853000011877,-0.29066139459609985,0.7884899377822876,0.05658760294318199,0.24076497554779053,0.5185004472732544,0.11714062094688416,0.8120760917663574
12.382356100002653,-0.2909027934074402,0.7884488701820374,0.056678418070077896,0.2406599223613739,0.5187278985977173,0.11726337671279907,0.811944305896759
12.3863066000049,-0.2910340130329132,0.7884284853935242,0.05672815814614296,0.24059472978115082,0.5188207626342773,0.11740726977586746,0.8118834495544434
12.390605900000082,-0.29116085171699524,0.7883970141410828,0.05674638971686363,0.24020515382289886,0.519082248210907,0.11695441603660583,0.8118969798088074
12.394281700006104,-0.291303426027298,0.7883806228637695,0.05679633468389511,0.24014677107334137,0.5190504193305969,0.11708866059780121,0.8119152784347534
12.39845810001134,-0.29142704606056213,0.7883632183074951,0.05687344819307327,0.2404073029756546,0.5188074111938477,0.1180853620171547,0.8118491172790527
12.4030308000074,-0.2915531098842621,0.7883466482162476,0.05692572519183159,0.24024708569049835,0.5187982320785522,0.11838341504335403,0.8118590116500854
12.406895200008876,-0.2916901707649231,0.7883298397064209,0.05696266517043114,0.2403988391160965,0.5187513828277588,0.11844632029533386,0.811834990978241
12.410992000004626,-0.29182034730911255,0.7883163094520569,0.05699386075139046,0.24082157015800476,0.5189000964164734,0.11799659579992294,0.8116800785064697
12.415164100006223,-0.29194360971450806,0.7883018255233765,0.05704899877309799,0.24080076813697815,0.5190113186836243,0.11776094883680344,0.8116492629051208
12.420268200003193,-0.2920835018157959,0.7882823348045349,0.05710765719413757,0.24088728427886963,0.5191406607627869,0.11739899963140488,0.8115933537483215
12.42371680001088,-0.2922101616859436,0.7882580161094666,0.05714699253439903,0.24100661277770996,0.5188526511192322,0.11723529547452927,0.8117657899856567
12.427825000006123,-0.29231351613998413,0.7882413864135742,0.057205457240343094,0.24090945720672607,0.5190413594245911,0.1170109361410141,0.8117063045501709
12.43222980000428,-0.29243022203445435,0.7882325649261475,0.05725778639316559,0.24109576642513275,0.5191217660903931,0.11687358468770981,0.8116193413734436
12.437412300001597,-0.29254648089408875,0.7881875038146973,0.05730098858475685,0.24134398996829987,0.5193319320678711,0.11647699028253555,0.811468243598938
12.440904800008866,-0.2926439642906189,0.7881686687469482,0.057343143969774246,0.2413678616285324,0.5194510221481323,0.11618586629629135,0.8114265203475952
12.445555300000706,-0.29274505376815796,0.7881415486335754,0.057379353791475296,0.24129417538642883,0.5194928646087646,0.11610360443592072,0.8114334344863892
12.450090199999977,-0.29284363985061646,0.7881180047988892,0.057419292628765106,0.24130922555923462,0.5196435451507568,0.11595223844051361,0.8113541603088379
12.454049500011024,-0.2929491400718689,0.7881021499633789,0.057458676397800446,0.24080228805541992,0.519649088382721,0.11618643254041672,0.811467707157135
12.457491200009827,-0.29306501150131226,0.7880711555480957,0.057480454444885254,0.2403048574924469,0.519993782043457,0.11575165390968323,0.8114564418792725
12.461276300004101,-0.293182373046875,0.7880488038063049,0.057518526911735535,0.240353524684906,0.5199796557426453,0.11591346561908722,0.8114280700683594
12.465641600007075,-0.2933315336704254,0.7879854440689087,0.057555172592401505,0.24004274606704712,0.5195097327232361,0.1177971288561821,0.8115497827529907
12.470085100008873,-0.2934587001800537,0.7879757285118103,0.057606834918260574,0.23990298807621002,0.5196567177772522,0.11841664463281631,0.8114067912101746
12.473625800004811,-0.2935684025287628,0.7879636287689209,0.05765674263238907,0.23971962928771973,0.5197643637657166,0.11866866052150726,0.8113552331924438
12.477632699999958,-0.2936830222606659,0.7879531383514404,0.057719636708498,0.23964543640613556,0.5198919177055359,0.11866782605648041,0.8112955093383789
12.48178660000849,-0.29380154609680176,0.7879378199577332,0.057769354432821274,0.239419624209404,0.5197553634643555,0.11923087388277054,0.8113671541213989
12.485903200009489,-0.2939226031303406,0.7879260182380676,0.05783699452877045,0.2392258197069168,0.5194634199142456,0.11971382051706314,0.8115401268005371
12.48994450000464,-0.2940520942211151,0.7879164218902588,0.05790815129876137,0.23900404572486877,0.5191980600357056,0.12047019600868225,0.8116633296012878
12.494146199998795,-0.29418137669563293,0.7879077196121216,0.05796916037797928,0.23886269330978394,0.5190258622169495,0.12045448273420334,0.811817467212677
12.498291299998527,-0.294322669506073,0.7879032492637634,0.058027233928442,0.23887328803539276,0.5188438892364502,0.12069648504257202,0.8118947148323059
12.502435300004436,-0.29444143176078796,0.7879068851470947,0.05811610072851181,0.23861142992973328,0.5188302993774414,0.12084218114614487,0.8119586706161499
12.506884800008265,-0.2945808172225952,0.7879059910774231,0.05818198621273041,0.238603413105011,0.5184800028800964,0.12102171778678894,0.8121580481529236
12.511030400011805,-0.2946924865245819,0.7879104018211365,0.05824902653694153,0.23854075372219086,0.5184159874916077,0.12119773775339127,0.8121910691261292
12.515389000007417,-0.2947899401187897,0.7878960371017456,0.05832487344741821,0.23852019011974335,0.5184651613235474,0.12112890183925629,0.8121759295463562
12.519850000011502,-0.29491084814071655,0.7878817915916443,0.05840630084276199,0.238468199968338,0.5182468891143799,0.12093473970890045,0.8123594522476196
12.523786800011294,-0.2950110137462616,0.7878808379173279,0.0584711916744709,0.2385014146566391,0.5182766318321228,0.12089826911687851,0.8123361468315125
12.527828800011775,-0.2951085567474365,0.7878854274749756,0.05853506550192833,0.23862585425376892,0.5183439254760742,0.12070444226264954,0.8122854828834534
12.531901000009384,-0.295200914144516,0.7878903150558472,0.05859904736280441,0.23864969611167908,0.5183063745498657,0.12068511545658112,0.8123053312301636
12.53611240000464,-0.29528847336769104,0.7878938913345337,0.05866103991866112,0.23850879073143005,0.5182431936264038,0.1210191398859024,0.8123372793197632
12.540369499998633,-0.29537954926490784,0.7878985404968262,0.05871518328785896,0.2385587841272354,0.5181533694267273,0.12112585455179214,0.8123639822006226
12.544452100002673,-0.2954636514186859,0.7879079580307007,0.05877836048603058,0.23838742077350616,0.5180657505989075,0.12146001309156418,0.8124203085899353
12.549204499999178,-0.2955532371997833,0.7879176735877991,0.05884508416056633,0.23828887939453125,0.5180948376655579,0.12150074541568756,0.8124246001243591
12.552637700006017,-0.2956450879573822,0.787937343120575,0.058908794075250626,0.23854830861091614,0.5181085467338562,0.12186573445796967,0.8122850060462952
12.556828200002201,-0.29573625326156616,0.7879542112350464,0.05896494910120964,0.23841196298599243,0.5183002948760986,0.12184229493141174,0.8122063279151917
12.560850100009702,-0.2958259880542755,0.7879515886306763,0.05901148170232773,0.23825962841510773,0.518125593662262,0.12266077101230621,0.8122392296791077
12.565006800010451,-0.29591110348701477,0.7879735827445984,0.0590696819126606,0.23828738927841187,0.5184234380722046,0.12207367271184921,0.8121294975280762
12.569449500006158,-0.29598790407180786,0.7879760265350342,0.05910865589976311,0.2382238209247589,0.5184487104415894,0.1221923902630806,0.8121141195297241
12.57352499999979,-0.29607659578323364,0.787982702255249,0.05917034298181534,0.23790577054023743,0.5185550451278687,0.12167879194021225,0.812216579914093
12.577699600005872,-0.29616257548332214,0.7879704236984253,0.05921906232833862,0.2376251220703125,0.5185666680335999,0.12233834713697433,0.8121922016143799
12.58247960000881,-0.2962605357170105,0.7879579067230225,0.05926409363746643,0.23819893598556519,0.5185332894325256,0.12162763625383377,0.8121522068977356
12.586811100001796,-0.2963460683822632,0.7879754900932312,0.05930319428443909,0.2381279468536377,0.5184768438339233,0.12189364433288574,0.8121691942214966
12.590247900006943,-0.29643508791923523,0.7879849672317505,0.05935005471110344,0.23796823620796204,0.5183988213539124,0.12216416001319885,0.8122251629829407
12.594236500008265,-0.2965385913848877,0.7880077958106995,0.0593825988471508,0.23802509903907776,0.5184416174888611,0.122719906270504,0.8120973706245422
12.598289000001387,-0.29664263129234314,0.7880298495292664,0.05942963436245918,0.23793984949588776,0.5182757377624512,0.12280267477035522,0.8122157454490662
12.602910100002191,-0.29673969745635986,0.7880551218986511,0.059477634727954865,0.23791921138763428,0.5180562138557434,0.12304867804050446,0.812324583530426
12.606941200006986,-0.2968302369117737,0.7880669832229614,0.05952034145593643,0.23775579035282135,0.5181147456169128,0.12331683188676834,0.8122943639755249
12.611137100000633,-0.29693305492401123,0.788058340549469,0.05956202745437622,0.2382473200559616,0.5182051062583923,0.12282748520374298,0.8121669292449951
12.61523290000332,-0.29701367020606995,0.7880833745002747,0.05960366129875183,0.23824429512023926,0.5182306170463562,0.12294798344373703,0.812133252620697
12.619802800007164,-0.29709845781326294,0.7881149053573608,0.059642449021339417,0.2382514923810959,0.518410861492157,0.12244142591953278,0.812092661857605
12.623822400011704,-0.29719141125679016,0.7881352305412292,0.05966774374246597,0.23788855969905853,0.5187035799026489,0.12190090864896774,0.8120934963226318
12.627863900008379,-0.2972738444805145,0.7881665229797363,0.05970625951886177,0.23799920082092285,0.5187546610832214,0.12195036560297012,0.812021017074585
12.631913900011568,-0.2973535656929016,0.7881996631622314,0.05973705276846886,0.2378370314836502,0.518731951713562,0.12221139669418335,0.8120437860488892
12.636133300009533,-0.2974599599838257,0.7882365584373474,0.059770189225673676,0.23771236836910248,0.5186631679534912,0.1223820149898529,0.812098503112793
12.640450999999302,-0.2975654602050781,0.7882516980171204,0.05979011580348015,0.23705433309078217,0.5181376338005066,0.12416262924671173,0.8123559355735779
12.644428700004937,-0.2976497709751129,0.7882875204086304,0.05982581153512001,0.23674166202545166,0.5180622339248657,0.12446696311235428,0.8124486804008484
12.648887100003776,-0.2977410554885864,0.7883445024490356,0.05986360087990761,0.2362503558397293,0.5180506706237793,0.12543421983718872,0.8124502897262573
12.653189100004965,-0.29782330989837646,0.7883724570274353,0.059895049780607224,0.2362890988588333,0.5180067420005798,0.12584324181079865,0.8124037981033325
12.657049600005848,-0.2979089021682739,0.7884027361869812,0.05991850420832634,0.23618245124816895,0.5181589722633362,0.12569953501224518,0.8123599886894226
12.661219700006768,-0.29799097776412964,0.7884275317192078,0.05994618311524391,0.2361377626657486,0.5182217955589294,0.1258333921432495,0.8123121857643127
12.665123099999619,-0.2980755865573883,0.7884473204612732,0.05996493622660637,0.2361772656440735,0.518230676651001,0.12608668208122253,0.8122557401657104
12.669464300008258,-0.2981576919555664,0.7884634137153625,0.0599958561360836,0.23607943952083588,0.5182322263717651,0.12654593586921692,0.812211811542511
12.673556599998847,-0.2982408106327057,0.7884867191314697,0.06003347039222717,0.23620256781578064,0.518189549446106,0.12700152397155762,0.8121321797370911
12.677877699999954,-0.2983183264732361,0.7885009050369263,0.060060206800699234,0.236180379986763,0.5181516408920288,0.12728522717952728,0.8121182918548584
12.68204450000485,-0.29839450120925903,0.7885171175003052,0.060098614543676376,0.236090287566185,0.5182307958602905,0.12717880308628082,0.8121107816696167
12.685999200009974,-0.298471599817276,0.7885247468948364,0.06012483313679695,0.23600667715072632,0.5181891322135925,0.12744022905826569,0.8121206164360046
12.690329600009136,-0.2985702455043793,0.7885349988937378,0.06014256924390793,0.23591184616088867,0.5180668234825134,0.12759172916412354,0.8122023940086365
12.695609400005196,-0.2986487150192261,0.7885433435440063,0.06017041578888893,0.23588141798973083,0.5180167555809021,0.127690389752388,0.8122276663780212
12.699458300005062,-0.2987334430217743,0.7885568737983704,0.06020578369498253,0.23555557429790497,0.5178430080413818,0.12813353538513184,0.8123632073402405
12.702911000000313,-0.2988155484199524,0.7885600924491882,0.06023464724421501,0.23560863733291626,0.5178155899047852,0.12797479331493378,0.8123903870582581
12.707627299998421,-0.2988952696323395,0.7885612845420837,0.060258276760578156,0.23553070425987244,0.5176759362220764,0.12803874909877777,0.8124918937683105
12.71674640000856,-0.2990878224372864,0.7885575890541077,0.06031664460897446,0.23532743752002716,0.5170478224754333,0.12812860310077667,0.8129364252090454
12.720303800000693,-0.2991677224636078,0.7885608673095703,0.06035115569829941,0.2352999448776245,0.5170326232910156,0.12806399166584015,0.8129642605781555
12.723910200002138,-0.2992612421512604,0.7885598540306091,0.06037941575050354,0.23515266180038452,0.5168752074241638,0.12789656221866608,0.8131332397460938
12.727648300002329,-0.2993431091308594,0.7885528802871704,0.06040744110941887,0.23512785136699677,0.5167981386184692,0.127985417842865,0.8131754398345947
12.731956400006311,-0.2994224429130554,0.7885496616363525,0.06043822690844536,0.23504410684108734,0.5167308449745178,0.12795832753181458,0.8132467269897461
12.736198099999456,-0.29950305819511414,0.788545548915863,0.06047394126653671,0.23491902649402618,0.5167597532272339,0.12784980237483978,0.8132815361022949
12.740698000008706,-0.29959338903427124,0.7885228395462036,0.06050238385796547,0.23475578427314758,0.5165022015571594,0.12844376266002655,0.8133986592292786
12.74464390000503,-0.29967406392097473,0.7885162830352783,0.06054827570915222,0.23483256995677948,0.5165296196937561,0.1283607929944992,0.8133721351623535
12.748491800011834,-0.29975616931915283,0.7884929180145264,0.06058447062969208,0.23466496169567108,0.5165234804153442,0.12846297025680542,0.813408374786377
12.752879000006942,-0.2998320162296295,0.788473904132843,0.06061137095093727,0.23463676869869232,0.5165138244628906,0.1283077448606491,0.8134470582008362
12.758110700000543,-0.2999303340911865,0.788452684879303,0.060642585158348083,0.23458676040172577,0.5164321064949036,0.12836740911006927,0.8135039806365967
12.76160610000079,-0.3000180423259735,0.7884001731872559,0.06066746637225151,0.23479510843753815,0.516635537147522,0.12761326134204865,0.8134333491325378
12.765412000007927,-0.3000180423259735,0.7884001731872559,0.06066746637225151,0.23479510843753815,0.516635537147522,0.12761326134204865,0.8134333491325378
12.769771899998887,-0.30020344257354736,0.7883234024047852,0.06070771440863609,0.23525510728359222,0.5167524218559265,0.1271596997976303,0.8132972121238708
12.773674299998675,-0.3002821207046509,0.7882702946662903,0.060753531754016876,0.23513686656951904,0.5165887475013733,0.12695090472698212,0.8134679794311523
12.777887300006114,-0.3003579378128052,0.7882041335105896,0.06079837679862976,0.2350142002105713,0.5161877274513245,0.12729886174201965,0.8137035965919495
12.78194520001125,-0.300442099571228,0.7881736755371094,0.06082519143819809,0.23510412871837616,0.5161364674568176,0.1271497905254364,0.8137334585189819
12.78598640000564,-0.3005272448062897,0.7881402969360352,0.060821667313575745,0.23514583706855774,0.5162408351898193,0.12719093263149261,0.8136487603187561
12.790484299999662,-0.3006080389022827,0.7881090044975281,0.06082417443394661,0.23511742055416107,0.5160551071166992,0.12727636098861694,0.8137614130973816
12.794437900010962,-0.30071592330932617,0.7880312204360962,0.06080625578761101,0.23548491299152374,0.515475869178772,0.12846210598945618,0.8138359785079956
12.798714100004872,-0.3007916510105133,0.787990927696228,0.06080593168735504,0.23526519536972046,0.5155472755432129,0.12838439643383026,0.8138665556907654
12.802688100011437,-0.3008933365345001,0.7879604697227478,0.06080404296517372,0.23478366434574127,0.5156048536300659,0.12832936644554138,0.8139777183532715
12.807211500010453,-0.3009626567363739,0.7879159450531006,0.06081454083323479,0.23488666117191315,0.5154512524604797,0.12840990722179413,0.8140326142311096
12.811241200004588,-0.30103394389152527,0.787891149520874,0.06082209199666977,0.2346833050251007,0.5154136419296265,0.12846194207668304,0.8141068816184998
12.815415400007623,-0.30111974477767944,0.7878594994544983,0.06082748994231224,0.2347065657377243,0.5150745511054993,0.12845386564731598,0.8143160939216614
12.819533500005491,-0.3011855483055115,0.7878358960151672,0.06083262711763382,0.23461207747459412,0.5150357484817505,0.1281479299068451,0.8144160509109497
12.823594000001322,-0.3012392222881317,0.7877910733222961,0.060836318880319595,0.23443901538848877,0.5149929523468018,0.12844251096248627,0.8144465684890747
12.827753000005032,-0.3012964129447937,0.7877722382545471,0.06084500998258591,0.23445969820022583,0.5149756669998169,0.1280052661895752,0.8145202994346619
12.83218620000116,-0.3013480603694916,0.7877359986305237,0.0608513243496418,0.2345174252986908,0.5149369835853577,0.1279626488685608,0.8145349025726318
12.836526900005993,-0.3013950288295746,0.7877041697502136,0.060855913907289505,0.23459278047084808,0.5149465203285217,0.12781378626823425,0.8145305514335632
12.840500300007989,-0.3014329671859741,0.787668764591217,0.060856033116579056,0.23445726931095123,0.5148153901100159,0.1278190165758133,0.814651608467102
12.84435850000591,-0.3014829158782959,0.7876462340354919,0.06087961420416832,0.2344912439584732,0.5145955681800842,0.12805645167827606,0.8147433996200562
12.848817899997812,-0.3015253245830536,0.7876089215278625,0.06087948754429817,0.23452620208263397,0.5144141912460327,0.12851481139659882,0.8147757053375244
12.852687300008256,-0.3015593886375427,0.7875660061836243,0.060894712805747986,0.23450204730033875,0.5143811702728271,0.12868374586105347,0.8147768378257751
12.857217199998558,-0.30161601305007935,0.7875300049781799,0.0609101727604866,0.2343064546585083,0.5142114162445068,0.12861143052577972,0.8149516582489014
12.861038100003498,-0.30161601305007935,0.7875300049781799,0.0609101727604866,0.2343064546585083,0.5142114162445068,0.12861143052577972,0.8149516582489014
12.86519200001203,-0.30168503522872925,0.787453830242157,0.060935989022254944,0.2346397191286087,0.5140401721000671,0.12875784933567047,0.8149406909942627
12.869589499998256,-0.30171701312065125,0.7874207496643066,0.060934633016586304,0.2345060110092163,0.5139043927192688,0.1293475180864334,0.8149714469909668
12.873476200009463,-0.30175256729125977,0.787386417388916,0.060949571430683136,0.23461271822452545,0.5137199759483337,0.12950848042964935,0.8150314092636108
12.877648599998793,-0.3017859160900116,0.7873421311378479,0.060952529311180115,0.23453593254089355,0.5134280920028687,0.13025034964084625,0.815119206905365
12.88174589999835,-0.3018171787261963,0.7873115539550781,0.0609559640288353,0.23452222347259521,0.5133208632469177,0.1304515302181244,0.8151585459709167
12.885998800004018,-0.30183929204940796,0.7872869372367859,0.060960832983255386,0.23445285856723785,0.5132390856742859,0.1305142492055893,0.8152199387550354
12.890405800004373,-0.30186671018600464,0.7872587442398071,0.06096339598298073,0.23454801738262177,0.513122022151947,0.13065455853939056,0.8152437806129456
12.894648600005894,-0.3018874228000641,0.7872289419174194,0.06096227094531059,0.2344750165939331,0.5129883885383606,0.13084830343723297,0.8153177499771118
12.89887109999836,-0.3019038736820221,0.7872065901756287,0.06096835061907768,0.23449161648750305,0.5129366517066956,0.130778968334198,0.8153566718101501
12.903024800005369,-0.3019123077392578,0.7871817946434021,0.060967400670051575,0.23444901406764984,0.5128604173660278,0.1307772397994995,0.8154171705245972
12.907023100007791,-0.301923930644989,0.7871482968330383,0.060965124517679214,0.23418423533439636,0.5128157138824463,0.1306709200143814,0.8155384659767151
12.91196550001041,-0.30193620920181274,0.7871263027191162,0.060969915241003036,0.23428210616111755,0.5126770734786987,0.1311597228050232,0.8155190348625183
12.915612900003907,-0.30194923281669617,0.7870772480964661,0.06096876412630081,0.23447585105895996,0.5126693248748779,0.13060373067855835,0.8155573606491089
12.919978900012211,-0.3019566237926483,0.7870509028434753,0.06097375601530075,0.2343331128358841,0.5127086043357849,0.13041970133781433,0.8156031966209412
12.92528750000929,-0.30195677280426025,0.7870209813117981,0.06097498536109924,0.23446457087993622,0.5125308036804199,0.1305016726255417,0.8156640529632568
12.929050500009907,-0.30195677280426025,0.7870209813117981,0.06097498536109924,0.23446457087993622,0.5125308036804199,0.1305016726255417,0.8156640529632568
12.933518700010609,-0.3019549250602722,0.7869845628738403,0.060983892530202866,0.23425769805908203,0.5124489665031433,0.13069583475589752,0.8157438635826111
12.93729980000353,-0.3019440174102783,0.7868954539299011,0.061002086848020554,0.23437602818012238,0.5122677683830261,0.13050587475299835,0.815854012966156
12.941002100007609,-0.30193328857421875,0.7868743538856506,0.061004526913166046,0.23452630639076233,0.5120534300804138,0.1308271437883377,0.8158939480781555
12.944363200003863,-0.30192315578460693,0.7868266701698303,0.0610223188996315,0.23454290628433228,0.5119911432266235,0.13099496066570282,0.8159013390541077
12.948386600008234,-0.3019079864025116,0.7867857217788696,0.061023734509944916,0.2346179485321045,0.5120194554328918,0.13088656961917877,0.8158794641494751
12.952812400006223,-0.30188611149787903,0.7867470979690552,0.06103359907865524,0.23469103872776031,0.511856198310852,0.13108785450458527,0.8159284591674805
12.957121700004791,-0.3018662631511688,0.7866915464401245,0.061041489243507385,0.2349395453929901,0.5117234587669373,0.13136565685272217,0.8158955574035645
12.961276700007147,-0.3018515408039093,0.7866479158401489,0.06105121970176697,0.23486685752868652,0.511773943901062,0.1314016878604889,0.8158790469169617
12.965202999999747,-0.301833838224411,0.786615788936615,0.061058588325977325,0.23496113717556,0.5117101669311523,0.13147467374801636,0.8158801198005676
12.969269699999131,-0.3018082082271576,0.7865809798240662,0.061067789793014526,0.2349841594696045,0.5116168260574341,0.13151340186595917,0.8159257769584656
12.973364400007995,-0.3017902672290802,0.7865450978279114,0.061074379831552505,0.23503714799880981,0.5115991234779358,0.13164323568344116,0.8159006834030151
12.977491800003918,-0.30177047848701477,0.7865100502967834,0.061084482818841934,0.2349017858505249,0.5114490985870361,0.1319538801908493,0.8159835338592529
12.981671100002131,-0.30175408720970154,0.7864774465560913,0.06108875945210457,0.23490552604198456,0.5114179849624634,0.13210363686084747,0.8159777522087097
12.985867200011853,-0.30173224210739136,0.7864418029785156,0.0610848031938076,0.2348073422908783,0.5113562345504761,0.13228459656238556,0.816015362739563
12.994802900007926,-0.3016825318336487,0.7863637804985046,0.06108378618955612,0.23450730741024017,0.5112065672874451,0.1324830949306488,0.8161632418632507
12.999103300011484,-0.3016599416732788,0.786328136920929,0.06108475103974342,0.23420991003513336,0.5110596418380737,0.13288597762584686,0.8162751197814941
13.002901300002122,-0.301635205745697,0.7862914800643921,0.061083775013685226,0.23408634960651398,0.5109505653381348,0.13312946259975433,0.8163391351699829
13.008159600009094,-0.30161434412002563,0.7862450480461121,0.06107979640364647,0.233883336186409,0.5109690427780151,0.13304780423641205,0.8163991570472717
13.011640299999272,-0.30158868432044983,0.7862048745155334,0.06109265983104706,0.2336892932653427,0.5109042525291443,0.1333487331867218,0.81644606590271
13.016343000010238,-0.3015642464160919,0.7861483097076416,0.06109662726521492,0.23347413539886475,0.510901689529419,0.1334664672613144,0.8164900541305542
13.021280400003889,-0.30153578519821167,0.7860940098762512,0.06111849844455719,0.233388751745224,0.510748028755188,0.13371482491493225,0.816569983959198
13.025324700007332,-0.3015049695968628,0.7860265374183655,0.06114089861512184,0.2333233505487442,0.5106889009475708,0.13395294547080994,0.8165866136550903
13.029032800011919,-0.30146560072898865,0.7859449982643127,0.061192162334918976,0.23358403146266937,0.5103230476379395,0.13418541848659515,0.8167026042938232
13.032613700008369,-0.3014002740383148,0.7858786582946777,0.06124066188931465,0.2339884638786316,0.5101730227470398,0.1348569542169571,0.8165699243545532
13.037470700000995,-0.30134478211402893,0.7857879996299744,0.061283279210329056,0.23439322412014008,0.5100004076957703,0.13474085927009583,0.8165808916091919
13.041055200010305,-0.30128979682922363,0.7857038974761963,0.061321061104536057,0.2345249503850937,0.5099313855171204,0.13502782583236694,0.8165387511253357
13.044481700009783,-0.3012091815471649,0.7856171131134033,0.06134577840566635,0.23468197882175446,0.5100455284118652,0.13507889211177826,0.8164138793945312
13.048567400008324,-0.3011164665222168,0.7855520248413086,0.06139291077852249,0.23431269824504852,0.5100024938583374,0.13540686666965485,0.81649249792099
13.053277900005924,-0.3010554611682892,0.7854688763618469,0.06141358241438866,0.2344583421945572,0.5100963711738586,0.135026216506958,0.816455066204071
13.056993999998667,-0.30098849534988403,0.7853845357894897,0.06143960729241371,0.2346324473619461,0.5099974870681763,0.13496267795562744,0.8164772987365723
13.063802400007262,-0.30091625452041626,0.7852978110313416,0.06146099418401718,0.23480910062789917,0.5100598931312561,0.1348903924226761,0.8163995146751404
13.068772500002524,-0.3007550835609436,0.7851295471191406,0.0615246556699276,0.23513998091220856,0.5103869438171387,0.1338159292936325,0.8162767291069031
13.073068300000159,-0.3006967306137085,0.7850705981254578,0.06154096499085426,0.23512299358844757,0.5103866457939148,0.1338472217321396,0.8162767291069031
13.077577300005942,-0.30063652992248535,0.785005509853363,0.06154261529445648,0.23490720987319946,0.5104038715362549,0.13349877297878265,0.8163850903511047
13.082308700002613,-0.3005782663822174,0.784942090511322,0.061542022973299026,0.23476611077785492,0.5105002522468567,0.13318541646003723,0.8164165019989014
13.086441200008267,-0.3005225658416748,0.7848918437957764,0.06154719740152359,0.23459166288375854,0.510523796081543,0.13309736549854279,0.8164664506912231
13.09143290000793,-0.3004746437072754,0.7848469018936157,0.06155247241258621,0.2345343381166458,0.5105240941047668,0.13287462294101715,0.816519021987915
13.095272899998236,-0.30042925477027893,0.7847903966903687,0.06157314032316208,0.2342478632926941,0.5106250643730164,0.13300424814224243,0.8165168762207031
13.098904300000868,-0.3003849685192108,0.7847535610198975,0.06159193441271782,0.23382870852947235,0.51042240858078,0.1334810107946396,0.8166859149932861
13.102797600004124,-0.3003387153148651,0.7847120761871338,0.06160212680697441,0.23356299102306366,0.5104203820228577,0.1336553990840912,0.8167347311973572
13.107963300004485,-0.3003016710281372,0.7846574783325195,0.061605341732501984,0.23359477519989014,0.5101721286773682,0.13427507877349854,0.8167790770530701
13.11147709999932,-0.30025967955589294,0.7846119999885559,0.061615850776433945,0.23330198228359222,0.5100688338279724,0.1345444917678833,0.8168829679489136
13.115269100002479,-0.30022528767585754,0.7845595479011536,0.0616346038877964,0.23305945098400116,0.5097678899765015,0.13539142906665802,0.8170000910758972
13.11934520000068,-0.3001896142959595,0.7845101356506348,0.06165438890457153,0.23298446834087372,0.5097372531890869,0.1352904886007309,0.8170573115348816
13.12373479999951,-0.300153911113739,0.7844563126564026,0.061673618853092194,0.2329559475183487,0.5096521377563477,0.13536714017391205,0.8171058297157288
13.128217800011043,-0.30011624097824097,0.7844111323356628,0.06170205399394035,0.2330288141965866,0.5095853805541992,0.13551539182662964,0.8171021342277527
13.132148200005759,-0.30006352066993713,0.7843519449234009,0.061742790043354034,0.2330859750509262,0.5094563364982605,0.13546480238437653,0.8171746730804443
13.136191300000064,-0.30002039670944214,0.7843002080917358,0.0617736391723156,0.2331506609916687,0.5094659328460693,0.1351565420627594,0.8172013163566589
13.140669800006435,-0.29997771978378296,0.7842483520507812,0.061795756220817566,0.23334264755249023,0.5093016028404236,0.13547436892986298,0.817196249961853
13.144561400011298,-0.29993394017219543,0.7841823697090149,0.06182478740811348,0.23392507433891296,0.5092974901199341,0.13488924503326416,0.8171291947364807
13.14868870000646,-0.2998882532119751,0.7841172218322754,0.06184787675738335,0.23423442244529724,0.5090181231498718,0.13484632968902588,0.8172216415405273
13.15299750000122,-0.2998358905315399,0.7840875387191772,0.061870768666267395,0.2341185063123703,0.5090137124061584,0.13518573343753815,0.817201554775238
13.157589200010989,-0.2997916042804718,0.7840376496315002,0.06189560517668724,0.23442116379737854,0.5088573694229126,0.13517028093338013,0.8172147274017334
13.161212999999407,-0.2997916042804718,0.7840376496315002,0.06189560517668724,0.23442116379737854,0.5088573694229126,0.13517028093338013,0.8172147274017334
13.16495560000476,-0.29967349767684937,0.7839626669883728,0.061928123235702515,0.2347426861524582,0.5084300637245178,0.13586276769638062,0.8172735571861267
13.169396099998266,-0.2996208965778351,0.7839336395263672,0.061931222677230835,0.2346971035003662,0.5084034204483032,0.13602657616138458,0.8172759413719177
13.176510600009351,-0.29957279562950134,0.7839072942733765,0.06192196160554886,0.23439088463783264,0.5084306001663208,0.136082723736763,0.8173376321792603
13.181978400010848,-0.2994929850101471,0.783892035484314,0.06190492585301399,0.23398491740226746,0.5084205269813538,0.13657748699188232,0.8173776865005493
13.186597799998708,-0.2994476854801178,0.7839106917381287,0.0618780255317688,0.23299650847911835,0.5085210204124451,0.13710440695285797,0.8175092339515686
13.190264500008198,-0.29942193627357483,0.7839164137840271,0.06185606122016907,0.23237676918506622,0.5086855888366699,0.13733874261379242,0.8175439238548279
13.194400899999891,-0.29939523339271545,0.7839274406433105,0.06183437630534172,0.23183660209178925,0.5087962746620178,0.13735295832157135,0.8176259994506836
13.198623900010716,-0.29937463998794556,0.7839345335960388,0.061800576746463776,0.23117396235466003,0.5089793801307678,0.13736189901828766,0.8176981806755066
13.202863099999377,-0.2993335425853729,0.7839404344558716,0.06178190931677818,0.2304946482181549,0.5092073678970337,0.13773378729820251,0.8176854252815247
13.206852100003744,-0.299323171377182,0.7839621901512146,0.06177365034818649,0.22996658086776733,0.5091609954833984,0.13805529475212097,0.8178087472915649
13.21103010000661,-0.2993013858795166,0.7839714884757996,0.061759673058986664,0.22950032353401184,0.5092236995697021,0.13798454403877258,0.8179126381874084
13.215412300007301,-0.2992892265319824,0.7839807868003845,0.0617501400411129,0.22920383512973785,0.5092024803161621,0.13838206231594086,0.8179418444633484
13.219439100008458,-0.29925575852394104,0.7839924693107605,0.0617593452334404,0.228791281580925,0.5092717409133911,0.13863509893417358,0.8179713487625122
13.22372940000787,-0.2992634177207947,0.7839920520782471,0.061766285449266434,0.22873151302337646,0.5089829564094543,0.13936373591423035,0.8180440068244934
13.227864300002693,-0.2992366552352905,0.7839959859848022,0.06178039684891701,0.22867310047149658,0.5089256763458252,0.13983343541622162,0.8180158138275146
13.232093200000236,-0.29922088980674744,0.7840010523796082,0.061793990433216095,0.22863373160362244,0.5087810754776001,0.14021402597427368,0.8180516362190247
13.236271100002341,-0.2991936206817627,0.7840080261230469,0.06182390823960304,0.2281835675239563,0.5086506605148315,0.14108003675937653,0.8181096315383911
13.240311200002907,-0.2991766333580017,0.7840200066566467,0.06184469908475876,0.22864072024822235,0.508303165435791,0.14190906286239624,0.8180544972419739
13.245636100007687,-0.2991606593132019,0.7840306758880615,0.06186166778206825,0.2285306453704834,0.5081431865692139,0.14250753819942474,0.8180805444717407
13.249886800011154,-0.2991407811641693,0.7840442657470703,0.061870768666267395,0.22852003574371338,0.5080804228782654,0.14266899228096008,0.8180943727493286
13.253552900001523,-0.2991151511669159,0.7840583324432373,0.0618741437792778,0.22854703664779663,0.5078774094581604,0.14301259815692902,0.8181529641151428
13.257055300011416,-0.29908737540245056,0.7840686440467834,0.06187184900045395,0.22846679389476776,0.5077827572822571,0.1433134824037552,0.8181814551353455
13.261988700003712,-0.29906001687049866,0.7840976715087891,0.0618666410446167,0.22848287224769592,0.5077160000801086,0.14335697889328003,0.8182107210159302
13.265942500001984,-0.2990289628505707,0.7841220498085022,0.061855752021074295,0.2282738983631134,0.5077706575393677,0.14336217939853668,0.8182342648506165
13.270027000005939,-0.2990289628505707,0.7841220498085022,0.061855752021074295,0.2282738983631134,0.5077706575393677,0.14336217939853668,0.8182342648506165
13.273931000003358,-0.2989729344844818,0.7841772437095642,0.0618148036301136,0.22791239619255066,0.5077775716781616,0.14342208206653595,0.8183202147483826
13.278214800011483,-0.29894962906837463,0.7841944098472595,0.06176627427339554,0.22731700539588928,0.5079869031906128,0.14301466941833496,0.8184272050857544
13.28200380000635,-0.2989165484905243,0.7842494249343872,0.0617336630821228,0.22712166607379913,0.5082178115844727,0.1424928903579712,0.8184290528297424
13.287723700006609,-0.298898845911026,0.7842960357666016,0.061717431992292404,0.22642336785793304,0.5082078576087952,0.14282527565956116,0.8185707926750183
13.294422700011637,-0.2988855242729187,0.78438401222229,0.06164545565843582,0.22539737820625305,0.5084812045097351,0.14291399717330933,0.8186687231063843
13.298639200002071,-0.2988864779472351,0.784432590007782,0.06161147728562355,0.22506515681743622,0.5086231231689453,0.14283013343811035,0.8186866641044617
13.302702200002386,-0.2988974153995514,0.7844780683517456,0.061581846326589584,0.22448508441448212,0.5088194012641907,0.14302340149879456,0.8186901807785034
13.306888300008723,-0.298913836479187,0.7845243811607361,0.06153268367052078,0.22391007840633392,0.5091596245765686,0.14308112859725952,0.8186259865760803
13.311157500007539,-0.29893410205841064,0.78457111120224,0.06149926409125328,0.2236187607049942,0.5093560814857483,0.14319263398647308,0.8185639381408691
13.315169599998626,-0.2989569902420044,0.7846283316612244,0.06145428493618965,0.2233060747385025,0.5095475316047668,0.1432683914899826,0.8185169100761414
13.319349700002931,-0.2989802360534668,0.7846851944923401,0.061434704810380936,0.2226727306842804,0.5094509124755859,0.14382576942443848,0.8186517953872681
13.323652999999467,-0.2990025579929352,0.7847409844398499,0.06139324605464935,0.22226665914058685,0.5093661546707153,0.14434939622879028,0.8187227845191956
13.328089800008456,-0.2990323305130005,0.7848047018051147,0.061356935650110245,0.22191140055656433,0.5096212029457092,0.1446012556552887,0.8186159133911133
13.332108700007666,-0.2990594804286957,0.7848621606826782,0.06133583188056946,0.22150583565235138,0.5094693303108215,0.14538408815860748,0.8186815977096558
13.336095999999088,-0.29908716678619385,0.7849181890487671,0.06129977107048035,0.22107811272144318,0.5096343755722046,0.14563968777656555,0.8186491131782532
13.340342000010423,-0.299102246761322,0.7849894165992737,0.06129016727209091,0.220687597990036,0.5096223950386047,0.14656242728233337,0.8185972571372986
13.34436070000811,-0.2991330325603485,0.7850754857063293,0.06125607341527939,0.21980328857898712,0.5096485018730164,0.14786501228809357,0.8185847401618958
13.348440100002335,-0.2991282045841217,0.7851283550262451,0.06124129891395569,0.21953251957893372,0.5096296072006226,0.14835870265960693,0.8185797333717346
13.352662500008591,-0.2991633713245392,0.7851820588111877,0.06122272461652756,0.21926280856132507,0.5094541311264038,0.14903700351715088,0.8186380863189697
13.356754400010686,-0.2991800010204315,0.7852351069450378,0.061205144971609116,0.21913935244083405,0.5093026757240295,0.1495426893234253,0.8186731338500977
13.361544900006265,-0.2991911768913269,0.7852787375450134,0.061185870319604874,0.2187938392162323,0.5092220306396484,0.1501976102590561,0.8186958432197571
13.365159699998912,-0.29920265078544617,0.7853371500968933,0.061174940317869186,0.21861247718334198,0.5090430974960327,0.15087370574474335,0.8187313079833984
13.369459400011692,-0.2992073595523834,0.785386860370636,0.06115083396434784,0.21810995042324066,0.5089537501335144,0.15140028297901154,0.8188236355781555
13.373871500007226,-0.2992175817489624,0.7854392528533936,0.06113245338201523,0.21774299442768097,0.5088337659835815,0.15181034803390503,0.8189199566841125
13.377758500006166,-0.2992222011089325,0.7854979634284973,0.061112307012081146,0.21733330190181732,0.5086864829063416,0.15242436528205872,0.8190062046051025
13.383515000008629,-0.2992285192012787,0.7855628132820129,0.06108573079109192,0.21695475280284882,0.5085414052009583,0.15288035571575165,0.819111704826355
13.386988900005235,-0.2992303967475891,0.7856172919273376,0.061061277985572815,0.21661262214183807,0.5084227323532104,0.15318560600280762,0.8192188143730164
13.391961100001936,-0.2992458939552307,0.7856709957122803,0.06103401631116867,0.2165568768978119,0.5082391500473022,0.1531316041946411,0.8193575739860535
13.395351200000732,-0.2992274761199951,0.7857418656349182,0.06103311479091644,0.2156190723180771,0.5081974864006042,0.15373624861240387,0.8195174932479858
13.399580900004366,-0.29922378063201904,0.7858062386512756,0.06101750582456589,0.2153034657239914,0.5080022215843201,0.15404991805553436,0.8196625709533691
13.403155600011814,-0.2992154359817505,0.7858749032020569,0.061006855219602585,0.21509261429309845,0.508154034614563,0.15359613299369812,0.819709062576294
13.407020400001784,-0.29921674728393555,0.7859313488006592,0.06099177524447441,0.2149844616651535,0.5077440142631531,0.15383344888687134,0.8199469447135925
13.415248300007079,-0.299183189868927,0.78604656457901,0.060973089188337326,0.21459659934043884,0.5079958438873291,0.1539282500743866,0.8198748230934143
13.419400300001143,-0.2992003858089447,0.7861086130142212,0.06095314398407936,0.21459881961345673,0.5077291131019592,0.15425682067871094,0.8199776411056519
13.42357240000274,-0.299187034368515,0.7861647605895996,0.060950521379709244,0.2141827791929245,0.5079711675643921,0.15454445779323578,0.819882333278656
13.427710300005856,-0.2992229759693146,0.7862333059310913,0.06094230338931084,0.21391063928604126,0.5079317688941956,0.1543823629617691,0.8200083374977112
13.432135900002322,-0.2992391586303711,0.7863036394119263,0.06092486158013344,0.21350203454494476,0.5078468322753906,0.15503697097301483,0.8200439214706421
13.436569500001497,-0.29927900433540344,0.7863572239875793,0.06090211495757103,0.21367312967777252,0.5080180168151855,0.15458689630031586,0.8199782371520996
13.440317200002028,-0.29929009079933167,0.7864589691162109,0.06089111417531967,0.21251897513866425,0.5081130266189575,0.1552925556898117,0.8200860023498535
13.4450596000097,-0.2993258535861969,0.7865103483200073,0.06085612624883652,0.21260958909988403,0.5081475973129272,0.1549403965473175,0.8201076984405518
13.449105600011535,-0.29934048652648926,0.7866104245185852,0.060835957527160645,0.2117355465888977,0.5082744359970093,0.155276358127594,0.8201916813850403
13.454941200005123,-0.2993558347225189,0.7867400646209717,0.060848284512758255,0.210391566157341,0.5080458521842957,0.15657706558704376,0.8204319477081299
13.462631300004432,-0.2993775010108948,0.7869436740875244,0.06080389395356178,0.20859964191913605,0.5085132122039795,0.15600897371768951,0.8207080364227295
13.467268500011414,-0.2994058430194855,0.7870383262634277,0.06079067662358284,0.20858559012413025,0.5084584355354309,0.15627959370613098,0.820694088935852
13.473152400008985,-0.2994425594806671,0.7872266173362732,0.06076965108513832,0.20747444033622742,0.5085222125053406,0.156434565782547,0.8209067583084106
13.48178519999783,-0.2994861304759979,0.7874324321746826,0.060729190707206726,0.20610015094280243,0.5085974931716919,0.15750980377197266,0.8210005760192871
13.486173600002076,-0.29949653148651123,0.7875150442123413,0.06071896851062775,0.20581020414829254,0.5085170865058899,0.15766356885433197,0.8210936188697815
13.490168000003905,-0.2994999289512634,0.787593424320221,0.06070121377706528,0.20560592412948608,0.5083651542663574,0.1580694317817688,0.8211608529090881
13.494228200012003,-0.29950788617134094,0.7876901030540466,0.06067539379000664,0.20526841282844543,0.5081689953804016,0.15835000574588776,0.8213127255439758
13.498298300008173,-0.29951098561286926,0.7877628803253174,0.06066463887691498,0.20515967905521393,0.5080600380897522,0.1586197465658188,0.8213551640510559
13.50249710000935,-0.2995128929615021,0.7878366112709045,0.060667525976896286,0.20506863296031952,0.5080425143241882,0.15886445343494415,0.8213415145874023
13.506948700000066,-0.29951685667037964,0.7879185676574707,0.06067483127117157,0.2048037350177765,0.507923424243927,0.15921485424041748,0.8214133381843567
13.511278600009973,-0.2995019555091858,0.7880159020423889,0.060683343559503555,0.20415031909942627,0.5077992677688599,0.16014814376831055,0.8214713335037231
13.515428200000315,-0.29950764775276184,0.7880967855453491,0.060684844851493835,0.2040628343820572,0.5076284408569336,0.16061192750930786,0.8215081095695496
13.519402600009926,-0.299525648355484,0.7881547808647156,0.06067771092057228,0.20441678166389465,0.5075339078903198,0.16049957275390625,0.8215004205703735
13.52360490000865,-0.2995266020298004,0.7882459163665771,0.06067898869514465,0.2042950540781021,0.507515549659729,0.16069424152374268,0.8215040564537048
13.527742999998736,-0.29951244592666626,0.7883565425872803,0.060699936002492905,0.2033589780330658,0.5074151754379272,0.1618090122938156,0.8215795159339905
13.531798900003196,-0.29953473806381226,0.7884451150894165,0.06066392734646797,0.20368798077106476,0.5071806311607361,0.16190877556800842,0.8216231465339661
13.536115700000664,-0.2995342016220093,0.7885593175888062,0.060662344098091125,0.20305714011192322,0.5073570013046265,0.16231408715248108,0.8215904235839844
13.540288800009876,-0.2995363473892212,0.7886823415756226,0.060665491968393326,0.2018720656633377,0.5073221325874329,0.16339111328125,0.8216904997825623
13.544364300003508,-0.29955458641052246,0.7887724041938782,0.060652364045381546,0.20116828382015228,0.5072454214096069,0.16395360231399536,0.8217983841896057
13.5495937000087,-0.29957202076911926,0.7889139652252197,0.06063235178589821,0.20005609095096588,0.5073094964027405,0.1641480028629303,0.8219915628433228
13.552959400010877,-0.29959842562675476,0.7890058755874634,0.06062372028827667,0.19942079484462738,0.507345974445343,0.1644948124885559,0.8220540881156921
13.55704610000248,-0.2996305823326111,0.7891056537628174,0.06059907376766205,0.19831959903240204,0.5077612400054932,0.16409936547279358,0.8221430778503418
13.56530620000558,-0.2996765971183777,0.7892975807189941,0.06060115620493889,0.19701462984085083,0.5080037117004395,0.16464169323444366,0.8221986293792725
13.570015600009356,-0.2997126579284668,0.7893890142440796,0.060595136135816574,0.1965084671974182,0.5077792406082153,0.1653899997472763,0.8223082423210144
13.573697700005141,-0.2997402846813202,0.7894923686981201,0.060617584735155106,0.19574464857578278,0.5076397061347961,0.16595514118671417,0.8224626779556274
13.577768000002834,-0.29975640773773193,0.7895752191543579,0.0606352835893631,0.1952625960111618,0.5076344013214111,0.1661631464958191,0.8225384950637817
13.581778799998574,-0.299765020608902,0.7896665334701538,0.06065540388226509,0.1949574202299118,0.5077401995658875,0.16626860201358795,0.8225243091583252
13.58602040000551,-0.2997729480266571,0.7897301316261292,0.06067825108766556,0.19471576809883118,0.5077059864997864,0.1665339320898056,0.8225489854812622
13.590357000008225,-0.29977110028266907,0.7898293137550354,0.06074211373925209,0.19492469727993011,0.5080101490020752,0.16653718054294586,0.8223109841346741
13.594370899998466,-0.29977598786354065,0.789898693561554,0.060772184282541275,0.19483937323093414,0.5078665614128113,0.16695167124271393,0.8223358988761902
13.599198800002341,-0.29977673292160034,0.7899476885795593,0.06080254539847374,0.19466325640678406,0.507698118686676,0.16745375096797943,0.822379469871521
13.603125499997986,-0.2997708320617676,0.7899975776672363,0.060842424631118774,0.19447769224643707,0.507627010345459,0.16760118305683136,0.8224372863769531
13.606919099998777,-0.29975903034210205,0.7900701761245728,0.06088413670659065,0.19455024600028992,0.5078319907188416,0.1672183871269226,0.8223714828491211
13.611080900009256,-0.29975810647010803,0.7901155352592468,0.06089024245738983,0.1943221539258957,0.5076202154159546,0.1678342968225479,0.8224306702613831
13.615408300000126,-0.29974377155303955,0.7901857495307922,0.06088922545313835,0.19412265717983246,0.5076823830604553,0.16828759014606476,0.8223468661308289
13.619744600000558,-0.2997257709503174,0.7902507781982422,0.06091265007853508,0.1939263790845871,0.5077518224716187,0.16812285780906677,0.8223839402198792
13.623932500006049,-0.29970625042915344,0.7903096675872803,0.06091386452317238,0.1936538815498352,0.5077561736106873,0.1683330088853836,0.8224024772644043
13.627774200009299,-0.29968389868736267,0.7903811931610107,0.06092337891459465,0.19303563237190247,0.5076562762260437,0.1683676391839981,0.822602391242981
13.632037600007607,-0.2996651232242584,0.7904356122016907,0.06091577932238579,0.19266963005065918,0.5077512860298157,0.1682981252670288,0.8226437568664551
13.636123000003863,-0.29964566230773926,0.7904977798461914,0.06092262268066406,0.1924048364162445,0.5078786611557007,0.16788680851459503,0.822711169719696
13.640175699998508,-0.2996198832988739,0.790552020072937,0.06090864539146423,0.19209760427474976,0.5079870820045471,0.16800981760025024,0.8226909041404724
13.644173699998646,-0.2995953857898712,0.7906008958816528,0.060912031680345535,0.19196942448616028,0.5081460475921631,0.16774044930934906,0.8226776719093323
13.648477800001274,-0.29956239461898804,0.7906522750854492,0.06093329191207886,0.19180651009082794,0.5079822540283203,0.16803672909736633,0.8227563500404358
13.653114100001403,-0.2995310127735138,0.7907028794288635,0.06094028428196907,0.19111685454845428,0.5079441070556641,0.16862155497074127,0.8228207230567932
13.657038999997894,-0.2994978725910187,0.790745735168457,0.060953740030527115,0.19074733555316925,0.5077642798423767,0.16875725984573364,0.8229895830154419
13.661374500006787,-0.29948654770851135,0.7907823324203491,0.06094883754849434,0.19040697813034058,0.5076795220375061,0.16886292397975922,0.8230990171432495
13.665296999999555,-0.2994781732559204,0.7908180952072144,0.06094953045248985,0.18995851278305054,0.5075761079788208,0.16939151287078857,0.8231578469276428
13.669699500009301,-0.2994832694530487,0.7908626198768616,0.06095049902796745,0.18957749009132385,0.5075677037239075,0.16961140930652618,0.8232055902481079
13.675121899999795,-0.2995065748691559,0.790916919708252,0.060941100120544434,0.18858514726161957,0.5077478885650635,0.17023684084415436,0.8231933116912842
13.678656000003684,-0.2995234429836273,0.7909620404243469,0.06094348803162575,0.1880078762769699,0.5077007412910461,0.17073878645896912,0.823250412940979
13.68249900000228,-0.29954707622528076,0.7910085320472717,0.060931991785764694,0.18742014467716217,0.5077104568481445,0.17127235233783722,0.8232676386833191
13.686143700004322,-0.29957151412963867,0.7910678386688232,0.060930285602808,0.18681830167770386,0.5077123045921326,0.17193876206874847,0.8232643604278564
13.69074200000614,-0.2996058166027069,0.7911174893379211,0.060915905982255936,0.18602731823921204,0.5077111124992371,0.17245398461818695,0.8233364820480347
13.69509160000598,-0.2996319532394409,0.7911795377731323,0.060911428183317184,0.1853666752576828,0.5077236294746399,0.17317582666873932,0.8233261704444885
13.698807400010992,-0.29965654015541077,0.7912492752075195,0.06092124432325363,0.18470704555511475,0.5077160000801086,0.17393627762794495,0.8233188390731812
13.702927600010298,-0.2996826767921448,0.7913045883178711,0.060914088040590286,0.1841803789138794,0.5075681805610657,0.1746554672718048,0.8233757615089417
13.707583600000362,-0.29969239234924316,0.7913735508918762,0.060915932059288025,0.1836284101009369,0.5076555609703064,0.17502431571483612,0.8233668208122253
13.711418600010802,-0.29970094561576843,0.7914610505104065,0.06089867278933525,0.18291370570659637,0.5072580575942993,0.17597731947898865,0.8235677480697632
13.715234800009057,-0.2997089624404907,0.7915241718292236,0.06087764352560043,0.1828075349330902,0.5072534680366516,0.17635294795036316,0.8235138058662415
13.719462300010491,-0.29969993233680725,0.7915908694267273,0.06086277589201927,0.18247270584106445,0.5073336958885193,0.17659637331962585,0.8234864473342896
13.724354400008451,-0.2996912896633148,0.7916579246520996,0.060855165123939514,0.1820976883172989,0.5073763132095337,0.17677424848079681,0.8235050439834595
13.727716200010036,-0.29967379570007324,0.791710615158081,0.060856882482767105,0.18200111389160156,0.5075777769088745,0.17676061391830444,0.8234051465988159
13.731991300010122,-0.2996527850627899,0.7917649149894714,0.06083976477384567,0.18190497159957886,0.5075454711914062,0.17701803147792816,0.8233910202980042
13.736048200007644,-0.2996317148208618,0.7918232679367065,0.060828302055597305,0.18186822533607483,0.5074808597564697,0.1773373931646347,0.8233702182769775
13.74033220000274,-0.299609899520874,0.7918655872344971,0.060803405940532684,0.18180355429649353,0.5074873566627502,0.17745260894298553,0.8233556747436523
13.744465600000694,-0.29957315325737,0.7919079661369324,0.060785286128520966,0.18169115483760834,0.5076574087142944,0.17761774361133575,0.8232400417327881
13.748563300003298,-0.2995433509349823,0.7919606566429138,0.060743749141693115,0.18150144815444946,0.5075696706771851,0.17806380987167358,0.8232396841049194
13.752943700004835,-0.29951533675193787,0.792000412940979,0.06072503328323364,0.18143564462661743,0.5075411796569824,0.17833583056926727,0.8232128620147705
13.75694300000032,-0.2994770109653473,0.7920467257499695,0.060691654682159424,0.18145957589149475,0.5077250003814697,0.1786748170852661,0.8230206966400146
13.761285200002021,-0.2994442582130432,0.7920896410942078,0.06067441403865814,0.18155811727046967,0.5075083374977112,0.17914307117462158,0.8230307698249817
13.766916400010814,-0.299418181180954,0.7921364903450012,0.06065507233142853,0.18155452609062195,0.5074913501739502,0.17945607006549835,0.8229738473892212
13.770503000007011,-0.2993966042995453,0.792174220085144,0.06064234673976898,0.1813996434211731,0.5073400139808655,0.18006263673305511,0.8229688405990601
13.774675900000148,-0.2993699312210083,0.792243480682373,0.0606246218085289,0.18082791566848755,0.5074486136436462,0.18028099834918976,0.8229799270629883
13.778479000000516,-0.2993653118610382,0.7922818660736084,0.060602907091379166,0.18059641122817993,0.5074096322059631,0.18069171905517578,0.8229646682739258
13.782626700005494,-0.29936614632606506,0.7923441529273987,0.0605570413172245,0.18006351590156555,0.5075845718383789,0.1810140460729599,0.8229027390480042
13.786681099998532,-0.2993732690811157,0.7923816442489624,0.060531552881002426,0.17964325845241547,0.5075022578239441,0.18162406980991364,0.8229109644889832
13.795311000008951,-0.2993987798690796,0.7924654483795166,0.060478903353214264,0.17872481048107147,0.5072998404502869,0.18260668218135834,0.8230182528495789
13.799172500002896,-0.2994033396244049,0.792495846748352,0.0604589581489563,0.17831286787986755,0.5072900056838989,0.1829211562871933,0.8230438828468323
13.802888899997924,-0.2994173765182495,0.7925169467926025,0.06040898710489273,0.17780783772468567,0.5070168375968933,0.18408316373825073,0.8230623602867126
13.807551100006094,-0.2994164228439331,0.792576253414154,0.0604000985622406,0.1770809143781662,0.506881833076477,0.18499207496643066,0.8230984807014465
13.811076199999661,-0.29941439628601074,0.792610764503479,0.060376279056072235,0.1767442226409912,0.5069411993026733,0.18523173034191132,0.8230803608894348
13.815236300011748,-0.29940563440322876,0.7926438450813293,0.06035000458359718,0.17645089328289032,0.5069531202316284,0.18530215322971344,0.8231201171875
13.819393600002513,-0.2993887662887573,0.7926917672157288,0.060334306210279465,0.1762659102678299,0.5071617364883423,0.18503524363040924,0.8230912685394287
13.823549699998694,-0.2993773818016052,0.7927230000495911,0.0603175014257431,0.17605718970298767,0.5071582794189453,0.18525086343288422,0.823089599609375
13.827545000007376,-0.2993645966053009,0.7927608489990234,0.060295019298791885,0.17599202692508698,0.5071296691894531,0.18540407717227936,0.823086678981781
13.831921900011366,-0.2993527352809906,0.792797327041626,0.06028125807642937,0.17580068111419678,0.5071585178375244,0.18554534018039703,0.8230779767036438
13.836128100010683,-0.29933446645736694,0.7928338050842285,0.06026057153940201,0.17561566829681396,0.5070861577987671,0.18595977127552032,0.8230684995651245
13.840360900008818,-0.2993199825286865,0.7928662300109863,0.06024862825870514,0.1755206137895584,0.5071520209312439,0.18568605184555054,0.8231099843978882
13.84577800000261,-0.2993007302284241,0.7929012179374695,0.060237254947423935,0.17542526125907898,0.5070725083351135,0.18578186631202698,0.8231576681137085
13.84942630000296,-0.29928135871887207,0.7929344177246094,0.06023135036230087,0.17536211013793945,0.5069910287857056,0.18604707717895508,0.8231613636016846
13.85285660000227,-0.29925772547721863,0.7929561138153076,0.06022356450557709,0.17544026672840118,0.5068075656890869,0.1862950176000595,0.8232017159461975
13.857127000010223,-0.2992320954799652,0.7929706573486328,0.06021614372730255,0.1754343956708908,0.5068354606628418,0.1863570362329483,0.8231717348098755
13.861791500006802,-0.2991933822631836,0.7930059432983398,0.06023215875029564,0.17558473348617554,0.5071544051170349,0.18543753027915955,0.8231508731842041
13.865661800009548,-0.29916873574256897,0.793017566204071,0.06021881848573685,0.17557106912136078,0.5070711374282837,0.18544737994670868,0.8232028484344482
13.869538800005103,-0.29913774132728577,0.7930318117141724,0.060203567147254944,0.17547021806240082,0.5070339441299438,0.1854148507118225,0.8232545852661133
13.87358340001083,-0.29911354184150696,0.793043851852417,0.06019257754087448,0.17536821961402893,0.5069590210914612,0.1855536699295044,0.8232911825180054
13.878352200001245,-0.2990911304950714,0.7930583357810974,0.0601787194609642,0.17517529428005219,0.5067752003669739,0.18571458756923676,0.8234091401100159
13.881984600011492,-0.29906871914863586,0.7930599451065063,0.060166746377944946,0.17543284595012665,0.5068345665931702,0.18550024926662445,0.8233660459518433
13.88612940000894,-0.2990509867668152,0.7930755615234375,0.06015554443001747,0.17525023221969604,0.506664514541626,0.18588171899318695,0.8234235644340515
13.890331300004618,-0.29902976751327515,0.79308021068573,0.06014328822493553,0.17530834674835205,0.5067384839057922,0.18558868765830994,0.8234318494796753
13.894386400002986,-0.29901349544525146,0.7930999398231506,0.060146693140268326,0.17507773637771606,0.5068233013153076,0.18554359674453735,0.8234388828277588
13.89856270000746,-0.29899850487709045,0.7931064367294312,0.06014199182391167,0.17509065568447113,0.5068255662918091,0.18550249934196472,0.8234439492225647
13.90268769999966,-0.2989831864833832,0.7931064963340759,0.06013675406575203,0.17516842484474182,0.5067951083183289,0.18549580872058868,0.8234476447105408
13.907198300003074,-0.2989681661128998,0.7931084632873535,0.060139250010252,0.17519119381904602,0.5068021416664124,0.18551449477672577,0.8234342336654663
13.911433100001886,-0.29895201325416565,0.7931118011474609,0.06014273315668106,0.1752839833498001,0.5067974925041199,0.185440331697464,0.8234341144561768
13.915402500002529,-0.29893603920936584,0.7931056022644043,0.06014380604028702,0.17545825242996216,0.5067105293273926,0.18542997539043427,0.8234528303146362
13.919155000010505,-0.29893603920936584,0.7931056022644043,0.06014380604028702,0.17545825242996216,0.5067105293273926,0.18542997539043427,0.8234528303146362
13.923456500007887,-0.2988923490047455,0.7930843830108643,0.060142986476421356,0.1759442389011383,0.5066033601760864,0.18496228754520416,0.8235202431678772
13.927822199999355,-0.2988757789134979,0.7930760979652405,0.06013824790716171,0.17595893144607544,0.5064036846160889,0.18529799580574036,0.8235644698143005
13.932018100007554,-0.29886579513549805,0.793066680431366,0.060126516968011856,0.17603076994419098,0.5063511729240417,0.18531230092048645,0.8235781788825989
13.93601670001226,-0.29885193705558777,0.7930647134780884,0.06011965870857239,0.17606164515018463,0.5062562823295593,0.18517175316810608,0.8236616253852844
13.940582200011704,-0.2988448739051819,0.793065071105957,0.060115229338407516,0.17609117925167084,0.506218433380127,0.18491944670677185,0.8237351179122925
13.944448399997782,-0.29883524775505066,0.7930710315704346,0.06010213494300842,0.1761343628168106,0.5062313675880432,0.1847546249628067,0.8237549662590027
13.94850199999928,-0.2988276183605194,0.7930764555931091,0.060092318803071976,0.1761394739151001,0.5062718987464905,0.18431927263736725,0.8238264322280884
13.952622000011615,-0.2988221049308777,0.7930870652198792,0.060084231197834015,0.17610767483711243,0.5061352252960205,0.18446499109268188,0.8238846659660339
13.956966600002488,-0.29881811141967773,0.793097734451294,0.06007125973701477,0.1759798526763916,0.506194531917572,0.1842164248228073,0.823931097984314
13.961194100003922,-0.29881343245506287,0.7931134104728699,0.060061950236558914,0.1759255826473236,0.5061465501785278,0.1841384619474411,0.8239896297454834
13.965346900004079,-0.29880741238594055,0.7931307554244995,0.06005151942372322,0.17566952109336853,0.5060365200042725,0.1842421144247055,0.8240886926651001
13.969403000010061,-0.29880964756011963,0.7931420803070068,0.06004716083407402,0.1755608320236206,0.5059832334518433,0.18406891822814941,0.8241832256317139
13.97414679999929,-0.298800528049469,0.7931577563285828,0.06004084274172783,0.17563921213150024,0.5059625506401062,0.1838080883026123,0.8242374062538147
13.978060000008554,-0.2987976372241974,0.7931710481643677,0.06003567948937416,0.175625279545784,0.5058878660202026,0.18382248282432556,0.8242831230163574
13.982028200000059,-0.2987983822822571,0.7931881546974182,0.06003886088728905,0.17560158669948578,0.5058073997497559,0.18385691940784454,0.8243297338485718
13.986241999999038,-0.29880490899086,0.7931870222091675,0.06003390625119209,0.1755465865135193,0.5057618618011475,0.18368645012378693,0.8244074583053589
13.990537600009702,-0.2988186478614807,0.7931990027427673,0.06003732979297638,0.175564706325531,0.5056589245796204,0.18387416005134583,0.8244248628616333
13.994403600008809,-0.2988201677799225,0.7932049632072449,0.06003529578447342,0.17539644241333008,0.5055930018424988,0.18385688960552216,0.8245049118995667
14.001227600005222,-0.29883289337158203,0.7932077050209045,0.06003638356924057,0.17535020411014557,0.5055451393127441,0.18395957350730896,0.8245212435722351
14.006261900009122,-0.2988654375076294,0.7932326197624207,0.06002172455191612,0.17514967918395996,0.5053036212921143,0.18425050377845764,0.8246469497680664
14.010455100011313,-0.29887938499450684,0.7932519316673279,0.0600198432803154,0.17500032484531403,0.5054150819778442,0.18401260673999786,0.8246634602546692
14.01478959999804,-0.29889553785324097,0.7932717800140381,0.060017187148332596,0.17483752965927124,0.5052807927131653,0.18435288965702057,0.8247042298316956
14.019032700001844,-0.29891854524612427,0.7933005690574646,0.060016900300979614,0.17462274432182312,0.5053346753120422,0.18416376411914825,0.8247590065002441
14.023046700007399,-0.29891854524612427,0.7933005690574646,0.060016900300979614,0.17462274432182312,0.5053346753120422,0.18416376411914825,0.8247590065002441
14.028197200008435,-0.2989808917045593,0.793358564376831,0.06000874564051628,0.1738964468240738,0.5048819184303284,0.1855556070804596,0.8248777985572815
14.032082100005937,-0.2990192174911499,0.793411910533905,0.060009170323610306,0.17347265779972076,0.5051203966140747,0.18613655865192413,0.8246901631355286
14.03763560000516,-0.2990521490573883,0.7934499382972717,0.06002157926559448,0.17317970097064972,0.505205512046814,0.1860179752111435,0.8247262835502625
14.04115270001057,-0.2990884482860565,0.7934877276420593,0.0600336417555809,0.17289027571678162,0.5051908493041992,0.18627102673053741,0.8247389793395996
14.044642699998803,-0.2991185486316681,0.7935337424278259,0.06005331873893738,0.1725894957780838,0.5051203370094299,0.1865185797214508,0.8247891664505005
14.054113300007884,-0.2991875410079956,0.7936228513717651,0.060113053768873215,0.1721775382757187,0.5049115419387817,0.18717847764492035,0.8248536586761475
14.057687500011525,-0.2992231249809265,0.7936572432518005,0.06013947352766991,0.1719752699136734,0.5048096776008606,0.18755918741226196,0.8248716592788696
14.061520600007498,-0.29925936460494995,0.7937024235725403,0.06016671285033226,0.1719028651714325,0.5047094821929932,0.1878753900527954,0.824876070022583
14.065293000006932,-0.29929807782173157,0.793746292591095,0.06019919365644455,0.1717703491449356,0.5045281052589417,0.1882532685995102,0.8249285221099854
14.06948660001217,-0.2993302643299103,0.7937990427017212,0.060231033712625504,0.17169862985610962,0.5044807195663452,0.18837010860443115,0.8249458074569702
14.073596400005044,-0.2993597686290741,0.7938427329063416,0.060257431119680405,0.17159728705883026,0.5042235255241394,0.18880176544189453,0.8250253796577454
14.078483100005542,-0.29939356446266174,0.793891429901123,0.06029297411441803,0.17161419987678528,0.5041421055793762,0.18893928825855255,0.8250401616096497
14.08207050000783,-0.2994237542152405,0.7939386963844299,0.06031963974237442,0.17179857194423676,0.5039569139480591,0.18909861147403717,0.8250784277915955
14.086068100004923,-0.29944828152656555,0.7939947843551636,0.060355544090270996,0.1717267632484436,0.5038018822669983,0.1895928531885147,0.8250746130943298
14.090265000006184,-0.29947420954704285,0.794048547744751,0.0603804774582386,0.17167815566062927,0.5036666989326477,0.1896420121192932,0.8251559734344482
14.094458000006853,-0.29950398206710815,0.7941303849220276,0.06042800098657608,0.17162737250328064,0.5035051703453064,0.18987442553043365,0.8252116441726685
14.098698300003889,-0.2995205223560333,0.7941964268684387,0.060461051762104034,0.17157001793384552,0.5034592151641846,0.1896977573633194,0.8252923488616943
14.102657800001907,-0.29952433705329895,0.7942709922790527,0.06049361079931259,0.17105120420455933,0.5032832026481628,0.19018103182315826,0.8253960609436035
14.107256100003724,-0.29953789710998535,0.7943533658981323,0.06050543487071991,0.17100365459918976,0.5032920241355896,0.18937668204307556,0.8255854845046997
14.11154230000102,-0.29955026507377625,0.7944251894950867,0.060538869351148605,0.17058123648166656,0.5030308961868286,0.18932713568210602,0.825843334197998
14.115163300011773,-0.2995477020740509,0.7944953441619873,0.06055111065506935,0.17042843997478485,0.5032059550285339,0.18885287642478943,0.825876772403717
14.119264699998894,-0.29955998063087463,0.7945610284805298,0.060561295598745346,0.17023278772830963,0.5029887557029724,0.18863166868686676,0.8260999321937561
14.123809400000027,-0.2995637357234955,0.7946245074272156,0.06057920306921005,0.16987986862659454,0.5030074715614319,0.1884699910879135,0.826198160648346
14.127837100008037,-0.29958054423332214,0.7946732640266418,0.06059125438332558,0.1696063131093979,0.5027917623519897,0.1885194331407547,0.826374351978302
14.13185180000437,-0.2995918393135071,0.7947365045547485,0.06060754135251045,0.16950944066047668,0.5026794075965881,0.18854627013206482,0.8264564275741577
14.13614580000285,-0.2995927631855011,0.794780433177948,0.060631804168224335,0.16934330761432648,0.5025902986526489,0.18844886124134064,0.8265669345855713
14.14036470001156,-0.299605131149292,0.7948485612869263,0.06065991148352623,0.16863621771335602,0.5024997591972351,0.18863213062286377,0.8267247080802917
14.143725400004769,-0.299605131149292,0.7948485612869263,0.06065991148352623,0.16863621771335602,0.5024997591972351,0.18863213062286377,0.8267247080802917
14.147085600008722,-0.29960498213768005,0.794887900352478,0.06069573014974594,0.16874372959136963,0.5023654699325562,0.18868327140808105,0.8267727494239807
14.15047069999855,-0.29960498213768005,0.794887900352478,0.06069573014974594,0.16874372959136963,0.5023654699325562,0.18868327140808105,0.8267727494239807
14.155687600010424,-0.2995949387550354,0.7949705123901367,0.06077592447400093,0.16889618337154388,0.5022952556610107,0.1885904222726822,0.8268054127693176
14.160738500009757,-0.2995772957801819,0.7950480580329895,0.0608581006526947,0.16914646327495575,0.5022704601287842,0.18844926357269287,0.8268014788627625
14.165656700002728,-0.29957151412963867,0.7950957417488098,0.06090059503912926,0.16934238374233246,0.5022928714752197,0.18824660778045654,0.8267939686775208
14.169925499998499,-0.29956385493278503,0.7951504588127136,0.06095056235790253,0.16954298317432404,0.5025222897529602,0.1876928210258484,0.8267393112182617
14.174120399999083,-0.2995421588420868,0.7952166795730591,0.06101590767502785,0.16944026947021484,0.5027365684509277,0.18701960146427155,0.8267826437950134
14.178839000000153,-0.2995282709598541,0.7952592372894287,0.061041489243507385,0.16950827836990356,0.5026862621307373,0.18707962334156036,0.8267857432365417
14.183842900005402,-0.29951703548431396,0.7953170537948608,0.06108343228697777,0.16967979073524475,0.5025692582130432,0.18732653558254242,0.8267658948898315
14.188108300004387,-0.299494206905365,0.7953795194625854,0.0611068457365036,0.1696966588497162,0.5027474164962769,0.18716105818748474,0.8266915082931519
14.192026300006546,-0.29948848485946655,0.7954338788986206,0.061130255460739136,0.1695600301027298,0.5027864575386047,0.18689802289009094,0.8267552852630615
14.196266200000537,-0.29948487877845764,0.7955049872398376,0.06115589290857315,0.16927561163902283,0.5027441382408142,0.18683591485023499,0.826853334903717
14.200430099997902,-0.2995024025440216,0.7955738306045532,0.06116785481572151,0.16886557638645172,0.5025899410247803,0.18704105913639069,0.8269845843315125
14.204578600008972,-0.2995213270187378,0.7956393361091614,0.06117460876703262,0.16850650310516357,0.5026621222496033,0.18696819245815277,0.8270303606987
14.2087545000104,-0.2995409667491913,0.7957062721252441,0.06119506433606148,0.16810719668865204,0.5025051236152649,0.18736617267131805,0.8271169662475586
14.212735900000553,-0.2995509207248688,0.7957869172096252,0.061215225607156754,0.1680564284324646,0.5028348565101624,0.18637464940547943,0.8271508812904358
14.21927929999947,-0.299591600894928,0.7959280014038086,0.061255067586898804,0.16772852838039398,0.5025628805160522,0.18671642243862152,0.8273056745529175
14.223456400010036,-0.2996158003807068,0.7960036993026733,0.06126343831419945,0.16737939417362213,0.5024941563606262,0.18683700263500214,0.8273909091949463
14.227552000011201,-0.29964306950569153,0.7960882186889648,0.061271097511053085,0.16703788936138153,0.5023019313812256,0.187089204788208,0.8275196552276611
14.232061300004716,-0.2996889650821686,0.7961474061012268,0.06129718944430351,0.1668931096792221,0.5018256902694702,0.18738384544849396,0.8277710676193237
14.23619910000707,-0.2997162342071533,0.7962120175361633,0.061323560774326324,0.16678981482982635,0.5016660690307617,0.18755359947681427,0.8278502225875854
14.240258600009838,-0.2997390627861023,0.7962819933891296,0.061365459114313126,0.16652892529964447,0.5015488862991333,0.18772998452186584,0.8279337286949158
14.244617700009258,-0.29977846145629883,0.7963530421257019,0.061382923275232315,0.1662731021642685,0.5014375448226929,0.1878836750984192,0.8280177712440491
14.248511199999484,-0.2998039126396179,0.7964069843292236,0.061422351747751236,0.1662554293870926,0.50135737657547,0.18776337802410126,0.8280971050262451
14.252734499998041,-0.2998250722885132,0.7964640259742737,0.061470068991184235,0.1663258820772171,0.5014799237251282,0.18737776577472687,0.8280961513519287
14.256929200011655,-0.2998564839363098,0.7965066432952881,0.06150312349200249,0.16635163128376007,0.5012984871864319,0.187674880027771,0.8281334638595581
14.261220900007174,-0.2998918890953064,0.7965508103370667,0.06155392900109291,0.1664505898952484,0.5012679696083069,0.1875796914100647,0.828153669834137
14.266134700010298,-0.29990682005882263,0.7965930104255676,0.061608001589775085,0.16656474769115448,0.5010783076286316,0.18781667947769165,0.8281917572021484
14.270354200009024,-0.2999306619167328,0.7966316342353821,0.061656590551137924,0.16675783693790436,0.5010122656822205,0.18806107342243195,0.8281373977661133
14.273746600010782,-0.29994937777519226,0.7966675162315369,0.06172845885157585,0.16712592542171478,0.5008891820907593,0.18841145932674408,0.8280580639839172
14.277900100001716,-0.29997220635414124,0.7966957688331604,0.06179690733551979,0.16729314625263214,0.5007197856903076,0.18841221928596497,0.8281265497207642
14.282068500004243,-0.299991637468338,0.7967378497123718,0.06185387447476387,0.16744080185890198,0.5006508231163025,0.18837690353393555,0.8281463980674744
14.286067400011234,-0.30001434683799744,0.7967672348022461,0.061914533376693726,0.16753655672073364,0.5003613233566284,0.18842753767967224,0.8282904624938965
14.290068100002827,-0.3000309467315674,0.7968029379844666,0.061959706246852875,0.16764622926712036,0.5003048777580261,0.18846361339092255,0.8282941579818726
14.294336799997836,-0.3000412583351135,0.7968384623527527,0.06200840324163437,0.16777867078781128,0.5001582503318787,0.1883869469165802,0.828373372554779
14.298492500005523,-0.30005529522895813,0.7968749403953552,0.062050994485616684,0.16772378981113434,0.500082790851593,0.18838921189308167,0.8284295201301575
14.302539800002705,-0.3000776171684265,0.7969231009483337,0.062087055295705795,0.1675669401884079,0.500067949295044,0.18836048245429993,0.8284767270088196
14.306914400003734,-0.30009663105010986,0.796951174736023,0.06212223693728447,0.16738379001617432,0.4998970925807953,0.18844543397426605,0.8285975456237793
14.311600000000908,-0.30011966824531555,0.7969872355461121,0.06215671822428703,0.1672344207763672,0.4999006986618042,0.1883144974708557,0.8286553025245667
14.315239100003964,-0.3001426160335541,0.7970320582389832,0.062204618006944656,0.1672559678554535,0.5000562071800232,0.18750816583633423,0.8287400007247925
14.319396999999299,-0.3001696765422821,0.7970682978630066,0.062236491590738297,0.16702061891555786,0.5000138282775879,0.18733276426792145,0.828852653503418
14.324355900011142,-0.30020514130592346,0.7971044778823853,0.06227527931332588,0.16672278940677643,0.4998844861984253,0.18748976290225983,0.8289551138877869
14.327812300005462,-0.30024653673171997,0.7971380949020386,0.06230604276061058,0.16649530827999115,0.4997871518135071,0.18762928247451782,0.8290279507637024
14.33171399999992,-0.3002869188785553,0.7971692681312561,0.062352679669857025,0.16624116897583008,0.49971649050712585,0.18753507733345032,0.8291428089141846
14.33583660000295,-0.30033496022224426,0.7972087860107422,0.06239765137434006,0.1660756766796112,0.4994798004627228,0.18777891993522644,0.8292635083198547
14.340333300002385,-0.3003876805305481,0.7972429394721985,0.062439266592264175,0.16565141081809998,0.4993423521518707,0.187971830368042,0.829387366771698
14.34437930000422,-0.3004455864429474,0.7972850799560547,0.06248239055275917,0.16509541869163513,0.49915316700935364,0.18831200897693634,0.8295349478721619
14.349249000006239,-0.3005036413669586,0.7973196506500244,0.06254088878631592,0.16506221890449524,0.49900028109550476,0.18860888481140137,0.8295661211013794
14.353177500001038,-0.3005557656288147,0.7973517775535583,0.06259489804506302,0.16495907306671143,0.4989347755908966,0.18873819708824158,0.8295966386795044
14.357048800011398,-0.30062130093574524,0.7973771095275879,0.06264203041791916,0.16488762199878693,0.49851053953170776,0.18959954380989075,0.8296694159507751
14.361118700006045,-0.3006725311279297,0.7974044680595398,0.06269577890634537,0.1649082452058792,0.4983941614627838,0.18960963189601898,0.8297328948974609
14.3651217000006,-0.3007217049598694,0.7974365949630737,0.06277121603488922,0.16505387425422668,0.4983643889427185,0.18981267511844635,0.8296754360198975
14.36990109999897,-0.30077946186065674,0.7974722981452942,0.06283164024353027,0.16509631276130676,0.49829089641571045,0.1897856891155243,0.8297173380851746
14.37368420000712,-0.30083805322647095,0.7974963784217834,0.06287706643342972,0.16514550149440765,0.4980519711971283,0.19006632268428802,0.8297866582870483
14.377797100009047,-0.3008875846862793,0.7975283265113831,0.06293772906064987,0.16517850756645203,0.49805915355682373,0.18983899056911469,0.8298278450965881
14.38196820000303,-0.300934374332428,0.7975711226463318,0.0630086213350296,0.16493360698223114,0.49783071875572205,0.189864844083786,0.830007791519165
14.386409200000344,-0.30098676681518555,0.7976070046424866,0.06306573748588562,0.16496995091438293,0.49770885705947876,0.18986408412456512,0.8300738334655762
14.390479100009543,-0.30103743076324463,0.7976524829864502,0.06312049925327301,0.1649692803621292,0.497665137052536,0.18951815366744995,0.8301790952682495
14.395198900005198,-0.3011127710342407,0.7976955771446228,0.06319576501846313,0.1650756150484085,0.497540682554245,0.19020579755306244,0.8300752639770508
14.403079600000638,-0.30126118659973145,0.7977725863456726,0.06328559666872025,0.16462825238704681,0.4972454309463501,0.18964669108390808,0.8304688930511475
14.40693850000389,-0.30135053396224976,0.7978123426437378,0.06334365159273148,0.16463805735111237,0.4969184994697571,0.1898074448108673,0.8306259512901306
14.411149799998384,-0.30144160985946655,0.7978583574295044,0.06339319795370102,0.1643655151128769,0.4967086613178253,0.18973615765571594,0.830821692943573
14.415110400004778,-0.3015366494655609,0.797959566116333,0.06348328292369843,0.1634320318698883,0.4963635802268982,0.18991713225841522,0.8311706185340881
14.419583499999135,-0.30162572860717773,0.7980145215988159,0.06354241073131561,0.16334155201911926,0.4961860477924347,0.18981650471687317,0.8313174247741699
14.423939100001007,-0.30172184109687805,0.7980672121047974,0.06360188126564026,0.16310752928256989,0.49593836069107056,0.18999966979026794,0.8314692974090576
14.427694700003485,-0.3018447160720825,0.798128068447113,0.0636642798781395,0.1632034331560135,0.4956287145614624,0.1900719255208969,0.8316185474395752
14.431824200000847,-0.30194780230522156,0.798177182674408,0.06373045593500137,0.16311778128147125,0.49549686908721924,0.19029615819454193,0.831662654876709
14.44052790000569,-0.30216091871261597,0.7982961535453796,0.06386387348175049,0.16276416182518005,0.4950513541698456,0.1906902939081192,0.8319069743156433
14.444443900007172,-0.30227118730545044,0.7983707785606384,0.06394270062446594,0.16224448382854462,0.4946926236152649,0.19139881432056427,0.8320591449737549
14.448809400011669,-0.302400141954422,0.7984377145767212,0.06402003765106201,0.16193071007728577,0.49450793862342834,0.19120141863822937,0.8322754502296448
14.452927100006491,-0.3025251030921936,0.7984983325004578,0.06410889327526093,0.16172169148921967,0.494441956281662,0.1911778450012207,0.8323606252670288
14.456793500008644,-0.30264782905578613,0.7985841035842896,0.06418152153491974,0.16161364316940308,0.4942093789577484,0.19121327996253967,0.8325116634368896
14.461354300001403,-0.3027721643447876,0.7986621260643005,0.06427877396345139,0.16159889101982117,0.4943384528160095,0.19047361612319946,0.8326074481010437
14.465741600011825,-0.30292025208473206,0.798718273639679,0.06435901671648026,0.16191910207271576,0.49403396248817444,0.19053588807582855,0.8327116966247559
14.469461800006684,-0.3030548691749573,0.7987921833992004,0.06444410979747772,0.16152654588222504,0.49386414885520935,0.19052089750766754,0.8328920602798462
14.473581400001422,-0.3032262325286865,0.7988482117652893,0.06451616436243057,0.1615494340658188,0.4933760464191437,0.1905764788389206,0.8331640958786011
14.477754899999127,-0.303375244140625,0.7989063858985901,0.064592145383358,0.16134250164031982,0.49337339401245117,0.19013822078704834,0.8333058953285217
14.481998900009785,-0.3035513162612915,0.7989898324012756,0.06468265503644943,0.1613272726535797,0.4929705560207367,0.190346822142601,0.8334996700286865
14.48716050000803,-0.3037044405937195,0.7990425825119019,0.06474429368972778,0.16127422451972961,0.49287423491477966,0.19020842015743256,0.8335984349250793
14.490880099998321,-0.3038898706436157,0.799134373664856,0.06484317779541016,0.16110239923000336,0.49259090423583984,0.1903986930847168,0.8337557315826416
14.494575800010352,-0.30404144525527954,0.7991976737976074,0.06493938714265823,0.16096962988376617,0.49208733439445496,0.19099020957946777,0.8339433670043945
14.498491999998805,-0.3041873872280121,0.7992607951164246,0.06501878798007965,0.1608491688966751,0.4919716715812683,0.19117289781570435,0.8339929580688477
14.502557400002843,-0.3043435215950012,0.7993435859680176,0.06508256494998932,0.16078631579875946,0.492009699344635,0.19121475517749786,0.8339731097221375
14.506759600000805,-0.30450621247291565,0.7994168400764465,0.06517039984464645,0.16059212386608124,0.49192386865615845,0.19129915535449982,0.8340417742729187
14.511120399998617,-0.3046853840351105,0.7995028495788574,0.06525778025388718,0.16032764315605164,0.49185916781425476,0.1911994367837906,0.8341536521911621
14.51531070000783,-0.30487239360809326,0.7995811104774475,0.06534212082624435,0.16039174795150757,0.49167126417160034,0.19097839295864105,0.8343027830123901
14.519310100004077,-0.3050810992717743,0.7996240854263306,0.06539908051490784,0.16083325445652008,0.4908812344074249,0.19085709750652313,0.8347105979919434
14.523358400008874,-0.30528953671455383,0.7997022867202759,0.06548551470041275,0.1606418341398239,0.49005427956581116,0.19212697446346283,0.8349420428276062
14.527147800006787,-0.30528953671455383,0.7997022867202759,0.06548551470041275,0.1606418341398239,0.49005427956581116,0.19212697446346283,0.8349420428276062
14.530534300007275,-0.3054826855659485,0.799784779548645,0.06559902429580688,0.16044439375400543,0.4899121820926666,0.1915317177772522,0.8352001309394836
14.53401090000989,-0.30567699670791626,0.7998796105384827,0.0657106563448906,0.16009362041950226,0.48955950140953064,0.1917334347963333,0.8354279398918152
14.538187700003618,-0.30592259764671326,0.7999313473701477,0.06580475717782974,0.1595526486635208,0.4889270067214966,0.1916687786579132,0.8359165191650391
14.542127799999435,-0.3061380088329315,0.8000138401985168,0.0659283846616745,0.15977689623832703,0.4885668456554413,0.19220183789730072,0.8359618782997131
14.546166200001608,-0.30635109543800354,0.800078272819519,0.06604845076799393,0.15967963635921478,0.4883250594139099,0.19259025156497955,0.8360323309898376
14.55040020000888,-0.3065805435180664,0.8001418113708496,0.06620543450117111,0.1596938669681549,0.48770871758461,0.19298796355724335,0.8362976312637329
14.55483040001127,-0.3068024218082428,0.8002097010612488,0.06634027510881424,0.1598987579345703,0.4876149892807007,0.19268560409545898,0.8363828659057617
14.559075299999677,-0.30705368518829346,0.8002848029136658,0.06644720584154129,0.16009654104709625,0.4874781668186188,0.19191689789295197,0.8366014957427979
14.563158300006762,-0.30729052424430847,0.8003673553466797,0.06658846139907837,0.16029344499111176,0.4871482253074646,0.19168786704540253,0.836808443069458
14.567036100008409,-0.307535320520401,0.8004171252250671,0.06671525537967682,0.16043710708618164,0.48649850487709045,0.19178958237171173,0.8371355533599854
14.571470000009867,-0.3078080415725708,0.8004966378211975,0.06684798002243042,0.1602201908826828,0.48594483733177185,0.1917024552822113,0.8375185132026672
14.575780300001497,-0.3080816864967346,0.8005607724189758,0.06700246781110764,0.1599692404270172,0.4849931001663208,0.19205926358699799,0.8380362391471863
14.579944800003432,-0.3083415627479553,0.8006659150123596,0.06717085838317871,0.15949931740760803,0.4841700494289398,0.1930283010005951,0.8383789658546448
14.586932600010186,-0.30889853835105896,0.8008469343185425,0.06742843240499496,0.15988630056381226,0.48361045122146606,0.19244012236595154,0.838763415813446
14.590535900002578,-0.30917948484420776,0.8009273409843445,0.06756662577390671,0.15929464995861053,0.4827548563480377,0.1935255080461502,0.8391190767288208
14.594346099998802,-0.3094598352909088,0.8010070323944092,0.06772518157958984,0.1599247008562088,0.4824681282043457,0.19357997179031372,0.8391515612602234
14.599206700004288,-0.3097618818283081,0.801061749458313,0.06789632886648178,0.15992669761180878,0.48272502422332764,0.19264847040176392,0.8392177820205688
14.603661100001773,-0.3100658655166626,0.8011378645896912,0.06803525984287262,0.15942689776420593,0.4822075366973877,0.19273680448532104,0.8395900726318359
14.607725499998196,-0.31038254499435425,0.8012166023254395,0.06819488853216171,0.15885864198207855,0.48145461082458496,0.19269566237926483,0.8401391506195068
14.611496500001522,-0.31070664525032043,0.8013015985488892,0.0683361068367958,0.15867523849010468,0.48064619302749634,0.19261828064918518,0.8406542539596558
14.615549400012242,-0.3110330104827881,0.8014383316040039,0.06848876923322678,0.15788160264492035,0.4801252782344818,0.1931840032339096,0.8409715294837952
14.619454500003485,-0.3113313317298889,0.8015450835227966,0.06865319609642029,0.15784159302711487,0.47975072264671326,0.19291117787361145,0.8412553668022156
14.623422800010303,-0.3116476237773895,0.8016559481620789,0.06883057206869125,0.15785662829875946,0.47952648997306824,0.19296303391456604,0.8413684964179993
14.629281500005163,-0.3120178282260895,0.8017709851264954,0.06903692334890366,0.15806074440479279,0.4792502820491791,0.1920345425605774,0.8416999578475952
14.633255900000222,-0.3123764395713806,0.801880419254303,0.06924023479223251,0.1572234332561493,0.4785676896572113,0.19238682091236115,0.8421645164489746
14.63825670001097,-0.312762975692749,0.8019721508026123,0.06943906843662262,0.15643459558486938,0.4772518575191498,0.19358670711517334,0.8427830338478088
14.641998200007947,-0.31314408779144287,0.8020665049552917,0.06961771100759506,0.15606556832790375,0.4765779376029968,0.19458703696727753,0.8430023193359375
14.646737400005804,-0.313501238822937,0.8021859526634216,0.06980418413877487,0.15590043365955353,0.47632643580436707,0.1947980374097824,0.8431263566017151
14.650329299998702,-0.3138473927974701,0.8023017644882202,0.06998535245656967,0.15621423721313477,0.4754696190357208,0.19557176530361176,0.8433727025985718
14.654585600001155,-0.3142159879207611,0.8024255633354187,0.0701737329363823,0.15600717067718506,0.4749796986579895,0.19526560604572296,0.8437578678131104
14.658954900005483,-0.31463417410850525,0.8025442361831665,0.07040102034807205,0.1553163081407547,0.4737873375415802,0.19554899632930756,0.8444898724555969
14.663286100010737,-0.31501296162605286,0.8026460409164429,0.07062024623155594,0.1553879976272583,0.4727168679237366,0.19555547833442688,0.8450748324394226
14.667225800003507,-0.3153839409351349,0.8028034567832947,0.07088437676429749,0.15535573661327362,0.47247692942619324,0.1951560229063034,0.8453072905540466
14.671128300004057,-0.3157570958137512,0.8029489517211914,0.07111041992902756,0.1558363437652588,0.4723780155181885,0.19562342762947083,0.8451659679412842
14.675439600003301,-0.3161510229110718,0.8030750751495361,0.07133615761995316,0.15584377944469452,0.47206687927246094,0.1952056884765625,0.8454349637031555
14.679896200002986,-0.3165496587753296,0.803213894367218,0.07151651382446289,0.15506593883037567,0.4707620441913605,0.19617211818695068,0.8460816740989685
14.683988800010411,-0.31697189807891846,0.803371787071228,0.07171151041984558,0.1540747880935669,0.4691961407661438,0.19757406413555145,0.8468061089515686
14.688109499998973,-0.31735166907310486,0.8035271167755127,0.07190919667482376,0.15376543998718262,0.46843522787094116,0.19722722470760345,0.8473641872406006
14.692004600001383,-0.31772372126579285,0.8036352396011353,0.07212512195110321,0.15389999747276306,0.46815019845962524,0.19683882594108582,0.8475875854492188
14.696300700001302,-0.3181483745574951,0.8037967681884766,0.07233613729476929,0.15414968132972717,0.46788108348846436,0.1965910941362381,0.8477482795715332
14.700447200011695,-0.31855952739715576,0.803945779800415,0.0725417286157608,0.1541893184185028,0.467669814825058,0.19576753675937653,0.8480481505393982
14.704561100006686,-0.31893858313560486,0.8041294813156128,0.0727686658501625,0.1536608189344406,0.46679314970970154,0.1968826800584793,0.8483688235282898
14.709291000006488,-0.31931471824645996,0.8042809963226318,0.07297111302614212,0.1536521464586258,0.4659106731414795,0.19716309010982513,0.8487902879714966
14.713031999999657,-0.3196868896484375,0.8044572472572327,0.07318828254938126,0.15310955047607422,0.46524834632873535,0.1970278024673462,0.8492829203605652
14.717818800010718,-0.3200843930244446,0.8046395182609558,0.07339770346879959,0.15273775160312653,0.4644334316253662,0.19691798090934753,0.8498212099075317
14.723968400008744,-0.3209003508090973,0.8049786686897278,0.07379461824893951,0.15237393975257874,0.4632755517959595,0.1972189098596573,0.850448489189148
14.728355600003852,-0.3212893307209015,0.805161714553833,0.07401533424854279,0.15196295082569122,0.46291443705558777,0.19670480489730835,0.8508375883102417
14.731993900000816,-0.32170355319976807,0.8053630590438843,0.0742412582039833,0.1510951668024063,0.46229156851768494,0.197039395570755,0.85125333070755
14.736509000009391,-0.32212725281715393,0.8056056499481201,0.07449913769960403,0.15043966472148895,0.4615991711616516,0.19694381952285767,0.8517671227455139
14.740388100006385,-0.32253941893577576,0.8057952523231506,0.07469836622476578,0.15037992596626282,0.4613816440105438,0.19650015234947205,0.8519980311393738
14.744698399998015,-0.32296380400657654,0.8059804439544678,0.07489169389009476,0.1503407061100006,0.46118655800819397,0.19581027328968048,0.8522692918777466
14.749127200004295,-0.3233807384967804,0.8061661720275879,0.07509442418813705,0.14968454837799072,0.46074268221855164,0.19532567262649536,0.8527359366416931
14.753229599999031,-0.3238217234611511,0.8063905835151672,0.07536987960338593,0.14925695955753326,0.45994335412979126,0.19529780745506287,0.8532485961914062
14.757204400011688,-0.32427144050598145,0.8065853714942932,0.07562048733234406,0.1490778625011444,0.4599534571170807,0.19345182180404663,0.8536949753761292
14.761022100006812,-0.3247353732585907,0.8067617416381836,0.07582975924015045,0.1480531096458435,0.45828375220298767,0.19629627466201782,0.8541218638420105
14.765290499999537,-0.32517290115356445,0.8069601058959961,0.07606428861618042,0.147738516330719,0.45727425813674927,0.19784504175186157,0.854360044002533
14.769651700000395,-0.3256132900714874,0.8071892261505127,0.07630328834056854,0.14749717712402344,0.45631492137908936,0.19790537655353546,0.8549004197120667
14.77359240000078,-0.326040118932724,0.8073906898498535,0.07654224336147308,0.1477803885936737,0.4554671049118042,0.19789989292621613,0.8553047776222229
14.777889000004507,-0.3264801502227783,0.8075926899909973,0.0767754539847374,0.14780519902706146,0.45504194498062134,0.19665788114070892,0.855813205242157
14.781910000005155,-0.32693272829055786,0.8078327178955078,0.07702171802520752,0.14692376554012299,0.45414188504219055,0.19750480353832245,0.8562478423118591
14.787873300010688,-0.3273971676826477,0.8080229759216309,0.07722681015729904,0.14696569740772247,0.45322033762931824,0.19770705699920654,0.8566821813583374
14.79196130001219,-0.3278493583202362,0.8082378506660461,0.07745379209518433,0.1466483175754547,0.4526864290237427,0.1978931427001953,0.8569759130477905
14.796050500008278,-0.3282869756221771,0.8084918856620789,0.07767125964164734,0.1464814841747284,0.4520590305328369,0.19795559346675873,0.8573210835456848
14.800534800000605,-0.32871687412261963,0.8087159395217896,0.0778750479221344,0.14476566016674042,0.45102518796920776,0.19947735965251923,0.8578042387962341
14.804768800007878,-0.3291694223880768,0.8089723587036133,0.07807441800832748,0.14455999433994293,0.45040664076805115,0.19825845956802368,0.8584461212158203
14.809073399999761,-0.32962852716445923,0.8092348575592041,0.0782947838306427,0.14352597296237946,0.4498531222343445,0.19760312139987946,0.8590608835220337
14.813159299999825,-0.3300827443599701,0.8094890713691711,0.07850538939237595,0.14293824136257172,0.44949817657470703,0.19751717150211334,0.8593642711639404
14.817102000000887,-0.3305308222770691,0.8097200989723206,0.0787268728017807,0.14281108975410461,0.44896411895751953,0.19684740900993347,0.859818160533905
14.821247300002142,-0.3309733271598816,0.8099319338798523,0.07891835272312164,0.14326822757720947,0.4481939673423767,0.19639909267425537,0.8602463603019714
14.825600600001053,-0.331398069858551,0.8102098107337952,0.07918638736009598,0.14309069514274597,0.44707563519477844,0.19682691991329193,0.8607599139213562
14.829681300005177,-0.3318770229816437,0.8104610443115234,0.07939562201499939,0.14177671074867249,0.4456646740436554,0.19776767492294312,0.8614931106567383
14.833582200008095,-0.33236822485923767,0.8106635808944702,0.07956811785697937,0.1417662650346756,0.4450123906135559,0.19834132492542267,0.8617000579833984
14.83725840000261,-0.3328154981136322,0.8108423352241516,0.07977569848299026,0.1416052281856537,0.4444611966609955,0.19776304066181183,0.862143874168396
14.84090819999983,-0.3332425057888031,0.8110684156417847,0.07998520880937576,0.14075376093387604,0.4436073303222656,0.19881944358348846,0.8624799847602844
14.84446440001193,-0.3336648643016815,0.8112967014312744,0.08023040741682053,0.1403355449438095,0.4430048167705536,0.19923363626003265,0.8627622723579407
14.85036310000578,-0.33416569232940674,0.8115426301956177,0.08042589575052261,0.14024560153484344,0.44220253825187683,0.19881397485733032,0.8632850050926208
14.85440350000863,-0.3346458375453949,0.811775803565979,0.08064348995685577,0.13941635191440582,0.4413456916809082,0.1994197964668274,0.8637180924415588
14.857897100009723,-0.33510538935661316,0.811965823173523,0.08081197738647461,0.13952183723449707,0.44067129492759705,0.19934162497520447,0.8640632629394531
14.867735000007087,-0.33592653274536133,0.8123650550842285,0.08122718334197998,0.13906735181808472,0.43942636251449585,0.19928644597530365,0.864782989025116
14.871596700002556,-0.33644726872444153,0.8126065135002136,0.08147827535867691,0.13864798843860626,0.4381663501262665,0.19887951016426086,0.8655830025672913
14.87605400000757,-0.3369216024875641,0.8128693103790283,0.08170836418867111,0.13837780058383942,0.43745800852775574,0.19883263111114502,0.8659952282905579
14.880591900000582,-0.337338387966156,0.8130826950073242,0.08190412074327469,0.13790227472782135,0.43651872873306274,0.20003552734851837,0.86626797914505
14.885857000001124,-0.33824047446250916,0.8135088086128235,0.08224976062774658,0.1377115100622177,0.43557530641555786,0.19886602461338043,0.8670421242713928
14.892922900005942,-0.3387455642223358,0.813714325428009,0.08243068307638168,0.13794566690921783,0.43427297472953796,0.1985267698764801,0.867735743522644
14.896945300002699,-0.33921757340431213,0.813937783241272,0.08259739726781845,0.1366763561964035,0.43333899974823,0.2002221792936325,0.8680137991905212
14.901085600009537,-0.3396444022655487,0.8141809701919556,0.08278369158506393,0.13650836050510406,0.4328002631664276,0.20062237977981567,0.8682166934013367
14.904682899999898,-0.34011709690093994,0.8144160509109497,0.08297291398048401,0.1364855170249939,0.4318588078022003,0.20088380575180054,0.8686284422874451
14.909121300006518,-0.3405531644821167,0.8146559596061707,0.08314916491508484,0.1356648951768875,0.43066728115081787,0.20183593034744263,0.8691278100013733
14.913283700007014,-0.34099116921424866,0.8149159550666809,0.08332911878824234,0.13509045541286469,0.430162638425827,0.20205186307430267,0.8694168925285339
14.91726890001155,-0.3414618968963623,0.8151682019233704,0.08349473029375076,0.1345737874507904,0.42982980608940125,0.20139159262180328,0.8698148131370544
14.921204700003727,-0.34193843603134155,0.8153871893882751,0.08363775908946991,0.13404010236263275,0.42894136905670166,0.20124533772468567,0.8703694939613342
14.925582299998496,-0.3424278199672699,0.8155803084373474,0.08377982676029205,0.13378411531448364,0.42811739444732666,0.20122596621513367,0.8708187937736511
14.930322900007013,-0.3428828716278076,0.8158286213874817,0.08393717557191849,0.13347235321998596,0.4275282025337219,0.20126836001873016,0.8711462616920471
14.934633400000166,-0.3433193266391754,0.8160592913627625,0.08409496396780014,0.13306394219398499,0.42666563391685486,0.20221085846424103,0.8714132905006409
14.938756600007764,-0.34380006790161133,0.8162626624107361,0.08421806991100311,0.13219119608402252,0.42581838369369507,0.20219330489635468,0.8719645142555237
14.942271300009452,-0.3442811667919159,0.8164765238761902,0.08438166975975037,0.1318928450345993,0.4254457652568817,0.20134513080120087,0.872387707233429
14.946471600007499,-0.3447266221046448,0.816694438457489,0.08456140756607056,0.1311982274055481,0.4242279529571533,0.20255263149738312,0.8728059530258179
14.95093830001133,-0.345176100730896,0.8168861865997314,0.08467493951320648,0.13093549013137817,0.42292994260787964,0.2034338414669037,0.8732701539993286
14.957005500007654,-0.3460882306098938,0.8173523545265198,0.0849217027425766,0.13083834946155548,0.42177367210388184,0.20374196767807007,0.8737720251083374
14.961475200005225,-0.34650933742523193,0.8175721764564514,0.08506648242473602,0.12971211969852448,0.42105337977409363,0.20489631593227386,0.8740174174308777
14.965824700004305,-0.34694936871528625,0.8177953958511353,0.0852011889219284,0.12969383597373962,0.42031288146972656,0.20403437316417694,0.8745779395103455
14.970092400006251,-0.3473981022834778,0.8180268406867981,0.08531501889228821,0.12924832105636597,0.41963422298431396,0.2035592943429947,0.8750803470611572
14.974030000012135,-0.3478070795536041,0.8182346820831299,0.08543313294649124,0.12890340387821198,0.4187818765640259,0.2042178362607956,0.8753859996795654
14.978688200004399,-0.34826594591140747,0.8184462785720825,0.08551369607448578,0.12917619943618774,0.41776132583618164,0.2048877775669098,0.8756768703460693
14.982379100008984,-0.34870871901512146,0.8186792731285095,0.08562827110290527,0.12844909727573395,0.41704073548316956,0.20527449250221252,0.8760366439819336
14.986439100001007,-0.3491547107696533,0.8188885450363159,0.08573701977729797,0.12792529165744781,0.4162370264530182,0.20505763590335846,0.8765462636947632
14.990304500010097,-0.3495522737503052,0.8190822601318359,0.08585190027952194,0.127574160695076,0.415632426738739,0.2053557187318802,0.8768144249916077
14.994842800006154,-0.3499525189399719,0.8192634582519531,0.0859714150428772,0.12704922258853912,0.41500014066696167,0.20554624497890472,0.8771454095840454
14.998844200003077,-0.35038745403289795,0.8194472789764404,0.08603683114051819,0.1269291788339615,0.4146704077720642,0.20493413507938385,0.8774620294570923
15.00298780000594,-0.35085707902908325,0.8196542859077454,0.08611942827701569,0.12614946067333221,0.41306573152542114,0.20706115663051605,0.8778318166732788
15.007140100002289,-0.351274311542511,0.8198218941688538,0.08619334548711777,0.1266964226961136,0.41239696741104126,0.20744311809539795,0.8779772520065308
15.011020200006897,-0.35167863965034485,0.8199729323387146,0.08628001064062119,0.12684117257595062,0.41157102584838867,0.2077646106481552,0.8782678842544556
15.01530540001113,-0.35207802057266235,0.8201693296432495,0.08636881411075592,0.12658536434173584,0.41116249561309814,0.2071375846862793,0.8786441087722778
15.019327200003318,-0.3524942100048065,0.820378303527832,0.08645909279584885,0.12571464478969574,0.40997254848480225,0.2075910121202469,0.8792180418968201
15.023539600006188,-0.35289740562438965,0.8205960392951965,0.08651959151029587,0.12526407837867737,0.40954354405403137,0.208254873752594,0.8793252110481262
15.028332900008536,-0.35328999161720276,0.820782482624054,0.08656273037195206,0.12489426881074905,0.4085512161254883,0.20959113538265228,0.8795220255851746
15.031958999999915,-0.3536989390850067,0.8209500312805176,0.08661790937185287,0.12446258217096329,0.40798357129096985,0.20938217639923096,0.879896342754364
15.036108100001002,-0.3541628420352936,0.8211482167243958,0.08668184280395508,0.12492279708385468,0.40754640102386475,0.20749475061893463,0.8804807662963867
15.040096900003846,-0.3545261025428772,0.8213339447975159,0.08673222362995148,0.1243937611579895,0.4067780077457428,0.2080990970134735,0.8807681798934937
15.044290200006799,-0.35487645864486694,0.821517825126648,0.08678115159273148,0.12436230480670929,0.40637311339378357,0.20821624994277954,0.8809317946434021
15.04884370000218,-0.3552577495574951,0.8217014670372009,0.08682288974523544,0.12380034476518631,0.4060046374797821,0.2085706740617752,0.8810970783233643
15.05291730001045,-0.35561802983283997,0.8218792676925659,0.08684486150741577,0.12311868369579315,0.40511995553970337,0.2092687338590622,0.8814342617988586
15.05708160001086,-0.3560373783111572,0.8220278024673462,0.08686351776123047,0.12237510085105896,0.4037669599056244,0.20997354388237,0.8819907903671265
15.061252200001036,-0.3564572036266327,0.8221667408943176,0.0868900716304779,0.12308510392904282,0.4033627212047577,0.2091999053955078,0.8822606801986694
15.065210000000661,-0.3568325936794281,0.8223531246185303,0.08694140613079071,0.12293074280023575,0.4030211269855499,0.20920969545841217,0.8824360370635986
15.069470200003707,-0.35718002915382385,0.8225608468055725,0.08697342872619629,0.1226838231086731,0.4025903046131134,0.20861856639385223,0.8828069567680359
15.073472500007483,-0.35754433274269104,0.8227543234825134,0.08702097088098526,0.1211952418088913,0.40187960863113403,0.20928539335727692,0.8831784725189209
15.078594500009785,-0.35792747139930725,0.8229352235794067,0.08702199906110764,0.12051650881767273,0.400665819644928,0.21060355007648468,0.8835094571113586
15.083624600010808,-0.35831302404403687,0.8231140971183777,0.08702713251113892,0.12017454952001572,0.39952006936073303,0.21153977513313293,0.8838511109352112
15.087011100011296,-0.35866591334342957,0.8232963681221008,0.08706683665513992,0.12050897628068924,0.39916008710861206,0.2112499177455902,0.8840374946594238
15.090491700000712,-0.3590312898159027,0.8234542012214661,0.08706490695476532,0.12092571705579758,0.399090439081192,0.2099737823009491,0.884316086769104
15.094296499999473,-0.35941147804260254,0.8236522674560547,0.08709742873907089,0.12040632963180542,0.3986179232597351,0.20969907939434052,0.8846651315689087
15.098627100000158,-0.3597884178161621,0.8238877654075623,0.08714722841978073,0.11975537240505219,0.39824262261390686,0.20966872572898865,0.8849295973777771
15.102726000011899,-0.36017096042633057,0.8240923881530762,0.08720608055591583,0.11877401918172836,0.3979237973690033,0.20981457829475403,0.8851708173751831
15.107542500001728,-0.36055392026901245,0.8242562413215637,0.08718635141849518,0.11844110488891602,0.3969903886318207,0.210055872797966,0.8855771422386169
15.111247500011814,-0.3609158396720886,0.8244012594223022,0.08717009425163269,0.11825332045555115,0.39605313539505005,0.21014828979969025,0.8859999179840088
15.11524400000053,-0.3613024353981018,0.8245434165000916,0.08715776354074478,0.11859726160764694,0.39513957500457764,0.20919747650623322,0.8865866661071777
15.119533800010686,-0.36166590452194214,0.8247246742248535,0.08716689795255661,0.11766589432954788,0.39467278122901917,0.20955978333950043,0.8868330717086792
15.123535899998387,-0.3620752990245819,0.8249204158782959,0.08719043433666229,0.1171657145023346,0.39460015296936035,0.20953097939491272,0.8869383335113525
15.127579200008768,-0.3624977469444275,0.8251417279243469,0.08721067756414413,0.11572732031345367,0.394051730632782,0.21091178059577942,0.8870437741279602
15.130915100002312,-0.3624977469444275,0.8251417279243469,0.08721067756414413,0.11572732031345367,0.394051730632782,0.21091178059577942,0.8870437741279602
15.135450200003106,-0.36328253149986267,0.8254760503768921,0.08720880001783371,0.11540614068508148,0.3917914927005768,0.2118646651506424,0.8878593444824219
15.140735100008897,-0.3636535704135895,0.8256450891494751,0.08723084628582001,0.11598741263151169,0.391214519739151,0.21127045154571533,0.8881795406341553
15.144582599998103,-0.36404263973236084,0.8258183598518372,0.08726620674133301,0.11563485860824585,0.3910529911518097,0.21019001305103302,0.8885529637336731
15.148513500011177,-0.3644668757915497,0.8260167241096497,0.08729499578475952,0.11512614786624908,0.3908900320529938,0.20958039164543152,0.8888346552848816
15.153004300009343,-0.36492401361465454,0.8262085318565369,0.0872991606593132,0.11408228427171707,0.3893272876739502,0.21083253622055054,0.8893588781356812
15.160854500005371,-0.3657343089580536,0.8265358209609985,0.08730241656303406,0.11372319608926773,0.387795090675354,0.21187402307987213,0.8898265957832336
15.165143899997929,-0.3661448061466217,0.8267069458961487,0.08730638027191162,0.11380214244127274,0.3872659206390381,0.21143779158592224,0.8901506662368774
15.169608500000322,-0.36655721068382263,0.8268818855285645,0.0873187929391861,0.11304238438606262,0.386082261800766,0.21185649931430817,0.8906619548797607
15.17399640000076,-0.3670121133327484,0.8270735740661621,0.08735891431570053,0.11264988780021667,0.3851272463798523,0.2123274952173233,0.891012966632843
15.178206199998385,-0.3674337863922119,0.8272684216499329,0.0873619019985199,0.11211826652288437,0.3846662938594818,0.2121051400899887,0.8913319706916809
15.182563200010918,-0.36788231134414673,0.8274614810943604,0.08735204488039017,0.11037220060825348,0.3833205997943878,0.21373441815376282,0.8917404413223267
15.186806500001694,-0.36834263801574707,0.827643632888794,0.08734884858131409,0.11017422378063202,0.38259008526802063,0.21449407935142517,0.89189612865448
15.19107349999831,-0.3687663674354553,0.8278304934501648,0.08736994862556458,0.11015599220991135,0.38176417350769043,0.2149740755558014,0.8921366930007935
15.194552200002363,-0.3692163825035095,0.8280238509178162,0.08740073442459106,0.10977315902709961,0.3811326324939728,0.2155022770166397,0.8923265337944031
15.199264200011385,-0.3696820139884949,0.8282468318939209,0.08747997879981995,0.1092434749007225,0.3801965117454529,0.21554148197174072,0.8927811980247498
15.20343629999843,-0.3701549768447876,0.8284596800804138,0.08751378953456879,0.10902099311351776,0.37912940979003906,0.21530254185199738,0.8933197259902954
15.207647600007476,-0.37059321999549866,0.8286546468734741,0.0875496193766594,0.10866595804691315,0.37858662009239197,0.21524736285209656,0.893606424331665
15.211148500005947,-0.37106528878211975,0.8288455605506897,0.0875706821680069,0.10881742835044861,0.37798184156417847,0.2155902087688446,0.8937613368034363
15.21571830000903,-0.37154731154441833,0.8290314078330994,0.0876157358288765,0.1080644354224205,0.3769511282444,0.21641720831394196,0.894088089466095
15.219345000004978,-0.37202274799346924,0.829214870929718,0.08764190971851349,0.10732758790254593,0.3759486675262451,0.21674023568630219,0.8945205807685852
15.225498700005119,-0.37250950932502747,0.8293922543525696,0.08765211701393127,0.10704231262207031,0.3748572766780853,0.2170000523328781,0.894949734210968
15.229639900004258,-0.37294286489486694,0.8295700550079346,0.08769863843917847,0.10670233517885208,0.3737027943134308,0.2184344381093979,0.8951241374015808
15.233279799998854,-0.3734492063522339,0.8297296166419983,0.0877416804432869,0.10683351755142212,0.3724634647369385,0.21895477175712585,0.8954978585243225
15.237812100007432,-0.37394779920578003,0.8299456834793091,0.08777795732021332,0.10572666674852371,0.37160950899124146,0.2205897718667984,0.8955827951431274
15.242297300006612,-0.3744572401046753,0.8301222324371338,0.08780507743358612,0.10548814386129379,0.37143105268478394,0.21990515291690826,0.8958531618118286
15.246840699997847,-0.3749638497829437,0.8302737474441528,0.08784055709838867,0.10532382130622864,0.3701595962047577,0.22074666619300842,0.8961917161941528
15.251126100003603,-0.37545233964920044,0.8304468393325806,0.08785220980644226,0.10526648163795471,0.3687536120414734,0.2207227349281311,0.8967839479446411
15.25526410000748,-0.375945121049881,0.8306599259376526,0.0879250168800354,0.10443411022424698,0.36766842007637024,0.22102302312850952,0.89725261926651
15.259928200001013,-0.37646427750587463,0.8308629989624023,0.0879371389746666,0.10394632071256638,0.3669971823692322,0.2214040607213974,0.8974900841712952
15.264653600010206,-0.37748438119888306,0.8312634825706482,0.08795297145843506,0.103817880153656,0.3652423620223999,0.22233672440052032,0.8979901075363159
15.269132800007355,-0.3779843747615814,0.8314492702484131,0.08796855807304382,0.10340148210525513,0.3642261326313019,0.22174519300460815,0.898597002029419
15.273310200005653,-0.3785023093223572,0.8316575884819031,0.08802444487810135,0.10257544368505478,0.36363062262535095,0.22147269546985626,0.8989999294281006
15.278175500003272,-0.37901759147644043,0.8318569660186768,0.0880579799413681,0.1020110696554184,0.36209237575531006,0.22210976481437683,0.8995277881622314
15.28615990000253,-0.38002073764801025,0.8322427868843079,0.08803778141736984,0.1009846031665802,0.3612414002418518,0.22251102328300476,0.899886429309845
15.290692100010347,-0.38059407472610474,0.8324399590492249,0.08806237578392029,0.1005328893661499,0.3594004809856415,0.2233768105506897,0.9004594683647156
15.29622040000686,-0.3811033368110657,0.8326779007911682,0.08811100572347641,0.09948411583900452,0.35884031653404236,0.22355563938617706,0.9007549285888672
15.300500400000601,-0.3816043734550476,0.832857072353363,0.08805523067712784,0.09872283041477203,0.35785597562789917,0.22361724078655243,0.9012148380279541
15.305137100003776,-0.3821343183517456,0.8330569267272949,0.08807544410228729,0.0986238569021225,0.3569219410419464,0.2227010577917099,0.9018228054046631
15.309023599998909,-0.3827536404132843,0.8333008289337158,0.08810079842805862,0.09867211431264877,0.35600054264068604,0.221872940659523,0.9023857116699219
15.312854500007234,-0.3833187222480774,0.8335618376731873,0.088154137134552,0.09815838932991028,0.3557434380054474,0.2224656641483307,0.9023971557617188
15.31708370000706,-0.3838953971862793,0.8337635397911072,0.08815046399831772,0.09693646430969238,0.3538239896297455,0.22442448139190674,0.9027987122535706
15.321622300005401,-0.3844963610172272,0.8339413404464722,0.0881730169057846,0.09729298949241638,0.3522566556930542,0.22420929372310638,0.9034265875816345
15.326069400005508,-0.3851129412651062,0.8341139554977417,0.08818938583135605,0.09740301221609116,0.3516674339771271,0.22278454899787903,0.9039965271949768
15.330146799999056,-0.3857596814632416,0.8343098163604736,0.08821562677621841,0.09607673436403275,0.3504767119884491,0.22406338155269623,0.9042848348617554
15.334238900002674,-0.3863803446292877,0.83453768491745,0.08822815120220184,0.09474547207355499,0.3492598235607147,0.22590698301792145,0.9044373035430908
15.337841300002765,-0.38702258467674255,0.8347378373146057,0.08825762569904327,0.0947665274143219,0.34807753562927246,0.22517624497413635,0.9050729870796204
15.342048700011219,-0.38765496015548706,0.8349500894546509,0.08830102533102036,0.09396230429410934,0.3462040424346924,0.22661328315734863,0.9055166244506836
15.346370500003104,-0.3882932662963867,0.8351426720619202,0.08829350769519806,0.09291571378707886,0.34559568762779236,0.22641895711421967,0.9059054851531982
15.35058320000826,-0.3889811933040619,0.8353451490402222,0.08830347657203674,0.09190663695335388,0.34467875957489014,0.22662419080734253,0.9063063859939575
15.358866000009584,-0.39030107855796814,0.8357812166213989,0.08842120319604874,0.09151032567024231,0.34220343828201294,0.2268953025341034,0.9072161912918091
15.36298700000043,-0.3910564184188843,0.8359941244125366,0.08842233568429947,0.09105526655912399,0.3410850763320923,0.22589890658855438,0.9079315066337585
15.367178900007275,-0.3917665183544159,0.8361572027206421,0.08840698003768921,0.09106265753507614,0.3393450081348419,0.22649914026260376,0.908433198928833
15.37136860001192,-0.39243412017822266,0.8363811373710632,0.08849307149648666,0.0904369056224823,0.3386309742927551,0.22718952596187592,0.9085897207260132
15.376093500002753,-0.3932051658630371,0.8365676999092102,0.08852043002843857,0.09004467725753784,0.33653005957603455,0.22806382179260254,0.9091899394989014
15.386191199999303,-0.39540091156959534,0.8371645212173462,0.08862469345331192,0.0879461020231247,0.3332059979438782,0.2283744364976883,0.9105406999588013
15.390701000011177,-0.3961820602416992,0.8373497724533081,0.08864684402942657,0.0870596244931221,0.33101609349250793,0.22940924763679504,0.911164402961731
15.394388000000617,-0.3969373106956482,0.8375484347343445,0.08868060261011124,0.08627033233642578,0.3298451602458954,0.22936388850212097,0.9116753339767456
15.398618999999599,-0.39769798517227173,0.8377269506454468,0.0886806920170784,0.0855305939912796,0.32962220907211304,0.22849296033382416,0.9120442271232605
15.402792400011094,-0.39852282404899597,0.8379179835319519,0.08871947973966599,0.08550483733415604,0.32750892639160156,0.2274969220161438,0.9130564332008362
15.406846300000325,-0.39926689863204956,0.8381378054618835,0.08879519999027252,0.08528969436883926,0.3265805244445801,0.22715461254119873,0.9134941697120667
15.411234100000001,-0.4001051187515259,0.838297426700592,0.08879503607749939,0.08460620790719986,0.32531529664993286,0.22769342362880707,0.9138749837875366
15.415151400011382,-0.4008975028991699,0.8384303450584412,0.08876316994428635,0.08468929678201675,0.3237980306148529,0.227848082780838,0.9143675565719604
15.420361900003627,-0.40167635679244995,0.8386127948760986,0.08883529156446457,0.08381696790456772,0.3228664994239807,0.22709719836711884,0.9149638414382935
15.423884100004216,-0.40254414081573486,0.8387674689292908,0.08887942880392075,0.08191416412591934,0.3204747140407562,0.22892318665981293,0.9155218601226807
15.427662600006443,-0.4033881723880768,0.8389052152633667,0.0888921394944191,0.0825655534863472,0.3192148506641388,0.22830122709274292,0.9160585999488831
15.433690400008345,-0.4042090177536011,0.8390411734580994,0.08895986527204514,0.0827118381857872,0.31760403513908386,0.22875338792800903,0.9164924025535583
15.437962600000901,-0.40507271885871887,0.8391422629356384,0.08896339684724808,0.08091748505830765,0.3153630793094635,0.23081322014331818,0.9169099926948547
15.442704600005527,-0.4059111773967743,0.8392573595046997,0.08896947652101517,0.08010077476501465,0.31379637122154236,0.23015239834785461,0.9176849126815796
15.446533300011652,-0.40675386786460876,0.8393356800079346,0.08898370712995529,0.08032744377851486,0.31316298246383667,0.2304428517818451,0.9178085923194885
15.454687700010254,-0.4084789752960205,0.8395105600357056,0.08904394507408142,0.0818483754992485,0.31031444668769836,0.22879652678966522,0.9190527200698853
15.459262600008515,-0.40938127040863037,0.8395774364471436,0.08900078386068344,0.08168881386518478,0.30896008014678955,0.2295067012310028,0.9193462133407593
15.462902100000065,-0.41023463010787964,0.8396167755126953,0.08903861045837402,0.08113408833742142,0.3080008327960968,0.228617861866951,0.9199383854866028
15.467295900001773,-0.41107356548309326,0.8396726846694946,0.08900447189807892,0.0803634375333786,0.30643364787101746,0.22928400337696075,0.9203635454177856
15.473658100003377,-0.41283562779426575,0.8397919535636902,0.08900106698274612,0.08027739822864532,0.3034886121749878,0.22987151145935059,0.9211999773979187
15.480603400006657,-0.41370847821235657,0.8398374915122986,0.08898136764764786,0.07928639650344849,0.3013235926628113,0.23044808208942413,0.9218522310256958
15.486704000009922,-0.41539615392684937,0.8399204015731812,0.08895345777273178,0.07831808179616928,0.2986857295036316,0.2296711653470993,0.922986626625061
15.490385700002662,-0.4162561297416687,0.8399252891540527,0.08887316286563873,0.07787661999464035,0.2971235513687134,0.23084525763988495,0.923235297203064
15.495022500006598,-0.4171435534954071,0.8399569392204285,0.0888572484254837,0.077142134308815,0.29543671011924744,0.2313312441110611,0.9237164855003357
15.499086100011482,-0.4179324805736542,0.8399723768234253,0.08880642801523209,0.07743783295154572,0.2940548062324524,0.23113788664340973,0.9241809844970703
15.502775700006168,-0.41878557205200195,0.8399995565414429,0.08882195502519608,0.07699946314096451,0.29180750250816345,0.2311883568763733,0.9249169230461121
15.506894999998622,-0.4195980429649353,0.8400275707244873,0.08874674141407013,0.07694084942340851,0.2920151352882385,0.2304878830909729,0.9250311255455017
15.511171200007084,-0.4204607605934143,0.8400585055351257,0.08868487179279327,0.07631063461303711,0.28974661231040955,0.23057131469249725,0.9257755875587463
15.51612820000446,-0.4212372303009033,0.8400682210922241,0.08865558356046677,0.07600784301757812,0.2883773148059845,0.23090361058712006,0.9261451959609985
15.521918500002357,-0.4220597445964813,0.840047299861908,0.08857712149620056,0.07554889470338821,0.287431538105011,0.23088787496089935,0.9264805912971497
15.52908250001201,-0.4236992299556732,0.8400716185569763,0.08851739764213562,0.07545122504234314,0.285153329372406,0.22924409806728363,0.9276000261306763
15.534133599998313,-0.4244998097419739,0.8400822281837463,0.0884268656373024,0.07461801916360855,0.2835134267807007,0.23057805001735687,0.927839457988739
15.538820000001579,-0.42538371682167053,0.840087890625,0.08839660882949829,0.07428285479545593,0.28175821900367737,0.2308182418346405,0.9283411502838135
15.543323600009899,-0.42616546154022217,0.840070366859436,0.08830589056015015,0.07470954209566116,0.28070035576820374,0.23009799420833588,0.9288061261177063
15.547306699998444,-0.4269823729991913,0.8400488495826721,0.08820255845785141,0.07457634061574936,0.2799072861671448,0.22937904298305511,0.9292339086532593
15.552816000010353,-0.4285874366760254,0.8400194048881531,0.08809971809387207,0.0733746811747551,0.2772430181503296,0.22942398488521576,0.9301167130470276
15.557034500001464,-0.42944014072418213,0.8400176763534546,0.08803877234458923,0.07289915531873703,0.2757558524608612,0.2296605110168457,0.930537760257721
15.561703700004728,-0.43026211857795715,0.8399962782859802,0.08793428540229797,0.0736517682671547,0.2742902934551239,0.2291065901517868,0.9310480952262878
15.565481099998578,-0.4310399889945984,0.839985191822052,0.0878627598285675,0.0735011100769043,0.27294614911079407,0.22973749041557312,0.9312994480133057
15.570206700009294,-0.4318901300430298,0.8399811387062073,0.08780164271593094,0.07321140170097351,0.2711646258831024,0.23035457730293274,0.9316902756690979
15.573660400012159,-0.432682067155838,0.8399702906608582,0.0877201184630394,0.07205023616552353,0.2700279653072357,0.23013649880886078,0.9321646094322205
15.577817800003686,-0.4335353672504425,0.8399400115013123,0.08759035915136337,0.0725855827331543,0.26892971992492676,0.22921207547187805,0.9326682090759277
15.58246040000813,-0.43437695503234863,0.8399502635002136,0.08755356818437576,0.07264698296785355,0.26787519454956055,0.22839313745498657,0.9331676363945007
15.58636440000555,-0.4351208508014679,0.8399527668952942,0.0874604806303978,0.072471983730793,0.2663961946964264,0.22892361879348755,0.933474600315094
15.59051300000283,-0.4360048174858093,0.839957058429718,0.0873292088508606,0.07179291546344757,0.2645343244075775,0.2289070188999176,0.9340605139732361
15.594617800001288,-0.43680399656295776,0.840010404586792,0.08726175874471664,0.07080426812171936,0.2636409401893616,0.2292305827140808,0.934309184551239
15.59921210000175,-0.4376184940338135,0.8399679064750671,0.08713114261627197,0.0708823949098587,0.26169800758361816,0.22923631966114044,0.9348478317260742
15.602724700002,-0.43844443559646606,0.8399826884269714,0.08703240007162094,0.07130040973424911,0.2606976628303528,0.22795894742012024,0.935407817363739
15.607108000011067,-0.43926742672920227,0.8400062918663025,0.08690886199474335,0.07037674635648727,0.2591555714607239,0.22879639267921448,0.9357017874717712
15.611192600001232,-0.44010332226753235,0.8400293588638306,0.08682521432638168,0.0697939470410347,0.25736817717552185,0.23005157709121704,0.9359309673309326
15.61517420000746,-0.4409131705760956,0.8400142788887024,0.08665729314088821,0.06973448395729065,0.2563595473766327,0.22960668802261353,0.9363213777542114
15.619792500001495,-0.4417710602283478,0.8400203585624695,0.08652723580598831,0.06997038424015045,0.2547437846660614,0.22832044959068298,0.9370589852333069
15.623790700003156,-0.4425673186779022,0.84000164270401,0.08636767417192459,0.06972461938858032,0.25388261675834656,0.22835294902324677,0.9373030066490173
15.627972700007376,-0.44343462586402893,0.840036153793335,0.08623906970024109,0.06802888959646225,0.25156548619270325,0.2290312498807907,0.9378868341445923
15.6319763000065,-0.44422629475593567,0.8400409817695618,0.08610273152589798,0.06938111782073975,0.2508791387081146,0.2280505895614624,0.9382105469703674
15.635989900009008,-0.4450715482234955,0.8400508165359497,0.08597205579280853,0.0696105882525444,0.24972160160541534,0.2272653728723526,0.9386927485466003
15.640833700002986,-0.44592952728271484,0.8400366902351379,0.0858302116394043,0.06878379732370377,0.2474515587091446,0.22901105880737305,0.9389305114746094
15.644379500008654,-0.44673052430152893,0.8400352597236633,0.08572244644165039,0.06804007291793823,0.2462988644838333,0.22955165803432465,0.9391557574272156
15.648595500009833,-0.4475674629211426,0.8400464057922363,0.08553947508335114,0.06856004148721695,0.2444877177476883,0.22891032695770264,0.9397475123405457
15.652812800006359,-0.4483713209629059,0.8400556445121765,0.08536484837532043,0.06857841461896896,0.24387618899345398,0.22836868464946747,0.9400367736816406
15.656872600011411,-0.4492042362689972,0.8400452136993408,0.08522220700979233,0.06848406791687012,0.24195803701877594,0.2291610687971115,0.9403464198112488
15.661114500006079,-0.4500223994255066,0.8400557041168213,0.08503179997205734,0.06727579236030579,0.24057236313819885,0.22929129004478455,0.9407573938369751
15.665180800002418,-0.4508322775363922,0.8400408029556274,0.08485773205757141,0.06801602244377136,0.23823991417884827,0.229024738073349,0.9413625001907349
15.669548700010637,-0.4516347348690033,0.8400113582611084,0.08466845005750656,0.06811593472957611,0.2384118288755417,0.2280801236629486,0.9415410161018372
15.673985500005074,-0.4524570107460022,0.8400160074234009,0.08447962254285812,0.06720484793186188,0.2365827113389969,0.22787901759147644,0.9421164393424988
15.678074900002684,-0.4532603323459625,0.8400273323059082,0.08426400274038315,0.06585667282342911,0.23416301608085632,0.22969099879264832,0.9423761367797852
15.681944399999338,-0.45402073860168457,0.8400750756263733,0.08410361409187317,0.06679629534482956,0.23376907408237457,0.22912107408046722,0.9425464868545532
15.68585740000708,-0.45483145117759705,0.8400607109069824,0.08391539007425308,0.06588849425315857,0.2319415956735611,0.2291458398103714,0.9430557489395142
15.689263899999787,-0.45483145117759705,0.8400607109069824,0.08391539007425308,0.06588849425315857,0.2319415956735611,0.2291458398103714,0.9430557489395142
15.694569200000842,-0.4564341604709625,0.8400840759277344,0.08350329101085663,0.06522868573665619,0.2288891226053238,0.22913847863674164,0.9438488483428955
15.698536100011552,-0.45721012353897095,0.8400994539260864,0.08324960619211197,0.06487088650465012,0.22761568427085876,0.22871479392051697,0.9442840814590454
15.702730100005283,-0.45797431468963623,0.8401258587837219,0.08306484669446945,0.06554482877254486,0.22598250210285187,0.22879576683044434,0.9446101784706116
15.706635700000334,-0.45876720547676086,0.8401247262954712,0.08285784721374512,0.0649937093257904,0.22502103447914124,0.22890900075435638,0.9448503255844116
15.710963200006518,-0.45954543352127075,0.8401135206222534,0.0826292410492897,0.06482239067554474,0.22365589439868927,0.22916774451732635,0.9451234936714172
15.715210000009392,-0.46028903126716614,0.8401442766189575,0.08240044862031937,0.06412623822689056,0.2220195233821869,0.22845576703548431,0.9457289576530457
15.719350600003963,-0.4610918164253235,0.840122401714325,0.08217233419418335,0.06475459039211273,0.2212671935558319,0.22817330062389374,0.9459306001663208
15.724027300006128,-0.4618948698043823,0.840142548084259,0.0819936990737915,0.0641041025519371,0.21912916004657745,0.23025096952915192,0.9459691643714905
15.727777000007336,-0.46263161301612854,0.8401108384132385,0.08173336833715439,0.06342078000307083,0.21787279844284058,0.23028720915317535,0.9462965130805969
15.732107200004975,-0.4633614718914032,0.840122640132904,0.08151303231716156,0.06378607451915741,0.21703311800956726,0.2292686402797699,0.9467121958732605
15.736718900006963,-0.4641939401626587,0.840169370174408,0.08130235970020294,0.0635455846786499,0.2153952270746231,0.2280108630657196,0.947405993938446
15.740371000007144,-0.4649474024772644,0.8401914834976196,0.0810365080833435,0.06328282505273819,0.21395376324653625,0.2284756749868393,0.9476380944252014
15.744498800006113,-0.4656740725040436,0.8401589393615723,0.08081136643886566,0.06288345903158188,0.21318195760250092,0.2280764877796173,0.9479347467422485
15.748481300004642,-0.46650367975234985,0.840144693851471,0.080563485622406,0.06265716999769211,0.211309552192688,0.22838574647903442,0.9482945203781128
15.752881600012188,-0.46723103523254395,0.8401369452476501,0.08033746480941772,0.06251633912324905,0.2101210504770279,0.22776156663894653,0.9487178921699524
15.757750800010399,-0.4679974317550659,0.8401498794555664,0.08009441941976547,0.06158722564578056,0.20861488580703735,0.22821752727031708,0.9490014314651489
15.761310800007777,-0.46871259808540344,0.8401074409484863,0.07986308634281158,0.061761196702718735,0.20747686922550201,0.22807016968727112,0.9492749571800232
15.765337500008172,-0.4694841504096985,0.8400847315788269,0.07962855696678162,0.061879828572273254,0.20548850297927856,0.22829903662204742,0.9496447443962097
15.76927330000035,-0.470220685005188,0.8400745391845703,0.07935776561498642,0.060991834849119186,0.20413252711296082,0.229221373796463,0.9497723579406738
15.773365400003968,-0.47092416882514954,0.8400907516479492,0.0791337862610817,0.06131499633193016,0.20331919193267822,0.22839821875095367,0.9501242637634277
15.778135000000475,-0.4717022478580475,0.8400413990020752,0.0788331925868988,0.06123628839850426,0.20109809935092926,0.22862064838409424,0.9505484700202942
15.781976700003725,-0.4723871350288391,0.8400112986564636,0.07860799878835678,0.06164586544036865,0.20051531493663788,0.22754791378974915,0.9509024024009705
15.787916600005701,-0.4730643033981323,0.8399850130081177,0.07836928218603134,0.06140584871172905,0.19907523691654205,0.22766165435314178,0.9511932730674744
15.791882900011842,-0.4738183319568634,0.8399632573127747,0.07806918770074844,0.06042514368891716,0.19698095321655273,0.22868236899375916,0.9514471888542175
15.795346800005063,-0.4745037853717804,0.8398959040641785,0.07780756801366806,0.060044437646865845,0.19596359133720398,0.22896523773670197,0.9516133666038513
15.799168600002304,-0.4751778542995453,0.8398781418800354,0.07760514318943024,0.06080613285303116,0.19485706090927124,0.2280629277229309,0.9520087838172913
15.802713500001119,-0.47589200735092163,0.8398539423942566,0.07734018564224243,0.06019432470202446,0.19294694066047668,0.2290736436843872,0.9521939754486084
15.806958100001793,-0.47657841444015503,0.8398099541664124,0.07706601172685623,0.0607161782681942,0.19220790266990662,0.2290223240852356,0.9523227214813232
15.81097600000794,-0.47726279497146606,0.8397476077079773,0.07684443891048431,0.059558141976594925,0.19003859162330627,0.23081369698047638,0.9523986577987671
15.815160700003617,-0.47798246145248413,0.839742124080658,0.07659949362277985,0.058214012533426285,0.18827331066131592,0.22980208694934845,0.9530767798423767
15.823867500002962,-0.47931554913520813,0.8396071195602417,0.07605422288179398,0.05896174535155296,0.18605083227157593,0.23000568151474,0.9534181356430054
15.82858970000234,-0.4799538254737854,0.8395639061927795,0.07584583014249802,0.058081306517124176,0.18454907834529877,0.23111064732074738,0.9534967541694641
15.832393800010323,-0.48065292835235596,0.8395248055458069,0.07554125040769577,0.05772891640663147,0.18306833505630493,0.23067685961723328,0.9539086222648621
15.836063900002046,-0.4813207983970642,0.8395176529884338,0.07531958073377609,0.05856408551335335,0.18234890699386597,0.22988387942314148,0.9541868567466736
15.840402700006962,-0.48193496465682983,0.8394278883934021,0.0750565305352211,0.05809585377573967,0.1807268112897873,0.23036432266235352,0.9544082283973694
15.844498800011934,-0.48260533809661865,0.8393704891204834,0.07477881014347076,0.056502893567085266,0.17828164994716644,0.23197421431541443,0.9545738101005554
15.848943900011363,-0.48321062326431274,0.8393226861953735,0.07453028112649918,0.05753856897354126,0.1778000295162201,0.23054790496826172,0.9549471735954285
15.852654000002076,-0.4838399887084961,0.8392887115478516,0.07424823939800262,0.05765197053551674,0.17708294093608856,0.23008468747138977,0.9551852941513062
15.856755100001465,-0.4844534397125244,0.8392165303230286,0.07395624369382858,0.05695194751024246,0.17550139129161835,0.2304510623216629,0.9554308652877808
15.861791000002995,-0.48505833745002747,0.839194655418396,0.07368796318769455,0.05639752745628357,0.17403879761695862,0.2303311824798584,0.95576012134552
15.865221300002304,-0.4856725335121155,0.8391349911689758,0.07341012358665466,0.05701475962996483,0.17220136523246765,0.22992552816867828,0.956153929233551
15.869446900003823,-0.4862656891345978,0.8390656113624573,0.07313556969165802,0.05616302788257599,0.1715160608291626,0.23037457466125488,0.9562194347381592
15.873364700004458,-0.4868539869785309,0.8390173316001892,0.07283560931682587,0.056244827806949615,0.17071224749088287,0.2303735315799713,0.9563587307929993
15.877558200008934,-0.487481951713562,0.8389723300933838,0.07252471894025803,0.05648008733987808,0.16894063353538513,0.22945524752140045,0.9568800926208496
15.881966500004637,-0.48803505301475525,0.8389021158218384,0.07228586077690125,0.05612523853778839,0.16715772449970245,0.2295016497373581,0.9572027921676636
15.886478900007205,-0.4886488616466522,0.8388561010360718,0.07198573648929596,0.05705413594841957,0.16654770076274872,0.22712577879428864,0.9578208327293396
15.890444700009539,-0.48926421999931335,0.8388037085533142,0.07167836278676987,0.057855457067489624,0.16593420505523682,0.22759896516799927,0.9577668905258179
15.894418700001552,-0.4897998869419098,0.8387563824653625,0.07138731330633163,0.05675071105360985,0.16476324200630188,0.22784310579299927,0.9579769968986511
15.898592900004587,-0.4903760552406311,0.8386301398277283,0.07108189910650253,0.05552484467625618,0.16248822212219238,0.22951626777648926,0.9580380320549011
15.902832400010084,-0.49097180366516113,0.8385720252990723,0.07077792286872864,0.058062031865119934,0.16198574006557465,0.22757820785045624,0.9584349393844604
15.906920699999318,-0.4915119409561157,0.8385289311408997,0.07048013061285019,0.057921066880226135,0.16132418811321259,0.2274637669324875,0.9585822820663452
15.911362600003486,-0.49211716651916504,0.8384760022163391,0.07018109411001205,0.05661813169717789,0.15916948020458221,0.22854016721248627,0.9587641954421997
15.915094600000884,-0.49268078804016113,0.8383875489234924,0.06989481300115585,0.05611766502261162,0.15794503688812256,0.2290746122598648,0.958868682384491
15.919317500010948,-0.49322205781936646,0.8382731080055237,0.06956766545772552,0.05693921074271202,0.1572147160768509,0.2285008430480957,0.9590770602226257
15.924047500011511,-0.4937901794910431,0.8381873965263367,0.0692363902926445,0.05704718455672264,0.156053826212883,0.22806084156036377,0.9593648910522461
15.928088800006662,-0.49434518814086914,0.8381171822547913,0.06891635060310364,0.05612165108323097,0.15443217754364014,0.2295638620853424,0.959323525428772
15.931999799999176,-0.49488264322280884,0.8380610346794128,0.06860136240720749,0.05635197460651398,0.153281107544899,0.229650616645813,0.9594738483428955
15.936122900006012,-0.4954034090042114,0.8379800319671631,0.06826573610305786,0.05643557757139206,0.15201759338378906,0.22966425120830536,0.9596666097640991
15.940704400010873,-0.49594366550445557,0.8379229307174683,0.06791306287050247,0.05594410002231598,0.1506217122077942,0.22955365478992462,0.9599419832229614
15.948488499998348,-0.49703115224838257,0.8377445936203003,0.06724215298891068,0.055320341140031815,0.14871419966220856,0.2300279289484024,0.9601619839668274
15.953040899999905,-0.4975284934043884,0.8376582264900208,0.0669606626033783,0.056154411286115646,0.1480225771665573,0.2289159893989563,0.9604861736297607
15.95697270000528,-0.4980129897594452,0.8375505805015564,0.0666026845574379,0.055125851184129715,0.14658547937870026,0.22936561703681946,0.9606587290763855
15.961638300010236,-0.4985109567642212,0.8374639749526978,0.0662681981921196,0.05570932477712631,0.14537431299686432,0.2283901870250702,0.9610415101051331
15.965418000007048,-0.49898552894592285,0.8374069333076477,0.06600693613290787,0.056011177599430084,0.1443469524383545,0.22783192992210388,0.9613112807273865
15.969305200007511,-0.49953216314315796,0.837313175201416,0.06565340608358383,0.05518383905291557,0.14354023337364197,0.22901524603366852,0.9611986875534058
15.973827800000436,-0.5000537633895874,0.8371865749359131,0.06526139378547668,0.05548480525612831,0.1423281878232956,0.22869019210338593,0.9614389538764954
15.978055100000347,-0.5005214810371399,0.837069034576416,0.06495223939418793,0.055463772267103195,0.1409892588853836,0.22927862405776978,0.9614973664283752
15.982055100001162,-0.5009964108467102,0.8369756937026978,0.06465303897857666,0.05536893010139465,0.1396338790655136,0.2289550006389618,0.9617776870727539
15.986777900005109,-0.5014997124671936,0.8368487358093262,0.06430774182081223,0.055937398225069046,0.13835015892982483,0.229139044880867,0.961886465549469
15.990406000011717,-0.5020331144332886,0.8367323279380798,0.06393653899431229,0.05572223663330078,0.13756045699119568,0.22872065007686615,0.9621117115020752
15.994788100011647,-0.5025640726089478,0.83661288022995,0.06363986432552338,0.055812008678913116,0.13627447187900543,0.22952476143836975,0.9620981216430664
15.998930600006133,-0.5030499696731567,0.836453914642334,0.06334986537694931,0.05603683739900589,0.13511331379413605,0.22979643940925598,0.9621838927268982
16.002788800004055,-0.5035549998283386,0.8363394141197205,0.06304862350225449,0.05617056041955948,0.13404498994350433,0.22945162653923035,0.9624077677726746
16.007193700002972,-0.5040624141693115,0.8362005352973938,0.06271658092737198,0.05583478882908821,0.13287894427776337,0.22882355749607086,0.962738573551178
16.01115760000539,-0.5045901536941528,0.8360674381256104,0.062384821474552155,0.056185282766819,0.13165180385112762,0.22869715094566345,0.9629167318344116
16.015635500007193,-0.5050721168518066,0.8359467387199402,0.06210080161690712,0.0561685636639595,0.13066962361335754,0.22946391999721527,0.9628691077232361
16.01941190000798,-0.50556480884552,0.8358228802680969,0.061791159212589264,0.05648238584399223,0.12972623109817505,0.2291449010372162,0.9630542397499084
16.02356719999807,-0.5060431361198425,0.8355688452720642,0.06133681535720825,0.05443986505270004,0.1286114752292633,0.22995300590991974,0.9631288051605225
16.027965900007985,-0.506557285785675,0.8354747295379639,0.061054669320583344,0.055677857249975204,0.1269560009241104,0.22935326397418976,0.963420569896698
16.03196430001117,-0.5070173144340515,0.8353925347328186,0.0608244463801384,0.055959008634090424,0.12574812769889832,0.22991697490215302,0.9634283185005188
16.03625180000381,-0.5074959993362427,0.8351987600326538,0.060405950993299484,0.056133486330509186,0.12581944465637207,0.2286229431629181,0.9637168645858765
16.04028610000387,-0.5079938769340515,0.8350797891616821,0.06006376072764397,0.05626567080616951,0.12432485073804855,0.22929681837558746,0.9637430310249329
16.044585700001335,-0.508430004119873,0.834953248500824,0.05977560952305794,0.05691889300942421,0.12314395606517792,0.2285730242729187,0.9640281200408936
16.04878140000801,-0.5088510513305664,0.8347968459129333,0.059450455009937286,0.05743102356791496,0.12246289849281311,0.22824904322624207,0.9641612768173218
16.05276849999791,-0.5093308687210083,0.8346542716026306,0.05909636989235878,0.05673571676015854,0.12113957852125168,0.22839705646038055,0.9643345475196838
16.057170400003088,-0.5097593665122986,0.8345601558685303,0.05880528315901756,0.05627813935279846,0.12065578997135162,0.22901254892349243,0.9642760753631592
16.06402990000788,-0.5101204514503479,0.8343578577041626,0.05848482623696327,0.05392143502831459,0.11913033574819565,0.23055458068847656,0.964232861995697
16.06933170001139,-0.5109658241271973,0.8340386152267456,0.057788070291280746,0.054140444844961166,0.11810436844825745,0.23014339804649353,0.9644450545310974
16.073422900008154,-0.5113205909729004,0.8339172005653381,0.05750349164009094,0.05428659915924072,0.11733278632164001,0.2297186404466629,0.9646322727203369
16.077778500010027,-0.511707603931427,0.8337857723236084,0.05713868513703346,0.05595021694898605,0.11620544642210007,0.2292087972164154,0.964794933795929
16.081967899997835,-0.5120964646339417,0.8336436748504639,0.05682520195841789,0.055554263293743134,0.11544540524482727,0.22903060913085938,0.9649513959884644
16.086129700008314,-0.5124727487564087,0.8335946798324585,0.056556589901447296,0.05641882121562958,0.11515440791845322,0.2282366305589676,0.9651240110397339
16.090351200007717,-0.5128023028373718,0.833486795425415,0.05626330524682999,0.057215362787246704,0.11431959271430969,0.22784343361854553,0.9652692675590515
16.093962300001294,-0.5128023028373718,0.833486795425415,0.05626330524682999,0.057215362787246704,0.11431959271430969,0.22784343361854553,0.9652692675590515
16.098414799998864,-0.513129472732544,0.8333128094673157,0.05592954158782959,0.05597188323736191,0.11327389627695084,0.22916005551815033,0.9651538133621216
16.10241040000983,-0.5137373208999634,0.8331236243247986,0.05540585517883301,0.05601867660880089,0.11181367933750153,0.2295137643814087,0.9652373790740967
16.106922799997847,-0.5140271782875061,0.833013653755188,0.055105749517679214,0.056643515825271606,0.11188342422246933,0.22823156416416168,0.965496838092804
16.11116359999869,-0.5143096446990967,0.8329356908798218,0.05481152608990669,0.05610759183764458,0.11104898154735565,0.22859379649162292,0.9655386805534363
16.115621000004467,-0.5145779848098755,0.8328498005867004,0.05456472188234329,0.05658814311027527,0.11046137660741806,0.22805576026439667,0.9657053351402283
16.119838400001754,-0.5148558616638184,0.8327905535697937,0.054296866059303284,0.05644889920949936,0.10955188423395157,0.22838269174098969,0.9657397866249084
16.12362350001058,-0.5150900483131409,0.8327297568321228,0.05406036227941513,0.056189537048339844,0.10892514139413834,0.22835490107536316,0.9658324122428894
16.12775210000109,-0.5153435468673706,0.8326297402381897,0.05376061052083969,0.05657041072845459,0.108711376786232,0.22697466611862183,0.9661595225334167
16.13183790000039,-0.5155888199806213,0.8325361609458923,0.05349547788500786,0.056871090084314346,0.10825825482606888,0.22695042192935944,0.9661983847618103
16.13640220000525,-0.515839159488678,0.8324673175811768,0.0532306507229805,0.05697501078248024,0.10805283486843109,0.22734928131103516,0.96612149477005
16.141333200008376,-0.5160670280456543,0.8323900699615479,0.05297093838453293,0.056928932666778564,0.10699207335710526,0.22773493826389313,0.9661514759063721
16.144958500008215,-0.5162743330001831,0.8323419094085693,0.052743829786777496,0.05700157210230827,0.10650902986526489,0.22751107811927795,0.9662532806396484
16.148654900011024,-0.5164980888366699,0.832271933555603,0.052480340003967285,0.05739353969693184,0.10556215047836304,0.2273413985967636,0.9663739204406738
16.15317910000158,-0.516720175743103,0.8321958780288696,0.052211694419384,0.057145025581121445,0.10546466708183289,0.22722892463207245,0.9664257168769836
16.157178100009332,-0.5169320702552795,0.8321502208709717,0.05198812484741211,0.057231273502111435,0.1049862802028656,0.22681933641433716,0.9665688872337341
16.161621999999625,-0.5171288847923279,0.8321078419685364,0.05177227035164833,0.0570170134305954,0.1046178936958313,0.2269471436738968,0.9665915369987488
16.16516380000394,-0.5173090696334839,0.8320645093917847,0.05154695734381676,0.056569963693618774,0.10406006872653961,0.2272908240556717,0.966597318649292
16.169656099998974,-0.517472505569458,0.832024097442627,0.051360100507736206,0.05655597522854805,0.10354204475879669,0.22731125354766846,0.9666488766670227
16.174069300002884,-0.5176424980163574,0.831969141960144,0.051130976527929306,0.057525213807821274,0.10289159417152405,0.22678551077842712,0.9667845964431763
16.177637600005255,-0.5178051590919495,0.8319068551063538,0.05091511458158493,0.057287756353616714,0.10251768678426743,0.22701862454414368,0.9667838215827942
16.1820022000029,-0.5179712772369385,0.8318834900856018,0.050670135766267776,0.0574747659265995,0.10201059281826019,0.22754378616809845,0.9667028188705444
16.186010300007183,-0.5181360244750977,0.8318315148353577,0.05045705661177635,0.05722236633300781,0.10200575739145279,0.22699299454689026,0.9668477773666382
16.190416500001447,-0.5182803273200989,0.8318081498146057,0.05026130750775337,0.05704483389854431,0.10174340754747391,0.22726725041866302,0.9668214321136475
16.194541800010484,-0.5184435248374939,0.8317887187004089,0.050043489784002304,0.05683238059282303,0.10148430615663528,0.22734728455543518,0.9668424129486084
16.19896520000475,-0.5185745358467102,0.8317435383796692,0.04982950910925865,0.057589080184698105,0.10080799460411072,0.22689853608608246,0.9669737815856934
16.20325180000509,-0.5186803936958313,0.8317137956619263,0.04965217038989067,0.05794243514537811,0.10035860538482666,0.2267565131187439,0.967032790184021
16.20753890000924,-0.5188114643096924,0.8317065238952637,0.04948775842785835,0.057989928871393204,0.09997033327817917,0.22752752900123596,0.9668890833854675
16.21117390001018,-0.5189170241355896,0.8316830992698669,0.04929246008396149,0.05777537077665329,0.09959715604782104,0.22760221362113953,0.9669227600097656
16.215423100002226,-0.5190077424049377,0.8316600322723389,0.0491187609732151,0.057690657675266266,0.09946373105049133,0.22724175453186035,0.96702641248703
16.21932879999804,-0.5190997123718262,0.8316430449485779,0.04893815517425537,0.05759071186184883,0.09886365383863449,0.22761178016662598,0.9670068025588989
16.223495600002934,-0.5191900730133057,0.8316043019294739,0.04874007776379585,0.057235073298215866,0.09892141819000244,0.22722545266151428,0.9671129584312439
16.228066100011347,-0.5192868709564209,0.8315905332565308,0.04855241999030113,0.05704456567764282,0.09850260615348816,0.2273591011762619,0.9671354293823242
16.231911700000637,-0.5193735361099243,0.8315562605857849,0.04836774989962578,0.05671534687280655,0.09804368764162064,0.22782617807388306,0.9670915007591248
16.235922000007122,-0.5194492936134338,0.8315245509147644,0.04817449301481247,0.05703677609562874,0.09753955900669098,0.227712944149971,0.9671502709388733
16.240399300004356,-0.5195018649101257,0.83150714635849,0.048011861741542816,0.056946221739053726,0.09729944914579391,0.22792354226112366,0.9671302437782288
16.245455800002674,-0.5195518136024475,0.8314791917800903,0.047838713973760605,0.05688215792179108,0.09709230810403824,0.22809988260269165,0.9671132564544678
16.24906510001165,-0.5196065306663513,0.8314409852027893,0.04767467454075813,0.05682125687599182,0.0966218113899231,0.22850286960601807,0.9670687913894653
16.252730899999733,-0.5196435451507568,0.8314086198806763,0.04752252250909805,0.0566636398434639,0.09621323645114899,0.2287560999393463,0.9670589566230774
16.25698520000151,-0.5196717381477356,0.8313770294189453,0.047368407249450684,0.05686205253005028,0.09586962312459946,0.22890129685401917,0.9670470356941223
16.26117389999854,-0.5197015404701233,0.8313393592834473,0.04721999540925026,0.056974366307258606,0.0957517921924591,0.22878338396549225,0.9670800566673279
16.265396200004034,-0.5197199583053589,0.8313167691230774,0.04709563031792641,0.05680491402745247,0.09540273994207382,0.22895167768001556,0.9670845866203308
16.26933980001195,-0.5197197198867798,0.8312850594520569,0.04696045070886612,0.05690378695726395,0.09490503370761871,0.22928328812122345,0.9670491814613342
16.274473299999954,-0.5197235941886902,0.8312323689460754,0.04679669439792633,0.056573811918497086,0.09527944028377533,0.22851645946502686,0.9672132730484009
16.2793851000024,-0.5197247266769409,0.831220805644989,0.04665549099445343,0.0567273311316967,0.09506271779537201,0.22808657586574554,0.9673270583152771
16.282933700000285,-0.5197145342826843,0.8311789631843567,0.046518474817276,0.05717501416802406,0.09472169727087021,0.2278020679950714,0.9674012660980225
16.28633990000526,-0.5197073817253113,0.8311487436294556,0.04639677703380585,0.05733843520283699,0.09450119733810425,0.22761507332324982,0.967457115650177
16.29057830000238,-0.5196861624717712,0.831106960773468,0.04628124088048935,0.057209428399801254,0.09405989944934845,0.22803249955177307,0.9674094915390015
16.294379700004356,-0.5196654200553894,0.8310698866844177,0.046191491186618805,0.05738358944654465,0.09395921230316162,0.22781330347061157,0.967460572719574
16.302648000011686,-0.519598662853241,0.8309942483901978,0.0459953173995018,0.057908255606889725,0.09352832287549973,0.22737425565719604,0.9675742983818054
16.307151500004693,-0.5195781588554382,0.8309223651885986,0.04588780179619789,0.05750605836510658,0.09293608367443085,0.22817187011241913,0.9674676060676575
16.31124210001144,-0.5195295214653015,0.8308680653572083,0.04581374302506447,0.05756872519850731,0.09291170537471771,0.22819502651691437,0.9674608111381531
16.315271600004053,-0.5194748640060425,0.8308022618293762,0.04572106897830963,0.05755241960287094,0.09287785738706589,0.22783315181732178,0.9675503373146057
16.319432300006156,-0.5194315314292908,0.8307382464408875,0.04562491178512573,0.057243432849645615,0.09304536879062653,0.22829020023345947,0.9674447774887085
16.32353610001155,-0.5193303823471069,0.830643355846405,0.045558419078588486,0.0568569041788578,0.09281347692012787,0.2285282164812088,0.9674336910247803
16.32807070000854,-0.5192728638648987,0.8305676579475403,0.045482467859983444,0.05675370991230011,0.09274300187826157,0.2285793572664261,0.9674344062805176
16.33256790001178,-0.519221305847168,0.8304608464241028,0.04537549987435341,0.05659729987382889,0.09294774383306503,0.22819511592388153,0.9675145745277405
16.336255100002745,-0.5191568732261658,0.8303784728050232,0.04531008377671242,0.05675124004483223,0.09281058609485626,0.2283622771501541,0.9674793481826782
16.34038120000332,-0.5190904140472412,0.8302785158157349,0.045250795781612396,0.056776851415634155,0.09265492856502533,0.22851966321468353,0.9674555659294128
16.344321199998376,-0.5190244317054749,0.8301759958267212,0.045201461762189865,0.0564691424369812,0.09251883625984192,0.22857189178466797,0.9674742221832275
16.34859900000447,-0.5189560055732727,0.830073893070221,0.045163121074438095,0.056414924561977386,0.09242048114538193,0.228745236992836,0.9674458503723145
16.352614000003086,-0.5188775062561035,0.8299382328987122,0.04509728029370308,0.05656013637781143,0.09284036606550217,0.2282964289188385,0.9675031304359436
16.356838300009258,-0.5187946557998657,0.8297879695892334,0.04507845267653465,0.05754983425140381,0.09301000088453293,0.22812677919864655,0.9674685001373291
16.360902100001113,-0.5187071561813354,0.8296613693237305,0.04508505389094353,0.057676978409290314,0.09284183382987976,0.22799398005008698,0.9675084948539734
16.36509289999958,-0.5186154842376709,0.8294750452041626,0.04506891220808029,0.05581462010741234,0.09211380779743195,0.2310098558664322,0.9669716954231262
16.369816000005812,-0.5185214877128601,0.8293705582618713,0.045050542801618576,0.05623457953333855,0.09213972091674805,0.23087269067764282,0.9669777154922485
16.37382360000629,-0.5184110999107361,0.8292439579963684,0.04505861923098564,0.05660605430603027,0.09228666126728058,0.2311532199382782,0.9668749570846558
16.37825480000174,-0.5183027386665344,0.829136073589325,0.04506947472691536,0.05692952498793602,0.09232449531555176,0.23118172585964203,0.9668455123901367
16.38205040000321,-0.5181484222412109,0.8290207386016846,0.04506770893931389,0.05727852135896683,0.09237205237150192,0.2306743860244751,0.9669415950775146
16.38598570000613,-0.5180184245109558,0.8289236426353455,0.04508607089519501,0.05745813250541687,0.09246644377708435,0.23050622642040253,0.9669619798660278
16.39026850000664,-0.517874538898468,0.8288254737854004,0.04512239992618561,0.05770048126578331,0.09240766614675522,0.23008696734905243,0.9670530557632446
16.39426650000678,-0.5177137851715088,0.8287239670753479,0.04514433443546295,0.057754795998334885,0.09247829765081406,0.22976379096508026,0.9671198725700378
16.39856359999976,-0.5175381302833557,0.8286277651786804,0.0451975055038929,0.05800813063979149,0.09257631748914719,0.22914299368858337,0.9672425389289856
16.402702899998985,-0.5173702239990234,0.8285419940948486,0.045225054025650024,0.058217603713274,0.09274345636367798,0.22896036505699158,0.9672572612762451
16.40673840000818,-0.5171887278556824,0.8284754157066345,0.04526355117559433,0.0586489737033844,0.09295657277107239,0.22840872406959534,0.9673411250114441
16.41184549999889,-0.517016589641571,0.8283952474594116,0.04529455676674843,0.059122584760189056,0.09336217492818832,0.22809700667858124,0.9673467874526978
16.415664600004675,-0.516822099685669,0.8283127546310425,0.045340269804000854,0.059420451521873474,0.09392096102237701,0.22783370316028595,0.9673365354537964
16.419323100009933,-0.5166544914245605,0.8282410502433777,0.045362554490566254,0.05930328369140625,0.09419295191764832,0.2275885045528412,0.9673749208450317
16.423359100008383,-0.5164828896522522,0.8281568288803101,0.045387521386146545,0.05922457203269005,0.09445110708475113,0.2269648015499115,0.9675011038780212
16.428033900010632,-0.5163216590881348,0.8280757069587708,0.045392125844955444,0.058907605707645416,0.09446639567613602,0.22717009484767914,0.9674708843231201
16.432028700000956,-0.5161476135253906,0.8279973268508911,0.045413725078105927,0.05888678506016731,0.09490536153316498,0.22673176229000092,0.9675319194793701
16.43612420000136,-0.5159706473350525,0.8279134035110474,0.04545127600431442,0.058495450764894485,0.09499838203191757,0.2264062464237213,0.9676227569580078
16.440347200012184,-0.5157978534698486,0.8278478384017944,0.04548288509249687,0.05853455886244774,0.09491356462240219,0.22612349689006805,0.967694878578186
16.44448299999931,-0.5156286358833313,0.827770471572876,0.045504480600357056,0.05829308182001114,0.09507616609334946,0.2260427176952362,0.96771240234375
16.450851800007513,-0.5154341459274292,0.8277102112770081,0.045580778270959854,0.05815414711833,0.09526950120925903,0.22535715997219086,0.967861533164978
16.454571499998565,-0.5152595043182373,0.827659010887146,0.045640911906957626,0.05847639963030815,0.09530755877494812,0.22504155337810516,0.9679117798805237
16.45884720000322,-0.5150972008705139,0.827620267868042,0.04573226720094681,0.0583222359418869,0.0952039286494255,0.2261265069246292,0.967678427696228
16.463237000003573,-0.5149465799331665,0.8275191187858582,0.04581242799758911,0.059246718883514404,0.09515886008739471,0.2263231873512268,0.9675806760787964
16.467259600001853,-0.5147857666015625,0.8274685144424438,0.04586752504110336,0.05931426212191582,0.09550296515226364,0.22660315036773682,0.9674772024154663
16.471686900011264,-0.5146467685699463,0.8273952603340149,0.04592116177082062,0.0589393675327301,0.09551539272069931,0.22745218873023987,0.9672996401786804
16.475283200008562,-0.514500081539154,0.8273369669914246,0.045968685299158096,0.059027619659900665,0.09568840265274048,0.22758851945400238,0.9672451019287109
16.479404099998646,-0.5143225193023682,0.827290415763855,0.046025048941373825,0.05923781916499138,0.09579543769359589,0.22775721549987793,0.9671818614006042
16.482791200003703,-0.5141474008560181,0.8271982073783875,0.046059589833021164,0.05783586576581001,0.09532544016838074,0.2298911213874817,0.9668083190917969
16.487111800001003,-0.5139755010604858,0.827147364616394,0.04612063989043236,0.057537708431482315,0.09505221247673035,0.23016592860221863,0.966787576675415
16.490567000000738,-0.5138015747070312,0.8270977139472961,0.04619818180799484,0.05745320022106171,0.09520747512578964,0.23053358495235443,0.9666896462440491
16.49457030001213,-0.5136280059814453,0.8270553946495056,0.04625849798321724,0.057421281933784485,0.09521570056676865,0.2304748296737671,0.966704785823822
16.498458700007177,-0.513412356376648,0.8270149230957031,0.0463595986366272,0.05763397365808487,0.09550603479146957,0.22980034351348877,0.9668239951133728
16.503041700008907,-0.5132309794425964,0.8269796371459961,0.04642850533127785,0.05807656794786453,0.0961310863494873,0.2286214977502823,0.9670150279998779
16.507792000003974,-0.513058602809906,0.8269264101982117,0.04647750407457352,0.057906586676836014,0.09627476334571838,0.22843562066555023,0.9670548439025879
16.511551500007045,-0.5129011273384094,0.826892614364624,0.046527132391929626,0.0578150637447834,0.0963660478591919,0.22856326401233673,0.9670211672782898
16.515309700000216,-0.512740433216095,0.8268283009529114,0.046595532447099686,0.057649243623018265,0.09626809507608414,0.22855645418167114,0.9670423865318298
16.51941710000392,-0.5125983357429504,0.8267859220504761,0.046649787575006485,0.05760365352034569,0.09648677706718445,0.22870078682899475,0.9669891595840454
16.523682600003667,-0.5124369859695435,0.8267149329185486,0.04669351130723953,0.057775892317295074,0.09681268781423569,0.22908097505569458,0.9668563604354858
16.527850900005433,-0.5122750401496887,0.8266487717628479,0.04673827439546585,0.05790068954229355,0.09698528051376343,0.22887757420539856,0.9668797254562378
16.5319007000071,-0.5121253728866577,0.8265800476074219,0.04678688943386078,0.05795875936746597,0.09710858017206192,0.2290380299091339,0.9668259024620056
16.53654670000833,-0.5119655728340149,0.8264796733856201,0.04685089737176895,0.05837664008140564,0.09716907143592834,0.22873835265636444,0.966865599155426
16.540620800005854,-0.5117901563644409,0.8264050483703613,0.04694554954767227,0.05820241943001747,0.0974833145737648,0.22906333208084106,0.9667675495147705
16.545127700010198,-0.511627733707428,0.8263276219367981,0.04701557010412216,0.05787985026836395,0.09740466624498367,0.22953224182128906,0.9666836261749268
16.54933740000706,-0.5114644765853882,0.8262322545051575,0.04710729047656059,0.05781155079603195,0.0973658561706543,0.22975130379199982,0.9666396379470825
16.553018000005977,-0.5113191604614258,0.8261126279830933,0.0471515953540802,0.05765684321522713,0.09735633432865143,0.23048481345176697,0.9664751291275024
16.557283500005724,-0.51112961769104,0.8259822130203247,0.04721834883093834,0.05793658271431923,0.09736816585063934,0.23031176626682281,0.9664985537528992
16.561377400008496,-0.5109696984291077,0.8258475661277771,0.04727676883339882,0.05822562053799629,0.09761966019868851,0.22996363043785095,0.9665386080741882
16.56537950001075,-0.510814905166626,0.8257388472557068,0.04733492434024811,0.05814625322818756,0.0979945957660675,0.22982926666736603,0.9665374159812927
16.569532599998638,-0.5106420516967773,0.8255940079689026,0.04737608879804611,0.0583583228290081,0.09827956557273865,0.22914183139801025,0.966658890247345
16.5734744000074,-0.5104736089706421,0.825409471988678,0.047417052090168,0.05984589084982872,0.09878131002187729,0.2287466675043106,0.9666104316711426
16.57823910001025,-0.5103077292442322,0.8252496719360352,0.04746484011411667,0.059898171573877335,0.09888635575771332,0.2290303111076355,0.9665292501449585
16.582090100011555,-0.5101410746574402,0.8250065445899963,0.047517579048871994,0.05924263224005699,0.09847743064165115,0.23124662041664124,0.9660835862159729
16.58612490000087,-0.5099685788154602,0.8248575925827026,0.04759545624256134,0.05925564095377922,0.09836359322071075,0.23130078613758087,0.966081440448761
16.590230900008464,-0.5098068118095398,0.82468581199646,0.04765898361802101,0.05930241569876671,0.09836281836032867,0.23116125166416168,0.9661120772361755
16.594344299999648,-0.5096544027328491,0.8245086073875427,0.04771239683032036,0.059641219675540924,0.09849812835454941,0.23144716024398804,0.9660090208053589
16.59885999999824,-0.5094822645187378,0.8242927193641663,0.047786563634872437,0.059902090579271317,0.09838910400867462,0.23143482208251953,0.9660069346427917
16.60291080000752,-0.5093360543251038,0.8240618109703064,0.047859348356723785,0.06045865640044212,0.09885959327220917,0.23104336857795715,0.9660178422927856
16.606974499998614,-0.5091694593429565,0.8238240480422974,0.04793325439095497,0.06089891865849495,0.09870731085538864,0.23059725761413574,0.9661123752593994
16.611062199997832,-0.5090253353118896,0.8235746026039124,0.04799288138747215,0.06154860556125641,0.09890240430831909,0.22955508530139923,0.9662994742393494
16.616059100007988,-0.5088832974433899,0.8232645392417908,0.04804867506027222,0.06282532960176468,0.09908188134431839,0.2294491082429886,0.9662240147590637
16.619605900006718,-0.5087663531303406,0.822973370552063,0.048105388879776,0.0630769431591034,0.09925396740436554,0.23000381886959076,0.966058075428009
16.623560100008035,-0.5086137652397156,0.8226688504219055,0.04817463457584381,0.06290408223867416,0.09950175881385803,0.23043568432331085,0.9659409523010254
16.627654199997778,-0.5084664821624756,0.8222928047180176,0.048208754509687424,0.06179863214492798,0.09860708564519882,0.23346057534217834,0.9653775095939636
16.631858200009447,-0.5083087086677551,0.8219954371452332,0.04825012385845184,0.062246114015579224,0.09825095534324646,0.23374208807945251,0.9653169512748718
16.635804900011863,-0.5081598162651062,0.8216601014137268,0.04832977056503296,0.06358949840068817,0.09869537502527237,0.2329052835702896,0.9653863906860352
16.64022549999936,-0.5080134868621826,0.8212963342666626,0.048425812274217606,0.06461505591869354,0.09883667528629303,0.23251189291477203,0.9653986096382141
16.644668900000397,-0.507882833480835,0.8209052085876465,0.04846009984612465,0.06554387509822845,0.09860102087259293,0.23277057707309723,0.9652976989746094
16.64881470000546,-0.507765531539917,0.8205278515815735,0.04851147159934044,0.06623466312885284,0.09869607537984848,0.23270364105701447,0.9652570486068726
16.65273950000119,-0.5076377987861633,0.8201081156730652,0.04851417616009712,0.0660322830080986,0.09921876341104507,0.23249909281730652,0.9652665853500366
16.656741600003443,-0.5074682235717773,0.8196465969085693,0.04855065792798996,0.0649884045124054,0.09850174188613892,0.23354165256023407,0.9651591777801514
16.66177890000108,-0.5073250532150269,0.8192712068557739,0.04857974499464035,0.06649409979581833,0.09910967200994492,0.2331804484128952,0.9650817513465881
16.66566420000163,-0.5071893334388733,0.8188861608505249,0.04859629273414612,0.06790273636579514,0.09941484779119492,0.2322009652853012,0.9651884436607361
16.669376000005286,-0.5070598125457764,0.8184564709663391,0.04864716902375221,0.06796448677778244,0.09952086210250854,0.23258228600025177,0.9650812745094299
16.673439800011693,-0.5069010853767395,0.8180524706840515,0.04868410900235176,0.06863001734018326,0.0993526503443718,0.23261100053787231,0.9650446176528931
16.67751930000668,-0.5067287683486938,0.817646324634552,0.048739995807409286,0.06909473985433578,0.09924880415201187,0.2319098263978958,0.9651908874511719
16.68183940000017,-0.5065780878067017,0.8171632289886475,0.04875732585787773,0.06794113665819168,0.09905748814344406,0.2338472306728363,0.964824914932251
16.685878500007675,-0.5064313411712646,0.8167524337768555,0.04876593127846718,0.06890934705734253,0.09896533191204071,0.23369227349758148,0.9648032188415527
16.690844800003106,-0.5062819123268127,0.8163396120071411,0.04876062646508217,0.06963884085416794,0.09974181652069092,0.23195180296897888,0.9650909304618835
16.694427100010216,-0.50613933801651,0.815915584564209,0.048780299723148346,0.07070808857679367,0.09975194185972214,0.23110072314739227,0.9652162790298462
16.698495500007994,-0.5060098767280579,0.8155163526535034,0.04878156632184982,0.07165046036243439,0.10017473995685577,0.23088228702545166,0.9651552438735962
16.703173300003982,-0.5059040784835815,0.8150742650032043,0.04878050833940506,0.07163426280021667,0.09973299503326416,0.23148931562900543,0.965056836605072
16.70727220000117,-0.5057963728904724,0.8146250247955322,0.04878148436546326,0.07184188812971115,0.09943953156471252,0.2318541705608368,0.9649839997291565
16.711250600012136,-0.5057107210159302,0.8141276836395264,0.04877820611000061,0.07144079357385635,0.09889712929725647,0.23357969522476196,0.9646533727645874
16.71603120000509,-0.5056177377700806,0.8137227296829224,0.04880277439951897,0.07187459617853165,0.09905635565519333,0.23377390205860138,0.9645577073097229
16.723772900004406,-0.5054803490638733,0.8128736615180969,0.048797618597745895,0.07319597899913788,0.0997089073061943,0.23310913145542145,0.9645520448684692
16.72770980000496,-0.5054101943969727,0.8124185800552368,0.04875772446393967,0.07385668158531189,0.09900087118148804,0.23437263071537018,0.9642684459686279
16.73183410000638,-0.5053086876869202,0.8119886517524719,0.04874994605779648,0.07454389333724976,0.09930441528558731,0.23461522161960602,0.9641252756118774
16.736242600003607,-0.5052356123924255,0.811475932598114,0.04880780726671219,0.07429637014865875,0.09871173650026321,0.23594020307064056,0.9638819098472595
16.740831300005084,-0.5051614046096802,0.8110536336898804,0.04882292449474335,0.07506198436021805,0.09873699396848679,0.23593510687351227,0.963821291923523
16.745162400009576,-0.5050593018531799,0.8106896877288818,0.04886380210518837,0.07529523968696594,0.09849105030298233,0.23539003729820251,0.9639614224433899
16.748767700002645,-0.5049648284912109,0.8102763295173645,0.04887852072715759,0.07547584176063538,0.09881046414375305,0.23397625982761383,0.9642588496208191
16.75230210000882,-0.5049648284912109,0.8102763295173645,0.04887852072715759,0.07547584176063538,0.09881046414375305,0.23397625982761383,0.9642588496208191
16.75709490000736,-0.5047789216041565,0.8094666600227356,0.04882041737437248,0.07751353085041046,0.09835738688707352,0.2347773164510727,0.963948667049408
16.760983900006977,-0.5047109127044678,0.8090142011642456,0.04879642277956009,0.07739561051130295,0.0978604331612587,0.23590926826000214,0.9637323617935181
16.76517640000384,-0.5046136379241943,0.8086128234863281,0.04879999905824661,0.07807594537734985,0.09797559678554535,0.23554666340351105,0.9637545347213745
16.769537300002412,-0.5045148730278015,0.8082512021064758,0.04882566258311272,0.07833065837621689,0.09779512137174606,0.23463556170463562,0.9639743566513062
16.773607700000866,-0.5044274926185608,0.8078879714012146,0.04880290478467941,0.0785646140575409,0.09820212423801422,0.2334163635969162,0.9642099142074585
16.777823500000522,-0.5043485760688782,0.807518482208252,0.048810649663209915,0.07948225736618042,0.09801802784204483,0.2336069792509079,0.9641073346138
16.781917300002533,-0.504276692867279,0.8071478605270386,0.048788756132125854,0.0801260694861412,0.09842023253440857,0.23310239613056183,0.9641351103782654
16.786631700000726,-0.5041847825050354,0.8067704439163208,0.04874080419540405,0.08055141568183899,0.0982116162776947,0.23382724821567535,0.9639454483985901
16.790537100008805,-0.5041138529777527,0.8063636422157288,0.04870970547199249,0.0813087597489357,0.09786403924226761,0.23370806872844696,0.9639461040496826
16.794339100000798,-0.5040588974952698,0.8059760332107544,0.04869008809328079,0.08128786832094193,0.09757408499717712,0.2337336242198944,0.9639710187911987
16.79857450000418,-0.5040008425712585,0.8056203126907349,0.04865274205803871,0.0810605138540268,0.09738333523273468,0.2344525158405304,0.9638349413871765
16.802649500008556,-0.5039241313934326,0.8052422404289246,0.04863549768924713,0.08157002180814743,0.09734947234392166,0.2338644117116928,0.9639382362365723
16.80694010001025,-0.5038845539093018,0.8048681616783142,0.04867411404848099,0.08269315958023071,0.09684452414512634,0.2338647097349167,0.9638932943344116
16.81089740000607,-0.5038537383079529,0.8045076727867126,0.048671260476112366,0.08366785198450089,0.09670882672071457,0.23373426496982574,0.9638544321060181
16.815162099999725,-0.5038233995437622,0.8041090369224548,0.048618655651807785,0.08341862261295319,0.09666690230369568,0.23391011357307434,0.9638375639915466
16.81958830000076,-0.5037885904312134,0.8037564754486084,0.04859638214111328,0.08366724103689194,0.09636878222227097,0.23441049456596375,0.9637243151664734
16.823460700004944,-0.5037422180175781,0.8034161329269409,0.04855542629957199,0.0840267464518547,0.09640858322381973,0.23367488384246826,0.9638677835464478
16.827702700000373,-0.5037110447883606,0.8030430674552917,0.04850051924586296,0.08425835520029068,0.09600985050201416,0.23407067358493805,0.9637913107872009
16.83190900000045,-0.503669261932373,0.8027238845825195,0.048473045229911804,0.08455722779035568,0.09576591104269028,0.23434607684612274,0.9637224078178406
16.836119400002644,-0.5036396980285645,0.8024032711982727,0.04844720661640167,0.08506482094526291,0.09572739154100418,0.2337438464164734,0.9638278484344482
16.840267400009907,-0.5036030411720276,0.8021164536476135,0.04845277965068817,0.0854586511850357,0.09583058208227158,0.2338503897190094,0.9637568593025208
16.84425990001182,-0.503574013710022,0.8018498420715332,0.04844192788004875,0.08613579720258713,0.0957903265953064,0.2336241602897644,0.9637554883956909
16.84900450000714,-0.5035632848739624,0.8015224933624268,0.04840224236249924,0.08562438189983368,0.09559323638677597,0.23420113325119019,0.9636805653572083
16.852731200007838,-0.5035180449485779,0.8011987209320068,0.04840506613254547,0.08585099130868912,0.09514030814170837,0.23412221670150757,0.9637244939804077
16.85687250000774,-0.5034990310668945,0.8008818030357361,0.048348747193813324,0.08618190139532089,0.09499531239271164,0.23459561169147491,0.9635940194129944
16.861217900004704,-0.5034535527229309,0.8006060123443604,0.04833462834358215,0.08703596144914627,0.09508631378412247,0.23364701867103577,0.9637387990951538
16.865327400009846,-0.5034350752830505,0.8003127574920654,0.04830815643072128,0.08700589090585709,0.09479057788848877,0.23370233178138733,0.9637572765350342
16.86904140000115,-0.5034350752830505,0.8003127574920654,0.04830815643072128,0.08700589090585709,0.09479057788848877,0.23370233178138733,0.9637572765350342
16.873070100002224,-0.5033866763114929,0.7998015880584717,0.048270631581544876,0.08783984929323196,0.09489937871694565,0.2331547886133194,0.9638034701347351
16.877652299997862,-0.5033430457115173,0.7995464205741882,0.04826924204826355,0.0882774293422699,0.09486296772956848,0.2327427864074707,0.9638667106628418
16.881921899999725,-0.5033236742019653,0.7993173003196716,0.04827061668038368,0.08884464204311371,0.0948663130402565,0.232577383518219,0.963854193687439
16.885992900002748,-0.5033213496208191,0.7990676164627075,0.048240695148706436,0.0888843834400177,0.09432706236839294,0.2333281934261322,0.9637219905853271
16.89051740001014,-0.5033136606216431,0.798818826675415,0.048194341361522675,0.08898986130952835,0.09470126032829285,0.23301587998867035,0.9637510776519775
16.89433860000281,-0.5033069252967834,0.7985669374465942,0.048143282532691956,0.09018944203853607,0.09461238980293274,0.2329317033290863,0.9636685848236084
16.898590600001626,-0.5033131837844849,0.7983259558677673,0.0481274351477623,0.09040915966033936,0.09445951879024506,0.23332922160625458,0.9635668992996216
16.90269280000939,-0.503288984298706,0.7980920672416687,0.04812870919704437,0.09049798548221588,0.09397296607494354,0.2332403063774109,0.9636276364326477
16.90694380000059,-0.5033010244369507,0.7978864908218384,0.04811496287584305,0.09047650545835495,0.0939822867512703,0.23302093148231506,0.9636818766593933
16.91106209999998,-0.5033116936683655,0.797697901725769,0.04809964820742607,0.09060154855251312,0.0940103679895401,0.23278971016407013,0.9637231826782227
16.91504310000164,-0.5033243298530579,0.797478973865509,0.0480898842215538,0.0904177650809288,0.09391940385103226,0.2334776520729065,0.9635829329490662
16.919212799999514,-0.5033395886421204,0.7972906231880188,0.048061951994895935,0.09064080566167831,0.09417029470205307,0.23271684348583221,0.963721513748169
16.923624600007315,-0.5033520460128784,0.797124445438385,0.04803915694355965,0.09106148779392242,0.09397431463003159,0.23282591998577118,0.9636746048927307
16.927667399999336,-0.5033636689186096,0.7969403862953186,0.047988299280405045,0.09122321754693985,0.09352704882621765,0.23342721164226532,0.9635573625564575
16.931949400008307,-0.5033794641494751,0.796746015548706,0.047954920679330826,0.09257052838802338,0.09346085041761398,0.23326970636844635,0.9634734988212585
16.936619000000064,-0.503404438495636,0.7965712547302246,0.047932978719472885,0.09291727840900421,0.09311951696872711,0.2335645705461502,0.9634016752243042
16.94429320000927,-0.5034485459327698,0.7962234616279602,0.04786406457424164,0.09319596737623215,0.09306737035512924,0.23257455229759216,0.9636192321777344
16.948430900010862,-0.5034763216972351,0.7960834503173828,0.04784645140171051,0.09346486628055573,0.0929662436246872,0.2324114590883255,0.9636423587799072
16.95285650000733,-0.5035057067871094,0.7959756255149841,0.047828253358602524,0.09360191971063614,0.09302286803722382,0.23225930333137512,0.9636602997779846
16.956874700001208,-0.5035296678543091,0.7958679795265198,0.04781033471226692,0.0937754437327385,0.09304596483707428,0.23202845454216003,0.9636967182159424
16.96104180000839,-0.5035533905029297,0.7957582473754883,0.04779355600476265,0.0938321202993393,0.0930199921131134,0.23179534077644348,0.963749885559082
16.96524460001092,-0.5035756826400757,0.7956556081771851,0.04778192564845085,0.09397277981042862,0.09295403212308884,0.23185063898563385,0.9637292623519897
16.969743699999526,-0.50360506772995,0.7955573797225952,0.04776403307914734,0.09388632327318192,0.09297496825456619,0.2316325306892395,0.9637880921363831
16.97415780001029,-0.5036351084709167,0.795453667640686,0.047749169170856476,0.09403269737958908,0.09302270412445068,0.2315068542957306,0.9637993574142456
16.97808790000272,-0.5036648511886597,0.7953656315803528,0.047737762331962585,0.09399403631687164,0.09296771138906479,0.23143066465854645,0.9638267159461975
16.982412400000612,-0.5037012100219727,0.7952648401260376,0.04773706942796707,0.09414456784725189,0.09293841570615768,0.23130516707897186,0.9638450145721436
16.98613760000444,-0.5037506818771362,0.7951660752296448,0.047714024782180786,0.09416626393795013,0.09343238919973373,0.23089681565761566,0.9638930559158325
16.99019730000873,-0.5037882924079895,0.7950530052185059,0.04768463969230652,0.09431055188179016,0.09320825338363647,0.23099346458911896,0.9638774394989014
16.998224900002242,-0.5038843750953674,0.7949038743972778,0.047646477818489075,0.09420803934335709,0.09306682646274567,0.23192031681537628,0.9636785387992859
17.00253430000157,-0.5039283037185669,0.7948410511016846,0.047638192772865295,0.09431453794240952,0.09294784069061279,0.23187370598316193,0.9636908769607544
17.00657470000442,-0.5039759278297424,0.794770359992981,0.0476369671523571,0.09470441192388535,0.09282875806093216,0.2317289113998413,0.9636989235877991
17.010764200007543,-0.5040028691291809,0.7946993112564087,0.04765302687883377,0.09487336874008179,0.09253326058387756,0.2312810868024826,0.9638183116912842
17.015538500010734,-0.5040624141693115,0.7946426272392273,0.04766179248690605,0.09480813145637512,0.09230339527130127,0.23120151460170746,0.9638658165931702
17.019747800004552,-0.504120409488678,0.7945815920829773,0.0476633720099926,0.0948759987950325,0.09234356880187988,0.23090970516204834,0.963925302028656
17.027708000008715,-0.5042530298233032,0.7944765090942383,0.04764528200030327,0.09465058892965317,0.09240275621414185,0.2312098890542984,0.9638698101043701
17.031807799998205,-0.5043094158172607,0.7944311499595642,0.04764200374484062,0.09439115226268768,0.09226015955209732,0.23147805035114288,0.9638445377349854
17.03592860000208,-0.5043689608573914,0.7944024801254272,0.047639500349760056,0.09442269802093506,0.09218822419643402,0.23147103190422058,0.9638500809669495
17.04007950000232,-0.5044322609901428,0.7943695187568665,0.047635629773139954,0.09443726390600204,0.09208322316408157,0.2314235270023346,0.963870108127594
17.044861500005936,-0.5045080780982971,0.7943477630615234,0.04764915630221367,0.09483437985181808,0.09227455407381058,0.23085510730743408,0.9639490842819214
17.048962800006848,-0.5045905709266663,0.7943201661109924,0.047654833644628525,0.09454648941755295,0.09208796173334122,0.2309952825307846,0.9639616012573242
17.052640699999756,-0.5046672224998474,0.7943010330200195,0.04766634851694107,0.09445188194513321,0.0919218510389328,0.23109525442123413,0.9639628529548645
17.056946400000015,-0.5047571063041687,0.7942787408828735,0.04766599461436272,0.09417219460010529,0.09157636016607285,0.231383815407753,0.9639538526535034
17.061190400010673,-0.504847526550293,0.7942553162574768,0.047669269144535065,0.0941362977027893,0.09137079119682312,0.2314324826002121,0.9639651775360107
17.065235500005656,-0.5049354434013367,0.7942432165145874,0.04767599701881409,0.09436357021331787,0.09130191057920456,0.2315567582845688,0.9639196395874023
17.069480500009377,-0.5050269365310669,0.794223964214325,0.04768539220094681,0.0942474752664566,0.09115637093782425,0.2318507879972458,0.963874101638794
17.073661600006744,-0.5051200985908508,0.7942144870758057,0.04769744724035263,0.09430483728647232,0.09113269299268723,0.23186273872852325,0.9638677835464478
17.079284500010544,-0.5052030682563782,0.7941948771476746,0.04770851880311966,0.09413803368806839,0.09095320105552673,0.23200054466724396,0.9638679027557373
17.082752800008166,-0.5053072571754456,0.7941933870315552,0.047706764191389084,0.09413733333349228,0.0908307284116745,0.23180939257144928,0.9639254808425903
17.086214100010693,-0.5054157972335815,0.7941647171974182,0.04771081358194351,0.09400023519992828,0.09084375202655792,0.23203220963478088,0.9638840556144714
17.09041060000891,-0.5054959654808044,0.7941653728485107,0.04771933704614639,0.09398209303617477,0.09079481661319733,0.23204535245895386,0.9638872742652893
17.094338399998378,-0.5055710077285767,0.7941619157791138,0.04773372784256935,0.0938916802406311,0.09073494374752045,0.23197981715202332,0.9639174342155457
17.098595100003877,-0.5056436061859131,0.7941563725471497,0.04773383587598801,0.09381848573684692,0.09064061939716339,0.23184724152088165,0.9639653563499451
17.102567100009765,-0.5057149529457092,0.7941465973854065,0.04775049909949303,0.09399683028459549,0.09065599739551544,0.23145979642868042,0.9640397429466248
17.10691940000106,-0.5058034062385559,0.7941476702690125,0.04776864871382713,0.09375791251659393,0.09051480144262314,0.23126837611198425,0.9641221761703491
17.11099090000789,-0.505882740020752,0.7941552996635437,0.04777665436267853,0.09365380555391312,0.09052429348230362,0.23101806640625,0.9641914367675781
17.115046500010067,-0.5059738755226135,0.7941709160804749,0.04779937490820885,0.09366434067487717,0.09037629514932632,0.2312076985836029,0.964158833026886
17.1195269000018,-0.5060548186302185,0.7941820025444031,0.04781435430049896,0.09377789497375488,0.09042049199342728,0.2309350073337555,0.9642089009284973
17.12297560001025,-0.5060548186302185,0.7941820025444031,0.04781435430049896,0.09377789497375488,0.09042049199342728,0.2309350073337555,0.9642089009284973
17.12821239999903,-0.506280779838562,0.79422527551651,0.047845009714365005,0.093714639544487,0.09067338705062866,0.23089176416397095,0.9642017483711243
17.13246780000918,-0.5063753128051758,0.7942368388175964,0.04785256087779999,0.09393248707056046,0.09081555157899857,0.23074980080127716,0.9642011523246765
17.136387999998988,-0.5064782500267029,0.7942528128623962,0.047863420099020004,0.09402670711278915,0.09089614450931549,0.2306031733751297,0.9642194509506226
17.14627399999881,-0.5066773295402527,0.7942788004875183,0.04782871901988983,0.09495171159505844,0.09079818427562714,0.2298349291086197,0.9643214344978333
17.153088300008676,-0.506902813911438,0.7943334579467773,0.04782304912805557,0.0943947434425354,0.09035243839025497,0.2306114137172699,0.9642326235771179
17.156878100009635,-0.5070130825042725,0.7943345904350281,0.04780406132340431,0.09432139247655869,0.0905858650803566,0.23038239777088165,0.964272677898407
17.163589400006458,-0.507117509841919,0.7943500876426697,0.047806862741708755,0.09453405439853668,0.09029781073331833,0.2300129234790802,0.9643669724464417
17.16732680000132,-0.5072138905525208,0.7943674325942993,0.047803424298763275,0.09434647113084793,0.09009507298469543,0.2301819920539856,0.9643639922142029
17.1711648000055,-0.5073128342628479,0.7943909168243408,0.047808676958084106,0.094020314514637,0.08998928219079971,0.23032350838184357,0.9643719792366028
17.175021600007312,-0.5074106454849243,0.7944182753562927,0.04780950769782066,0.09390473365783691,0.08983062207698822,0.23020806908607483,0.9644255042076111
17.178430500003742,-0.5075133442878723,0.7944494485855103,0.0478246733546257,0.09326264262199402,0.08955211937427521,0.23055611550807953,0.9644306302070618
17.182449100000667,-0.5076305270195007,0.7944833040237427,0.04783274978399277,0.09294649213552475,0.08937100321054459,0.23045161366462708,0.9645029306411743
17.18638890000875,-0.5077515244483948,0.7945154309272766,0.047829415649175644,0.0931902676820755,0.08917398750782013,0.23035530745983124,0.9645206928253174
17.190413400006946,-0.5078474879264832,0.7945332527160645,0.0478195920586586,0.09248996526002884,0.08874471485614777,0.23114246129989624,0.9644392728805542
17.19487430001027,-0.5079457759857178,0.7945759892463684,0.04785598814487457,0.09260477870702744,0.08832938969135284,0.23171883821487427,0.9643280506134033
17.198689299999387,-0.5080384016036987,0.794613242149353,0.047873154282569885,0.09277261048555374,0.08846940100193024,0.23122966289520264,0.9644165635108948
17.202849599998444,-0.5081261396408081,0.7946385145187378,0.04788224399089813,0.09280279278755188,0.0883992612361908,0.23092924058437347,0.9644920825958252
17.20719729999837,-0.5082182288169861,0.7946693897247314,0.04789632186293602,0.0928896889090538,0.08845216035842896,0.23066990077495575,0.9645408391952515
17.21313230000669,-0.508313775062561,0.7947062253952026,0.04790397733449936,0.093232661485672,0.08855576068162918,0.23013868927955627,0.9646251797676086
17.218004900001688,-0.5084007382392883,0.7947353720664978,0.04790986701846123,0.09334783256053925,0.08851777017116547,0.22997210919857025,0.9646573066711426
17.224135199998273,-0.5086052417755127,0.7947818040847778,0.04790002107620239,0.09329342097043991,0.08881393820047379,0.22989709675312042,0.9646531939506531
17.228973999997834,-0.5087157487869263,0.794804573059082,0.04787859320640564,0.09331943094730377,0.08874033391475677,0.2295622080564499,0.9647371768951416
17.23271170000953,-0.5088121891021729,0.7948338985443115,0.047860413789749146,0.09323237836360931,0.08860468119382858,0.22933462262153625,0.9648122191429138
17.23714490000566,-0.5089105367660522,0.7948735952377319,0.047863803803920746,0.09312719851732254,0.08845678716897964,0.22941453754901886,0.9648169875144958
17.24087760000839,-0.5090202689170837,0.7949016094207764,0.04784635454416275,0.09336472302675247,0.0887061282992363,0.22886547446250916,0.9649014472961426
17.244663300007232,-0.509121835231781,0.7949298024177551,0.04783182963728905,0.0931553840637207,0.08862423896789551,0.2288060486316681,0.9649434089660645
17.248653500006185,-0.5092324614524841,0.7949717044830322,0.04781624674797058,0.09295475482940674,0.08822609484195709,0.22867342829704285,0.9650306701660156
17.252705000006245,-0.5093293190002441,0.795005738735199,0.04781556501984596,0.09274131804704666,0.08804518729448318,0.22877110540866852,0.9650444984436035
17.257153400001698,-0.509429395198822,0.7950483560562134,0.04781736433506012,0.0924430638551712,0.0879470556974411,0.22856277227401733,0.9651314616203308
17.261185299998033,-0.5095312595367432,0.7950913310050964,0.047810208052396774,0.09203408658504486,0.08756040781736374,0.22922752797603607,0.96504807472229
17.26542789999803,-0.5096292495727539,0.7951281666755676,0.04780551418662071,0.09202732890844345,0.08743230253458023,0.2291025072336197,0.9650900363922119
17.26940740000282,-0.5097600817680359,0.795157790184021,0.047800980508327484,0.09198969602584839,0.08725792914628983,0.22913892567157745,0.9651007056236267
17.273517200010247,-0.5098496675491333,0.7951860427856445,0.047783080488443375,0.09181780368089676,0.08711705356836319,0.22937363386154175,0.9650740623474121
17.277826000005007,-0.5099504590034485,0.795208215713501,0.04775633662939072,0.09173258394002914,0.08694268763065338,0.22963328659534454,0.9650360941886902
17.281829200001084,-0.5100541710853577,0.7952529191970825,0.04776038974523544,0.0916312038898468,0.08646085858345032,0.23026297986507416,0.9649389386177063
17.286292600008892,-0.5101368427276611,0.7952889800071716,0.04774361476302147,0.09156899154186249,0.08634833991527557,0.23020195960998535,0.9649695754051208
17.291700700006913,-0.5102335810661316,0.7953381538391113,0.04774221405386925,0.0915839746594429,0.08622142672538757,0.23077555000782013,0.9648424983024597
17.295085400008247,-0.5103167295455933,0.7953814268112183,0.0477280430495739,0.09175940603017807,0.08610382676124573,0.23082083463668823,0.9648253917694092
17.299061300000176,-0.5104025602340698,0.7954298257827759,0.047722019255161285,0.09180799871683121,0.0860133245587349,0.23082779347896576,0.9648271799087524
17.302628700010246,-0.510481595993042,0.7954844236373901,0.04771183431148529,0.0918111577630043,0.08581146597862244,0.23091822862625122,0.964823305606842
17.306758800012176,-0.5105652809143066,0.7955332398414612,0.047709234058856964,0.09184558689594269,0.0859043151140213,0.23087388277053833,0.9648222923278809
17.310966500008362,-0.5106492638587952,0.7955878973007202,0.047700829803943634,0.09174497425556183,0.08565337210893631,0.2308095395565033,0.9648696780204773
17.31507500000589,-0.5107215642929077,0.7956371307373047,0.047667551785707474,0.09181887656450272,0.08539466559886932,0.23088660836219788,0.9648670554161072
17.31951110000955,-0.5108156800270081,0.7956947088241577,0.04765123128890991,0.0914611667394638,0.08543913066387177,0.23160824179649353,0.9647241234779358
17.323492900002748,-0.5108754634857178,0.79576575756073,0.04764323681592941,0.09127726405858994,0.08553333580493927,0.23102863132953644,0.9648722410202026
17.327615400005016,-0.5109224915504456,0.7958402633666992,0.04760844260454178,0.09074662625789642,0.08538540452718735,0.23138542473316193,0.9648498296737671
17.331703000003472,-0.5109724402427673,0.7958889603614807,0.04757676273584366,0.09042266011238098,0.08525075763463974,0.231379434466362,0.9648935794830322
17.33595090000017,-0.5110289454460144,0.7959316372871399,0.04753649979829788,0.09044809639453888,0.08496175706386566,0.2311149537563324,0.9649801254272461
17.340148400006,-0.5110697746276855,0.795977771282196,0.0475100539624691,0.08995547890663147,0.0848601758480072,0.23136737942695618,0.964974582195282
17.344186700007413,-0.5111220479011536,0.7960266470909119,0.04748702794313431,0.08943574130535126,0.08488354831933975,0.23152607679367065,0.964982807636261
17.348505400004797,-0.5111477375030518,0.796075165271759,0.04743895307183266,0.08896231651306152,0.08477804064750671,0.2314850389957428,0.9650456309318542
17.35268609999912,-0.5111995935440063,0.796107828617096,0.04740319401025772,0.08879564702510834,0.08490611612796783,0.23150070011615753,0.9650459885597229
17.356917299999623,-0.5112494826316833,0.7961428761482239,0.04737988859415054,0.08858736604452133,0.08469341695308685,0.23170603811740875,0.965034544467926
17.36095010000281,-0.5112969875335693,0.7961751818656921,0.04735855385661125,0.08851456642150879,0.08466514199972153,0.23178988695144653,0.9650235176086426
17.365117800000007,-0.5113786458969116,0.7961819767951965,0.047291100025177,0.08810614049434662,0.08525463193655014,0.23182301223278046,0.965001106262207
17.369543599997996,-0.5114259123802185,0.7962373495101929,0.04729921743273735,0.08816704899072647,0.08465669304132462,0.23279410600662231,0.964814305305481
17.374007800011896,-0.5114718675613403,0.796274721622467,0.04727604240179062,0.08777889609336853,0.08446531742811203,0.23293305933475494,0.9648329615592957
17.377781900009722,-0.5115194916725159,0.7963005900382996,0.04725959151983261,0.08787893503904343,0.08446604758501053,0.23273520171642303,0.9648715853691101
17.382840400008718,-0.5115721225738525,0.7963060736656189,0.04721721634268761,0.08763419836759567,0.08488547056913376,0.23210400342941284,0.9650090932846069
17.386289000001852,-0.5116178393363953,0.7963316440582275,0.04719888046383858,0.08759218454360962,0.08489479869604111,0.23209655284881592,0.965013861656189
17.39035300000978,-0.5116605162620544,0.7963540554046631,0.04718965291976929,0.0875624567270279,0.08478819578886032,0.23220224678516388,0.9650004506111145
17.394716800001333,-0.5117188692092896,0.7963608503341675,0.04716432839632034,0.08745693415403366,0.08476214855909348,0.23233480751514435,0.9649804830551147
17.39879840001231,-0.5117572546005249,0.7963833808898926,0.04715162143111229,0.08751872926950455,0.08476454019546509,0.23230694234371185,0.9649813771247864
17.403192199999467,-0.5118061900138855,0.7964059710502625,0.047144196927547455,0.08737058192491531,0.08457746356725693,0.2321714460849762,0.9650437235832214
17.40701799999806,-0.5118314027786255,0.7964276671409607,0.047120824456214905,0.08730357140302658,0.08440426737070084,0.23224671185016632,0.9650469422340393
17.411127800005488,-0.5118656158447266,0.7964452505111694,0.04710431396961212,0.08715034276247025,0.08432196080684662,0.23205579817295074,0.9651139378547668
17.415199900002335,-0.5118985772132874,0.7964580655097961,0.04708236828446388,0.08704491704702377,0.08413843810558319,0.23212039470672607,0.9651238918304443
17.419280300004175,-0.5119204521179199,0.7964832782745361,0.047066010534763336,0.08712005615234375,0.08401825278997421,0.23191218078136444,0.9651776552200317
17.42356560000917,-0.511958122253418,0.7964974045753479,0.04705186188220978,0.0871301144361496,0.08399907499551773,0.23179693520069122,0.9652060866355896
17.427724400011357,-0.5119879245758057,0.7965230941772461,0.0470346100628376,0.08699610084295273,0.08386976271867752,0.23183679580688477,0.9652198553085327
17.43752669999958,-0.5120735168457031,0.7965693473815918,0.046995457261800766,0.08712582290172577,0.08360966295003891,0.2312605082988739,0.965368926525116
17.441053000002285,-0.5121045112609863,0.7965797185897827,0.046984218060970306,0.08710777014493942,0.0835319310426712,0.23126225173473358,0.9653769135475159
17.444975500009605,-0.5121290683746338,0.7965986728668213,0.046980176120996475,0.0869477316737175,0.08339552581310272,0.2313842922449112,0.9653738141059875
17.44858130000648,-0.5121509432792664,0.7966119647026062,0.046981409192085266,0.08688261359930038,0.08327366411685944,0.23140078783035278,0.9653862714767456
17.45433530000446,-0.5121738314628601,0.796626091003418,0.04697653278708458,0.08690819144248962,0.08314204961061478,0.23134544491767883,0.9654085636138916
17.457962600004976,-0.5121938586235046,0.7966405749320984,0.04696729779243469,0.086772620677948,0.0829322338104248,0.2312614619731903,0.9654589295387268
17.461611400009133,-0.5122012495994568,0.796646773815155,0.0469629168510437,0.0869142934679985,0.08292580395936966,0.23119528591632843,0.9654625654220581
17.46495860000141,-0.5122012495994568,0.796646773815155,0.0469629168510437,0.0869142934679985,0.08292580395936966,0.23119528591632843,0.9654625654220581
17.469266200001584,-0.512239933013916,0.7966704964637756,0.04695698991417885,0.08663123100996017,0.08249611407518387,0.2312551736831665,0.9655104875564575
17.47346200000902,-0.5122562050819397,0.7966809868812561,0.04695289209485054,0.08663809299468994,0.08242078870534897,0.2312546968460083,0.9655163884162903
17.486112900005537,-0.5123069286346436,0.7967164516448975,0.046961016952991486,0.08675286173820496,0.08220603317022324,0.23114237189292908,0.9655513763427734
17.49104740000621,-0.5123274922370911,0.7967260479927063,0.046968087553977966,0.08670200407505035,0.08218632638454437,0.23118862509727478,0.9655464887619019
17.494507000010344,-0.5123494863510132,0.7967399954795837,0.046971626579761505,0.08682256191968918,0.0821368470788002,0.23104627430438995,0.9655739665031433
17.498531300007016,-0.5123777985572815,0.7967517971992493,0.04698042571544647,0.08681222796440125,0.08200348168611526,0.23116230964660645,0.9655584692955017
17.502620400002343,-0.5123976469039917,0.7967872023582458,0.04701174050569534,0.08688800781965256,0.08140712231397629,0.23177027702331543,0.9654563665390015
17.506786300000385,-0.5124468207359314,0.7967994213104248,0.04699816182255745,0.08677908778190613,0.0817214772105217,0.23165203630924225,0.9654679298400879
17.510927499999525,-0.5124698877334595,0.7968454360961914,0.04702673479914665,0.08726484328508377,0.08131540566682816,0.23167088627815247,0.9654539227485657
17.515076200012118,-0.5125147104263306,0.7968491911888123,0.047034598886966705,0.08712742477655411,0.08066137135028839,0.2325219213962555,0.9653165936470032
17.519539700006135,-0.5125533938407898,0.7968394160270691,0.047009486705064774,0.08686264604330063,0.08117388933897018,0.2319904863834381,0.9654253721237183
17.523517800000263,-0.5125678777694702,0.7968676090240479,0.04703862592577934,0.08707281202077866,0.08056853711605072,0.23270949721336365,0.9652840495109558
17.528033300011884,-0.512596607208252,0.7968770265579224,0.04704613238573074,0.08693736046552658,0.0804191380739212,0.23295599222183228,0.9652493000030518
17.531922400012263,-0.5126215815544128,0.796892523765564,0.04704749956727028,0.08733732253313065,0.0805235207080841,0.23235811293125153,0.9653486013412476
17.536361700011184,-0.5126512050628662,0.7969086766242981,0.04705511033535004,0.08748586475849152,0.0804879367351532,0.23238542675971985,0.9653316140174866
17.544383300002664,-0.5127182602882385,0.7969322800636292,0.0470728725194931,0.08771362155675888,0.08053354173898697,0.23247696459293365,0.965285062789917
17.548509100000956,-0.5127409100532532,0.7969347238540649,0.047085899859666824,0.08767541497945786,0.08038567751646042,0.23266854882240295,0.9652547240257263
17.552525400009472,-0.5127685070037842,0.7969525456428528,0.04709508642554283,0.08770367503166199,0.08036360144615173,0.2326606661081314,0.965255856513977
17.55733730000793,-0.5127958655357361,0.7969602346420288,0.04710841178894043,0.08761649578809738,0.080246701836586,0.23277203738689423,0.9652466177940369
17.561147600004915,-0.512818455696106,0.7969783544540405,0.047117408365011215,0.08757364749908447,0.08011718839406967,0.23287634551525116,0.9652360677719116
17.56513730000006,-0.5128483772277832,0.7969704866409302,0.047138262540102005,0.08784715086221695,0.08007994294166565,0.2329566925764084,0.9651950001716614
17.569920100009767,-0.5128716230392456,0.7969875335693359,0.047152016311883926,0.0877145379781723,0.07996924966573715,0.23304636776447296,0.9651945233345032
17.57375160000811,-0.5128900408744812,0.7970039248466492,0.04717453569173813,0.08762679994106293,0.07982773333787918,0.2329830676317215,0.9652295112609863
17.577833400006057,-0.5129026770591736,0.7970185875892639,0.04718884080648422,0.08754806965589523,0.07979254424571991,0.23298117518424988,0.9652400612831116
17.581925500009675,-0.5129090547561646,0.7970439791679382,0.04720638319849968,0.08741097897291183,0.07974249869585037,0.23286011815071106,0.9652858376502991
17.586063100010506,-0.5129171013832092,0.7970598340034485,0.047224342823028564,0.08742822706699371,0.07980143278837204,0.2326732575893402,0.9653244018554688
17.5911216000095,-0.5129185318946838,0.7970816493034363,0.04724660515785217,0.08754882216453552,0.07970080524682999,0.23242458701133728,0.9653816819190979
17.594590900000185,-0.5129354000091553,0.7970883846282959,0.047252900898456573,0.08746431767940521,0.07968489825725555,0.232346311211586,0.9654095768928528
17.598782300003222,-0.5129435658454895,0.7971051335334778,0.047280170023441315,0.08772796392440796,0.07962625473737717,0.23205064237117767,0.9654616117477417
17.60279280001123,-0.5129553079605103,0.797125518321991,0.04729263857007027,0.08730660378932953,0.07962022721767426,0.2321545034646988,0.9654752612113953
17.60718469999847,-0.5129674077033997,0.7971575856208801,0.04731983691453934,0.08744528144598007,0.0795382708311081,0.2317993938922882,0.9655548334121704
17.611657000001287,-0.5130118131637573,0.7971726655960083,0.04734593629837036,0.08760826289653778,0.07965207099914551,0.23219451308250427,0.9654356837272644
17.61514230001194,-0.5130504369735718,0.7971836924552917,0.047367896884679794,0.08733531832695007,0.07959472388029099,0.2327698916196823,0.9653266072273254
17.61922960000811,-0.5130757093429565,0.7972075343132019,0.04740780591964722,0.08725745230913162,0.07951422035694122,0.23287838697433472,0.9653141498565674
17.623270299998694,-0.5131029486656189,0.7972244024276733,0.04743679612874985,0.08730334043502808,0.07947327196598053,0.23279891908168793,0.9653325080871582
17.628098100001807,-0.5131372213363647,0.7972449064254761,0.0474829338490963,0.08720943331718445,0.07935161888599396,0.2328919619321823,0.9653285145759583
17.632301999998163,-0.513166069984436,0.7972639203071594,0.04751652479171753,0.08729487657546997,0.07933393120765686,0.23288361728191376,0.9653242826461792
17.635986699999194,-0.5131952166557312,0.7972855567932129,0.04756065830588341,0.0871870368719101,0.07907343655824661,0.233054056763649,0.9653142690658569
17.64015289999952,-0.5132179856300354,0.7973048686981201,0.04759378358721733,0.0872563049197197,0.07905533164739609,0.2329312115907669,0.9653391242027283
17.64446150000731,-0.5132266879081726,0.7973346710205078,0.047637294977903366,0.08725446462631226,0.07861118763685226,0.23326073586940765,0.9652960300445557
17.648827600001823,-0.5132355690002441,0.797359049320221,0.047673095017671585,0.08729556202888489,0.07846464216709137,0.23332293331623077,0.9652891755104065
17.65303909999784,-0.51324862241745,0.7973856925964355,0.047712378203868866,0.0871996060013771,0.07845373451709747,0.2334134578704834,0.965276837348938
17.657022700004745,-0.5132504105567932,0.7974057197570801,0.047739531844854355,0.08727169036865234,0.07828544825315475,0.2336825728416443,0.9652189612388611
17.661153500012006,-0.5132580399513245,0.7974430322647095,0.047785840928554535,0.08702202141284943,0.07828149199485779,0.2337908297777176,0.9652155041694641
17.665202600008342,-0.5132548213005066,0.7975020408630371,0.04783151298761368,0.08728764206171036,0.07854291796684265,0.23329021036624908,0.9652915000915527
17.669450200002757,-0.5132477283477783,0.7975432276725769,0.04787867143750191,0.08703037351369858,0.07843172550201416,0.23331204056739807,0.965318500995636
17.673589800004265,-0.5132551193237305,0.7976050972938538,0.04792335256934166,0.08751557022333145,0.07863584160804749,0.2325293868780136,0.9654468297958374
17.67779729999893,-0.5132509469985962,0.7976577281951904,0.047967106103897095,0.08731033653020859,0.0785120502114296,0.23264080286026,0.9654486775398254
17.682047399997828,-0.5132421851158142,0.7977231740951538,0.04800829291343689,0.08725801855325699,0.07859259843826294,0.23233474791049957,0.9655205011367798
17.686158800002886,-0.5132352113723755,0.7978000044822693,0.04806935787200928,0.0873914435505867,0.07874513417482376,0.23157323896884918,0.9656789898872375
17.690256900008535,-0.5132316946983337,0.7978827953338623,0.04812811315059662,0.08638318628072739,0.0786723718047142,0.23181381821632385,0.9657179117202759
17.694415700010723,-0.5132197141647339,0.7979373931884766,0.0481596440076828,0.0861448124051094,0.07853787392377853,0.23189005255699158,0.9657317996025085
17.698454000012134,-0.5132198929786682,0.7979997396469116,0.048197779804468155,0.08594613522291183,0.07834802567958832,0.23228859901428223,0.9656692147254944
17.702530200011097,-0.5132084488868713,0.79804927110672,0.04822945594787598,0.08583755046129227,0.07827696204185486,0.23235945403575897,0.9656675457954407
17.707430599999498,-0.5131983757019043,0.7981000542640686,0.04825947433710098,0.08569351583719254,0.07819033414125443,0.232371985912323,0.9656842947006226
17.71108940000704,-0.5131901502609253,0.7981399893760681,0.04829388111829758,0.08549294620752335,0.0780244693160057,0.23261821269989014,0.9656562805175781
17.715168800001265,-0.5131753087043762,0.7981981635093689,0.04835178703069687,0.08546958118677139,0.07744446396827698,0.23337669670581818,0.9655219316482544
17.719281199999386,-0.5131668448448181,0.7982314229011536,0.04838309809565544,0.08546828478574753,0.07737341523170471,0.23339177668094635,0.9655241370201111
17.723438500004704,-0.5131577253341675,0.7982723712921143,0.048405516892671585,0.08501880615949631,0.07728999853134155,0.2337213158607483,0.9654908180236816
17.72767500000191,-0.5131350159645081,0.7983165979385376,0.04845079034566879,0.08463308960199356,0.07739629596471786,0.23394878208637238,0.965461015701294
17.73276500000793,-0.5131246447563171,0.7983559370040894,0.04848391190171242,0.08462698757648468,0.0773017555475235,0.2340749204158783,0.9654386043548584
17.736912600012147,-0.5131127834320068,0.7983943819999695,0.04852379113435745,0.08460120856761932,0.0772874727845192,0.23423455655574799,0.9654032588005066
17.740325300008408,-0.5130963921546936,0.7984243035316467,0.0485609695315361,0.08447442203760147,0.07724494487047195,0.2344561517238617,0.9653640389442444
17.744334600007278,-0.5130788683891296,0.7984700202941895,0.048613253980875015,0.08454573154449463,0.07699118554592133,0.23476000130176544,0.9653041362762451
17.74866440000187,-0.5130566358566284,0.7985045909881592,0.04865585267543793,0.08446644246578217,0.07690649479627609,0.234979048371315,0.965264618396759
17.753081100003328,-0.5130330920219421,0.7985420823097229,0.048703938722610474,0.08448504656553268,0.07695743441581726,0.2349451631307602,0.9652671813964844
17.762552800006233,-0.5129637122154236,0.7986270189285278,0.048784807324409485,0.0845852792263031,0.07702606171369553,0.235032320022583,0.9652316570281982
17.766511699999683,-0.5129238367080688,0.7986626625061035,0.048824865370988846,0.08450660854578018,0.07699257880449295,0.23503951728343964,0.9652395248413086
17.772011699998984,-0.5128746032714844,0.7986999154090881,0.04886630177497864,0.08430622518062592,0.07716220617294312,0.23508499562740326,0.9652324318885803
17.777945000008913,-0.5127362012863159,0.7987532019615173,0.04898601025342941,0.08466149121522903,0.0772160217165947,0.2340720295906067,0.9654431343078613
17.782163600000786,-0.5126774311065674,0.798784077167511,0.04903233051300049,0.08441372215747833,0.07692272961139679,0.23408444225788116,0.9654852747917175
17.7863636000111,-0.5126191973686218,0.7988075017929077,0.049060702323913574,0.08425392210483551,0.07693693041801453,0.23409120738506317,0.9654964804649353
17.791795600001933,-0.5125598311424255,0.7988491058349609,0.04911273717880249,0.08371440321207047,0.07690108567476273,0.23383291065692902,0.9656088352203369
17.79523610000615,-0.5125059485435486,0.7988843321800232,0.04915520176291466,0.0839821994304657,0.0770224779844284,0.23330065608024597,0.9657046794891357
17.799538799998118,-0.5124514698982239,0.7989081740379333,0.049182284623384476,0.08383607864379883,0.07698589563369751,0.23341742157936096,0.9656919836997986
17.80299950001063,-0.5124018788337708,0.7989284992218018,0.049211181700229645,0.08388257771730423,0.07699704170227051,0.23330438137054443,0.9657144546508789
17.807525399999577,-0.5123574733734131,0.7989499568939209,0.04923420771956444,0.08372621983289719,0.07694510370492935,0.23350927233695984,0.9656826257705688
17.811138800010667,-0.5123143792152405,0.7989696264266968,0.04925782233476639,0.0837186947464943,0.0769440308213234,0.23338641226291656,0.9657130241394043
17.815212500005146,-0.5122700929641724,0.7989856004714966,0.049276139587163925,0.08356008678674698,0.07693612575531006,0.23344478011131287,0.9657133221626282
17.81940459999896,-0.5122243762016296,0.7990135550498962,0.04928694665431976,0.08336648344993591,0.0769253671169281,0.23336446285247803,0.9657503366470337
17.823465200010105,-0.5121870040893555,0.7990363240242004,0.049289342015981674,0.08331584185361862,0.07690093666315079,0.2332444190979004,0.9657856225967407
17.82770619999792,-0.5121461749076843,0.7990802526473999,0.04933824762701988,0.08323732018470764,0.07625439018011093,0.2342538684606552,0.9655992984771729
17.83191870000155,-0.5121038556098938,0.799096405506134,0.049354325979948044,0.08321165293455124,0.07625772804021835,0.23427730798721313,0.9655956029891968
17.83605670000543,-0.5120509266853333,0.7991012334823608,0.04935424029827118,0.08326259255409241,0.07633629441261292,0.23422488570213318,0.9655976295471191
17.84031870000763,-0.5120140314102173,0.7991141676902771,0.04936341941356659,0.08329613506793976,0.07630779594182968,0.23426294326782227,0.965587854385376
17.844394400002784,-0.5119796395301819,0.7991213202476501,0.04937818646430969,0.08303923904895782,0.07629382610321045,0.23449209332466125,0.9655553698539734
17.848991400009254,-0.5119493007659912,0.7991340160369873,0.04939575120806694,0.08307778835296631,0.07625867426395416,0.23456062376499176,0.9655382633209229
17.853140799998073,-0.5119078159332275,0.7991353273391724,0.049411240965127945,0.08315131813287735,0.07626345753669739,0.23472216725349426,0.9654922485351562
17.856873800003086,-0.5118783116340637,0.7991519570350647,0.04942910373210907,0.08304426819086075,0.07616475969552994,0.23494550585746765,0.9654549360275269
17.861252000002423,-0.5118448734283447,0.7991705536842346,0.049452073872089386,0.0829014852643013,0.07624249160289764,0.23509575426578522,0.9654244780540466
17.865171000012197,-0.5118125677108765,0.7991843223571777,0.04947192966938019,0.08290954679250717,0.0761084333062172,0.23523840308189392,0.9653996825218201
17.86944960000983,-0.5117793679237366,0.7992087602615356,0.04949676990509033,0.08275755494832993,0.07603763043880463,0.235300213098526,0.9654032588005066
17.873875200006296,-0.5117319822311401,0.7992178797721863,0.049530889838933945,0.08286368101835251,0.07630638033151627,0.23531349003314972,0.965369701385498
17.8779033000028,-0.5116955637931824,0.799237072467804,0.049544814974069595,0.08235833048820496,0.07598589360713959,0.23593445122241974,0.9652866125106812
17.882170199998654,-0.5116501450538635,0.7992526888847351,0.04956592246890068,0.08226766437292099,0.07589091360569,0.23604851961135864,0.965273916721344
17.885990499999025,-0.5115954875946045,0.7992715835571289,0.0496026910841465,0.08202975988388062,0.07603686302900314,0.23623411357402802,0.9652373194694519
17.89057290001074,-0.5115501284599304,0.7992907166481018,0.049626708030700684,0.08199906349182129,0.07610534131526947,0.23613734543323517,0.9652581810951233
17.894920500009903,-0.5114920735359192,0.7993300557136536,0.049665872007608414,0.08218199014663696,0.07623902708292007,0.2357054054737091,0.9653375744819641
17.898538000008557,-0.5114380121231079,0.7993465662002563,0.04969208687543869,0.08215612918138504,0.07617465406656265,0.23578797280788422,0.9653246998786926
17.903126999997767,-0.5113829374313354,0.7993747591972351,0.04973212257027626,0.0818956196308136,0.076167032122612,0.23575052618980408,0.9653565883636475
17.906824500008952,-0.5113265514373779,0.7993770241737366,0.049754153937101364,0.08142105489969254,0.07606352865695953,0.23627729713916779,0.9652761816978455
17.91115900001023,-0.5112650990486145,0.7993991374969482,0.04978019371628761,0.08157360553741455,0.07620341330766678,0.23616145551204681,0.9652805924415588
17.91532920001191,-0.5112152695655823,0.7994126677513123,0.04979821294546127,0.0816718265414238,0.07629816234111786,0.2359381765127182,0.9653193950653076
17.919397500008927,-0.5111501216888428,0.7994272112846375,0.049815405160188675,0.08126867562532425,0.07622850686311722,0.23604218661785126,0.9653334617614746
17.923559400005615,-0.5110867023468018,0.7994548678398132,0.049846626818180084,0.08152001351118088,0.07635801285505295,0.23577119410037994,0.9653682708740234
17.927704300003825,-0.5110413432121277,0.7994880080223083,0.049877166748046875,0.08092101663351059,0.07646289467811584,0.2360093593597412,0.9653521180152893
17.931768300011754,-0.5109912157058716,0.7995075583457947,0.04990247264504433,0.0809781476855278,0.07633288204669952,0.23595772683620453,0.9653703570365906
17.936558900008094,-0.510942280292511,0.7995235323905945,0.04991661384701729,0.08093786984682083,0.07643137872219086,0.23614530265331268,0.9653200507164001
17.94033660000423,-0.5109044909477234,0.7995458245277405,0.04992980882525444,0.08076028525829315,0.07639055699110031,0.23634447157382965,0.9652893543243408
17.944561399999657,-0.5108688473701477,0.7995790839195251,0.04996823891997337,0.08096891641616821,0.07653763890266418,0.23608030378818512,0.9653249382972717
17.948465200010105,-0.510831892490387,0.7995814085006714,0.04995661973953247,0.08055046945810318,0.07631763070821762,0.2367803007364273,0.9652058482170105
17.95314650000364,-0.5107962489128113,0.7996101379394531,0.049992479383945465,0.08105822652578354,0.07652829587459564,0.23624446988105774,0.9652779698371887
17.957036899999366,-0.510766863822937,0.799628496170044,0.05000903829932213,0.0808175802230835,0.07654355466365814,0.23650984466075897,0.9652319550514221
17.96102719999908,-0.5107277631759644,0.7996487021446228,0.05000718683004379,0.08086241036653519,0.07645487040281296,0.2368558794260025,0.9651503562927246
17.965160699997796,-0.5106885433197021,0.7996668219566345,0.05001820623874664,0.08092942833900452,0.07633248716592789,0.23711666464805603,0.9650903940200806
17.96938370000862,-0.5106486082077026,0.7996849417686462,0.050025079399347305,0.08093776553869247,0.0763901025056839,0.23706881701946259,0.9650969505310059
17.97363839999889,-0.5106019377708435,0.7997305393218994,0.05006375163793564,0.08093906939029694,0.07590185105800629,0.2378430962562561,0.9649448394775391
17.9796830000123,-0.5105594992637634,0.799755871295929,0.05008701980113983,0.08078701794147491,0.0757053941488266,0.23786738514900208,0.9649670124053955
17.986240800004452,-0.5104748010635376,0.7997953295707703,0.05009534955024719,0.0807536169886589,0.07570966333150864,0.23805218935012817,0.9649238586425781
17.990251299997908,-0.5104332566261292,0.7998300790786743,0.050080813467502594,0.08015739917755127,0.07544860243797302,0.23844870924949646,0.9648962020874023
17.99448740000662,-0.5103889107704163,0.7998654842376709,0.050082508474588394,0.07995052635669708,0.07546290010213852,0.2384122908115387,0.9649211764335632
17.999111500001163,-0.5103384256362915,0.7999003529548645,0.05007069557905197,0.07964271306991577,0.07548797875642776,0.23854446411132812,0.9649119973182678
18.003238800010877,-0.5102967619895935,0.7999216318130493,0.050067611038684845,0.07954910397529602,0.07546292245388031,0.23848891258239746,0.9649354219436646
18.00723060000746,-0.5102490186691284,0.7999512553215027,0.050067998468875885,0.07947144657373428,0.07542861998081207,0.2382773458957672,0.9649967551231384
18.011024700012058,-0.5101853609085083,0.7999660968780518,0.05006697028875351,0.07946186512708664,0.07523169368505478,0.2377624660730362,0.9651399254798889
18.015897500008577,-0.510142982006073,0.7999793887138367,0.05006161704659462,0.07942879945039749,0.07520271837711334,0.23769345879554749,0.9651618599891663
18.019453700006125,-0.5101056694984436,0.7999861240386963,0.05005285516381264,0.07952887564897537,0.07519944757223129,0.23760172724723816,0.965176522731781
18.023551400008728,-0.5100668668746948,0.7999987602233887,0.05005285516381264,0.07933969050645828,0.07512804120779037,0.23763255774974823,0.9651899933815002
18.028104800003348,-0.51003098487854,0.7999999523162842,0.05004345625638962,0.07940835505723953,0.0751304104924202,0.2376001477241516,0.9651921987533569
18.031863299998804,-0.5099892616271973,0.7999909520149231,0.05004197731614113,0.07954446226358414,0.0751824751496315,0.23758186399936676,0.9651814103126526
18.03588780001155,-0.5099567770957947,0.7999816536903381,0.0500352568924427,0.07959454506635666,0.07512563467025757,0.23751188814640045,0.9651989936828613
18.040050200012047,-0.509925901889801,0.7999793887138367,0.05002681165933609,0.07954477518796921,0.07505529373884201,0.23756849765777588,0.9651946425437927
18.044311600009678,-0.5099045634269714,0.7999736070632935,0.05000916123390198,0.0794353187084198,0.07497772574424744,0.23765592277050018,0.9651880860328674
18.048729200003436,-0.5098721981048584,0.7999646663665771,0.05000196769833565,0.079434834420681,0.07485613971948624,0.23754385113716125,0.9652251601219177
18.05267950000416,-0.5098559856414795,0.7999613881111145,0.049998681992292404,0.07950996607542038,0.07489033043384552,0.23762854933738708,0.9651955366134644
18.05726770000183,-0.5098475813865662,0.7999445199966431,0.04998892545700073,0.0794040709733963,0.07476665824651718,0.23775933682918549,0.9651815295219421
18.061785900004907,-0.509824275970459,0.7999323606491089,0.04997473582625389,0.07978644967079163,0.07472466677427292,0.23722311854362488,0.9652853012084961
18.065217000010307,-0.50983065366745,0.7999169230461121,0.04996892437338829,0.07977363467216492,0.07476731389760971,0.23763146996498108,0.9651825428009033
18.069559800002025,-0.5098134279251099,0.7999051213264465,0.049965228885412216,0.07983028888702393,0.07465112209320068,0.23754891753196716,0.9652072191238403
18.07380379999813,-0.5098087787628174,0.7998889684677124,0.04995376244187355,0.07969075441360474,0.07455071061849594,0.23774990439414978,0.9651769995689392
18.0778827000031,-0.5097958445549011,0.7998785972595215,0.04994311183691025,0.07994402945041656,0.07462641596794128,0.2376936823129654,0.9651640057563782
18.082091600008425,-0.5098026990890503,0.7998643517494202,0.0499417781829834,0.07988537847995758,0.07448816299438477,0.23770491778850555,0.9651768803596497
18.08647120000387,-0.509788990020752,0.7998532652854919,0.049924664199352264,0.08008725941181183,0.07456067949533463,0.2375430166721344,0.9651942849159241
18.09057600000233,-0.5097934007644653,0.7998408675193787,0.04992347210645676,0.07986202836036682,0.07436122745275497,0.23761685192584991,0.9652101993560791
18.098007300010067,-0.5097823143005371,0.7998265624046326,0.049898114055395126,0.07981616258621216,0.07423834502696991,0.2374340295791626,0.9652684926986694
18.102090100001078,-0.509766697883606,0.7998170256614685,0.04986661300063133,0.0798121839761734,0.07422256469726562,0.23749874532222748,0.9652540683746338
18.10657450000872,-0.5097616314888,0.7998069524765015,0.049843087792396545,0.07962974905967712,0.07417355477809906,0.23748572170734406,0.9652760624885559
18.110841600006097,-0.5097530484199524,0.7998059391975403,0.049823399633169174,0.07949591428041458,0.07405930012464523,0.2372688353061676,0.9653492569923401
18.114934400000493,-0.5097479224205017,0.7997994422912598,0.049809474498033524,0.07937479019165039,0.07405529916286469,0.23722128570079803,0.9653712511062622
18.119519200001378,-0.5097431540489197,0.7997936606407166,0.049790166318416595,0.07934480905532837,0.07402442395687103,0.23712767660617828,0.9653990268707275
18.123696499998914,-0.5097428560256958,0.7997756004333496,0.04977451264858246,0.0792163833975792,0.07394463568925858,0.23721879720687866,0.9653932452201843
18.12771050000447,-0.5097358822822571,0.7997578382492065,0.04976675659418106,0.07909563928842545,0.07385032624006271,0.2372918576002121,0.9653924703598022
18.131992499998887,-0.5097392797470093,0.7997426390647888,0.049754731357097626,0.07913760095834732,0.07384183257818222,0.2372387945652008,0.9654027223587036
18.13621399999829,-0.5097365975379944,0.7997218370437622,0.04973994940519333,0.07900679856538773,0.07377266883850098,0.23715148866176605,0.9654401540756226
18.140405400001328,-0.509746253490448,0.7996748685836792,0.04969552159309387,0.07895916700363159,0.07424701750278473,0.23666106164455414,0.9655280113220215
18.14447700000892,-0.509739875793457,0.7996364831924438,0.049680717289447784,0.0789303407073021,0.0741589292883873,0.23619434237480164,0.9656515121459961
18.148526800010586,-0.5097371935844421,0.7996076345443726,0.049676090478897095,0.07872786372900009,0.07402024418115616,0.23644937574863434,0.9656161665916443
18.153202500005136,-0.5097425580024719,0.7995815277099609,0.04967106506228447,0.07882217317819595,0.07391531765460968,0.2364756017923355,0.9656100869178772
18.15701410001202,-0.5097339749336243,0.7995534539222717,0.049662552773952484,0.0787024274468422,0.07380270212888718,0.23650136590003967,0.9656221866607666
18.16115320000972,-0.5097308158874512,0.7995219826698303,0.049645405262708664,0.07867103815078735,0.07381336390972137,0.2364434152841568,0.9656381607055664
18.165538600005675,-0.5097190737724304,0.7994977235794067,0.049642521888017654,0.07864609360694885,0.07368789613246918,0.2363133728504181,0.9656815528869629
18.169392200012226,-0.5097038149833679,0.7994668483734131,0.04962735250592232,0.07855743914842606,0.07354068756103516,0.23620325326919556,0.9657270312309265
18.17376070001046,-0.5096977949142456,0.799430251121521,0.04959439858794212,0.07801442593336105,0.07330597937107086,0.2368009388446808,0.965642511844635
18.177689300006023,-0.5096796154975891,0.7994058728218079,0.04957302659749985,0.07786965370178223,0.07323818653821945,0.23675036430358887,0.9656716585159302
18.18195340000966,-0.5096602439880371,0.7993878722190857,0.04955855384469032,0.07773824036121368,0.07314196974039078,0.23675908148288727,0.9656874537467957
18.186043000008794,-0.5096372365951538,0.799371063709259,0.049542829394340515,0.07770979404449463,0.07314123958349228,0.23660604655742645,0.9657272100448608
18.194094300008146,-0.5095900893211365,0.7993340492248535,0.04948735237121582,0.07746093720197678,0.0733245387673378,0.23617829382419586,0.9658380746841431
18.19830930000171,-0.5095704197883606,0.7993205189704895,0.049470555037260056,0.077309750020504,0.07326440513134003,0.2363448292016983,0.9658140540122986
18.203992599999765,-0.5095483064651489,0.7993057370185852,0.049448009580373764,0.07730146497488022,0.07326491177082062,0.23624083399772644,0.9658401012420654
18.207864100011648,-0.50953209400177,0.7992944717407227,0.04943328723311424,0.0771389901638031,0.07319800555706024,0.23645895719528198,0.9658046960830688
18.21166460000677,-0.509512722492218,0.7992793321609497,0.04940720647573471,0.07704026997089386,0.07316607236862183,0.23666171729564667,0.9657653570175171
18.21554260000994,-0.5095009207725525,0.7992615103721619,0.04939170554280281,0.07710081338882446,0.07317380607128143,0.23668989539146423,0.9657530188560486
18.219518300000345,-0.5094848871231079,0.7992464303970337,0.04937256872653961,0.07701721787452698,0.07312042266130447,0.23687994480133057,0.9657171368598938
18.224352400007774,-0.5094662308692932,0.7992272973060608,0.04935244470834732,0.0768195390701294,0.07302630692720413,0.23711462318897247,0.9656824469566345
18.227891600006842,-0.5094482898712158,0.7992072105407715,0.04933445155620575,0.07678329944610596,0.07302991300821304,0.23718413710594177,0.9656679630279541
18.232113200007007,-0.5094264149665833,0.799191951751709,0.04931512847542763,0.0766381174325943,0.07296524941921234,0.23744140565395355,0.9656211733818054
18.236265600004117,-0.5094056725502014,0.7991735935211182,0.04929754137992859,0.07659460604190826,0.07287777960300446,0.23760797083377838,0.9655902981758118
18.241096700003254,-0.5093797445297241,0.7991543412208557,0.04927469417452812,0.07647454738616943,0.07285695523023605,0.23767197132110596,0.9655855894088745
18.245208300009836,-0.5093439817428589,0.7991355657577515,0.04925162345170975,0.07649870216846466,0.07296358048915863,0.23782816529273987,0.9655372500419617
18.24881630000891,-0.5093132257461548,0.7991003394126892,0.04921020194888115,0.07675834745168686,0.0727236419916153,0.23792631924152374,0.9655104875564575
18.252785900011077,-0.5092816948890686,0.7990750670433044,0.04917815700173378,0.07678090780973434,0.07275539636611938,0.23792409896850586,0.965506911277771
18.2573631000123,-0.5092475414276123,0.7990483045578003,0.049149904400110245,0.07663162052631378,0.07271547615528107,0.23808830976486206,0.9654812812805176
18.26158980000764,-0.5092031359672546,0.7990136742591858,0.049119289964437485,0.07673627883195877,0.07264542579650879,0.23820656538009644,0.9654490351676941
18.265706800011685,-0.5091654062271118,0.7989830374717712,0.049086567014455795,0.07656091451644897,0.07258095592260361,0.238364115357399,0.96542888879776
18.269620799997938,-0.5091319680213928,0.7989555597305298,0.04905214160680771,0.07663621753454208,0.07253104448318481,0.2383618801832199,0.9654272794723511
18.27372280000418,-0.5091002583503723,0.7989261150360107,0.0490272231400013,0.07670065760612488,0.07253894954919815,0.23829643428325653,0.9654377102851868
18.278016199998092,-0.5090631246566772,0.7988887429237366,0.04899904131889343,0.0767749473452568,0.07243263721466064,0.23845645785331726,0.9654002785682678
18.281970299998648,-0.5090315341949463,0.7988560199737549,0.0489686094224453,0.0767333135008812,0.07244139164686203,0.23856127262115479,0.9653770327568054
18.286065899999812,-0.5089982748031616,0.7988284230232239,0.048930466175079346,0.07685324549674988,0.07241426408290863,0.2385399490594864,0.9653748273849487
18.29017649999878,-0.5089611411094666,0.7987877130508423,0.04890558496117592,0.07668827474117279,0.072318896651268,0.2384074181318283,0.965427815914154
18.294242500007385,-0.5089337229728699,0.7987509369850159,0.04886847734451294,0.07685761153697968,0.07240871340036392,0.2383110076189041,0.9654313325881958
18.29843580001034,-0.5089138150215149,0.7987050414085388,0.0488462932407856,0.07706373184919357,0.07217633724212646,0.23835456371307373,0.9654216766357422
18.3024957000016,-0.5088836550712585,0.7986679673194885,0.04881170392036438,0.0771816149353981,0.07226787507534027,0.23846328258514404,0.96537846326828
18.30684810000821,-0.5088549852371216,0.7986276745796204,0.04877713322639465,0.07717861235141754,0.07222771644592285,0.2386646866798401,0.96533203125
18.311262300005183,-0.5088257193565369,0.7985848188400269,0.04874691739678383,0.07726078480482101,0.07224834710359573,0.23868221044540405,0.9653195142745972
18.315841900010128,-0.5087849497795105,0.7985475063323975,0.04871431738138199,0.07743145525455475,0.07241359353065491,0.2387988567352295,0.965264618396759
18.320036900011473,-0.5087552666664124,0.7985042929649353,0.048677366226911545,0.07765466719865799,0.07243046164512634,0.23872536420822144,0.9652636051177979
18.32352570000512,-0.5087180137634277,0.7984597682952881,0.04864594340324402,0.07774487882852554,0.07250960171222687,0.23882773518562317,0.965225100517273
18.327572400012286,-0.5086825489997864,0.7984058260917664,0.04859064519405365,0.07768816500902176,0.0722954273223877,0.23933617770671844,0.9651197791099548
18.331646000006003,-0.5086503028869629,0.798363983631134,0.04855622351169586,0.07772453874349594,0.07235342264175415,0.23952624201774597,0.9650653004646301
18.336129700008314,-0.508589506149292,0.7983142137527466,0.04852299764752388,0.07797888666391373,0.07218851149082184,0.23882485926151276,0.9652309417724609
18.340408200005186,-0.5085521340370178,0.7982639670372009,0.048489656299352646,0.07752040028572083,0.07203838229179382,0.2395373284816742,0.9651026129722595
18.344303400008357,-0.5085055232048035,0.7982045412063599,0.04845079034566879,0.07790232449769974,0.07215987145900726,0.23931114375591278,0.9651188254356384
18.348358000002918,-0.5084649324417114,0.7981724739074707,0.04841259494423866,0.07793348282575607,0.07214634865522385,0.2393159419298172,0.9651161432266235
18.352622899998096,-0.5084046125411987,0.798118531703949,0.048366837203502655,0.07828860729932785,0.07239621877670288,0.23865839838981628,0.9652315378189087
18.357077699998626,-0.5083652138710022,0.7980769276618958,0.04832563176751137,0.07823202759027481,0.07230978459119797,0.23887485265731812,0.9651890993118286
18.361167600000044,-0.5083217024803162,0.7980338335037231,0.04828549921512604,0.07821579277515411,0.07224180549383163,0.23875494301319122,0.965225100517273
18.36520460000611,-0.5082733035087585,0.7979850172996521,0.04823218658566475,0.07829833030700684,0.07251106202602386,0.2379465252161026,0.965397834777832
18.36947400000645,-0.5082238912582397,0.7979411482810974,0.04818996787071228,0.07805357128381729,0.0723457783460617,0.23825064301490784,0.9653550386428833
18.3734567000065,-0.5081815123558044,0.7978981733322144,0.04814276099205017,0.07812739163637161,0.07231231033802032,0.23814591765403748,0.9653775095939636
18.37750760000199,-0.508141279220581,0.7978546619415283,0.0481061153113842,0.07829578220844269,0.07238084077835083,0.23781439661979675,0.9654403328895569
18.38192660000641,-0.5081089735031128,0.7977943420410156,0.048040833324193954,0.07828893512487411,0.07284260541200638,0.23715579509735107,0.9655681848526001
18.38603000000876,-0.5080733299255371,0.7977288961410522,0.04797070845961571,0.07776818424463272,0.07243377715349197,0.23780594766139984,0.965481162071228
18.390333800009103,-0.5080382227897644,0.7976894974708557,0.04792850837111473,0.07807673513889313,0.07252848893404007,0.2376405894756317,0.9654898047447205
18.394325000001118,-0.5080097317695618,0.7976556420326233,0.047893743962049484,0.07806717604398727,0.07245791703462601,0.2375902384519577,0.9655082821846008
18.3985040000116,-0.5079802870750427,0.7976155281066895,0.04784168303012848,0.07811327278614044,0.07245738059282303,0.23759564757347107,0.9655032753944397
18.402891000005184,-0.5079588890075684,0.7975708246231079,0.047802675515413284,0.07820021361112595,0.07258334010839462,0.23723186552524567,0.9655762910842896
18.406912000005832,-0.5079395771026611,0.7975426912307739,0.04777250066399574,0.07825560122728348,0.07255188375711441,0.23737716674804688,0.9655383825302124
18.41157340000791,-0.5079131722450256,0.7975116968154907,0.04773443192243576,0.07840541005134583,0.07264667004346848,0.23725564777851105,0.9655490517616272
18.41714160000265,-0.5078862905502319,0.7974584102630615,0.04767028987407684,0.07913756370544434,0.07264357060194016,0.23660074174404144,0.965650200843811
18.421140600010403,-0.5078542232513428,0.7974231243133545,0.04762169346213341,0.07899947464466095,0.0723138079047203,0.2370549440383911,0.9655749201774597
18.425165699998615,-0.5078257918357849,0.7973988056182861,0.047590672969818115,0.07906819134950638,0.07230999320745468,0.23703454434871674,0.9655745029449463
18.4287447000097,-0.5077988505363464,0.7973729968070984,0.047556083649396896,0.07919608801603317,0.07223173975944519,0.23698996007442474,0.9655808210372925
18.432411000001593,-0.5077564120292664,0.797336995601654,0.04751820117235184,0.07931085675954819,0.07214280217885971,0.2367941439151764,0.9656261801719666
18.436332099998253,-0.5077290534973145,0.7972882390022278,0.04747748374938965,0.07912152260541916,0.072043776512146,0.23712314665317535,0.9655683636665344
18.44053740000527,-0.5076895356178284,0.7972667813301086,0.04745856672525406,0.07951312512159348,0.07230022549629211,0.2366696149110794,0.9656282067298889
18.444417200007592,-0.5076695680618286,0.7972041368484497,0.047401878982782364,0.07963266968727112,0.07203172892332077,0.2370000034570694,0.9655573964118958
18.44842270000663,-0.5076370239257812,0.7971651554107666,0.047351107001304626,0.07968330383300781,0.0719558447599411,0.23708324134349823,0.965538501739502
18.453135800009477,-0.5076088309288025,0.7971294522285461,0.04731373116374016,0.07974191009998322,0.0718412920832634,0.23733453452587128,0.965480387210846
18.4569385000068,-0.5075830817222595,0.7970913648605347,0.04727089777588844,0.07991810888051987,0.07183259725570679,0.23751702904701233,0.9654215574264526
18.461232700006803,-0.5075458288192749,0.797041118144989,0.047222185879945755,0.07947792112827301,0.07153205573558807,0.23826710879802704,0.9652953743934631
18.46533800000907,-0.5075270533561707,0.796999454498291,0.04719078168272972,0.07954151183366776,0.07148332893848419,0.23834110796451569,0.9652755260467529
18.469354600005317,-0.5075060725212097,0.7969605922698975,0.047161538153886795,0.07980861514806747,0.07146819680929184,0.23848213255405426,0.9652197360992432
18.474129100010032,-0.5074950456619263,0.7969211935997009,0.047135040163993835,0.08001059293746948,0.07151767611503601,0.23863956332206726,0.9651604294776917
18.478076400002465,-0.5074798464775085,0.7968807816505432,0.04709764942526817,0.0799974575638771,0.07153383642435074,0.23875822126865387,0.9651309847831726
18.48202890000539,-0.50746750831604,0.7968510985374451,0.04705524072051048,0.08004223555326462,0.07153534889221191,0.2387160360813141,0.9651376605033875
18.486137100000633,-0.5074467658996582,0.7968204617500305,0.04700940474867821,0.07995951175689697,0.07149896770715714,0.23872701823711395,0.9651444554328918
18.4907041000115,-0.5074319839477539,0.7967965602874756,0.046961840242147446,0.07978887856006622,0.07134348899126053,0.2389214187860489,0.9651219248771667
18.49454140001035,-0.5074129104614258,0.7967700362205505,0.04691801592707634,0.07973101735115051,0.07130013406276703,0.2390381097793579,0.9651010632514954
18.498625100008212,-0.5073872804641724,0.7967398762702942,0.04686034470796585,0.07994070649147034,0.07138382643461227,0.2390354573726654,0.9650781750679016
18.503011300010257,-0.5073657035827637,0.7967202067375183,0.04681355133652687,0.07988210022449493,0.071442611515522,0.23892436921596527,0.9651062488555908
18.50738260000071,-0.5073432326316833,0.7967037558555603,0.046769868582487106,0.07972756773233414,0.07146526873111725,0.2389717400074005,0.9651055932044983
18.510993500007316,-0.5073223114013672,0.7966940999031067,0.046730540692806244,0.07963673025369644,0.07155147939920425,0.23880915343761444,0.9651468992233276
18.515194700012216,-0.5072980523109436,0.7966843247413635,0.04668865725398064,0.07962161302566528,0.07150392979383469,0.23872128129005432,0.9651734232902527
18.519588499999372,-0.5072815418243408,0.7966813445091248,0.04664791002869606,0.07976479083299637,0.07168970257043839,0.23865444958209991,0.9651644229888916
18.52328780000971,-0.5072815418243408,0.7966813445091248,0.04664791002869606,0.07976479083299637,0.07168970257043839,0.23865444958209991,0.9651644229888916
18.528178599997773,-0.5072465538978577,0.7966592907905579,0.04657861217856407,0.07976248860359192,0.07192090898752213,0.2384849637746811,0.9651892185211182
18.531949500000337,-0.5072380304336548,0.7966546416282654,0.04655905067920685,0.07989335060119629,0.07194121927022934,0.2385517954826355,0.9651604294776917
18.536200300004566,-0.5072303414344788,0.7966483235359192,0.04654828459024429,0.08002743124961853,0.07190835475921631,0.2387469857931137,0.9651034474372864
18.540261500005727,-0.5072258114814758,0.7966400384902954,0.0465429425239563,0.0802064761519432,0.07186026871204376,0.23914270102977753,0.9649942517280579
18.544374200006132,-0.5072229504585266,0.7966301441192627,0.046547092497348785,0.0804280936717987,0.07185439765453339,0.23938138782978058,0.964917004108429
18.54858190000232,-0.5072129964828491,0.7966242432594299,0.04653564468026161,0.08064156025648117,0.07183965295553207,0.23942221701145172,0.9648901224136353
18.553077000004123,-0.5072064995765686,0.7966176271438599,0.04653530195355415,0.08063175529241562,0.07178518176078796,0.2397700399160385,0.9648086428642273
18.557095299998764,-0.5071958899497986,0.7966146469116211,0.046532582491636276,0.08081793040037155,0.07171750068664551,0.23990483582019806,0.9647645950317383
18.561123300009058,-0.5071786642074585,0.7966105341911316,0.04652656614780426,0.08086765557527542,0.07168806344270706,0.2401333600282669,0.9647058248519897
18.56528760000947,-0.5071494579315186,0.7966059446334839,0.046516455709934235,0.08108558505773544,0.07180774956941605,0.24021457135677338,0.9646584391593933
18.569589999999152,-0.5071411728858948,0.7966082692146301,0.04651593044400215,0.08100474625825882,0.0716303363442421,0.2401430904865265,0.9646961688995361
18.573916699999245,-0.5071081519126892,0.7966101765632629,0.04649501293897629,0.0811113491654396,0.07183600217103958,0.2400650531053543,0.9646912813186646
18.577831700007664,-0.5070854425430298,0.7966131567955017,0.04647846147418022,0.08088549226522446,0.07161993533372879,0.2404388040304184,0.9646332263946533
18.58201710000867,-0.5070604681968689,0.7966172099113464,0.04645340517163277,0.08059641718864441,0.07140254974365234,0.24059520661830902,0.9646345973014832
18.58615610000561,-0.5070450305938721,0.7966206073760986,0.04642641916871071,0.08048220723867416,0.07140406221151352,0.24038617312908173,0.9646961688995361
18.590289400002803,-0.5070205926895142,0.7966440320014954,0.04641488939523697,0.08000628650188446,0.07103399187326431,0.240664541721344,0.9646936058998108
18.5943355000054,-0.5070114731788635,0.7966532111167908,0.0463947132229805,0.07993650436401367,0.0711665153503418,0.24057124555110931,0.964712917804718
18.59858859999804,-0.5070003867149353,0.7966614365577698,0.046389706432819366,0.07980595529079437,0.07097845524549484,0.24069646000862122,0.9647063612937927
18.602877199999057,-0.5069923996925354,0.796670138835907,0.04638885706663132,0.07982794940471649,0.07088939845561981,0.24067054688930511,0.9647175669670105
18.606933100003516,-0.5069878101348877,0.7966762781143188,0.04639147222042084,0.07983478158712387,0.07086501270532608,0.24078600108623505,0.9646899104118347
18.611170700009097,-0.5069875717163086,0.7966809272766113,0.04639816656708717,0.08005017042160034,0.07083090394735336,0.24064753949642181,0.9647092223167419
18.617024100007256,-0.5069844722747803,0.7966873049736023,0.04640558734536171,0.08010425418615341,0.07076317071914673,0.2408677190542221,0.9646546840667725
18.621272700009285,-0.5069844126701355,0.7966960072517395,0.04642120748758316,0.08015070855617523,0.07050779461860657,0.24125534296035767,0.9645726084709167
18.62537290000182,-0.5069795250892639,0.7966914176940918,0.04642568528652191,0.0804317370057106,0.07061828672885895,0.24094423651695251,0.9646189212799072
18.63247460000275,-0.5069647431373596,0.7967162132263184,0.04643714055418968,0.08062820136547089,0.07061365246772766,0.24129778146743774,0.9645144939422607
18.636124000011478,-0.5069486498832703,0.7967523336410522,0.04644636809825897,0.08099502325057983,0.07031864672899246,0.2414950430393219,0.9644559025764465
18.640511800011154,-0.5069414973258972,0.796775221824646,0.04644763469696045,0.08097666501998901,0.07029303163290024,0.24160972237586975,0.9644306302070618
18.644412200010265,-0.5069321990013123,0.7967904806137085,0.04645495116710663,0.08097629994153976,0.07024234533309937,0.2419787347316742,0.9643418192863464
18.648476900008973,-0.5069263577461243,0.7968084812164307,0.0464639887213707,0.08118528127670288,0.07028721272945404,0.24207048118114471,0.9642979502677917
18.652603700000327,-0.5069183111190796,0.7968310117721558,0.04646673798561096,0.0811549723148346,0.07027280330657959,0.24210992455482483,0.9642916321754456
18.65673329999845,-0.5069079995155334,0.7968502640724182,0.046470995992422104,0.0811392068862915,0.07012806087732315,0.24232998490333557,0.9642482995986938
18.660991000011563,-0.5068953037261963,0.7968666553497314,0.046472206711769104,0.0812140628695488,0.07014943659305573,0.2422780841588974,0.9642534852027893
18.665259400004288,-0.5068848729133606,0.7968905568122864,0.04647174850106239,0.08114393055438995,0.07005757093429565,0.24243460595607758,0.9642266631126404
18.66939560000901,-0.5068768262863159,0.7969278693199158,0.04647308588027954,0.08113712072372437,0.06995931267738342,0.2428022176027298,0.9641419053077698
18.673498600008315,-0.5068583488464355,0.7969501614570618,0.04646005481481552,0.08101692795753479,0.06981988996267319,0.2428460419178009,0.9641510844230652
18.677553300003638,-0.5068466663360596,0.7969553470611572,0.046453237533569336,0.08089936524629593,0.06990054994821548,0.2423897087574005,0.9642699956893921
18.681854300011764,-0.5068308711051941,0.7969777584075928,0.046438444405794144,0.08077654987573624,0.06977074593305588,0.24274155497550964,0.9642011523246765
18.686184400008642,-0.5068129897117615,0.796994686126709,0.04642113670706749,0.08067674934864044,0.06970392912626266,0.24279586970806122,0.9642006158828735
18.69032550000702,-0.5067979097366333,0.7970070838928223,0.04640820249915123,0.08050647377967834,0.06954549998044968,0.24287040531635284,0.9642075896263123
18.694506900006672,-0.506783127784729,0.7970126867294312,0.04639538750052452,0.08039026707410812,0.06944727897644043,0.24287843704223633,0.964222252368927
18.698559500000556,-0.5067700147628784,0.7970219850540161,0.04638104513287544,0.08025198429822922,0.06930546462535858,0.24277326464653015,0.9642705321311951
18.702633000008063,-0.50675368309021,0.7970331907272339,0.046378783881664276,0.08006241917610168,0.06923606246709824,0.24283890426158905,0.9642746448516846
18.706752800004324,-0.5067481398582458,0.7970468401908875,0.04637867584824562,0.080164335668087,0.06921618431806564,0.2427559494972229,0.9642885327339172
18.71086620001006,-0.5067405104637146,0.797054648399353,0.0463869646191597,0.08009178936481476,0.06908911466598511,0.24276888370513916,0.9643003940582275
18.71509810000134,-0.5067322850227356,0.797068178653717,0.046402402222156525,0.08020520955324173,0.06895185261964798,0.2425416111946106,0.9643580317497253
18.71948660000635,-0.5067318677902222,0.7970956563949585,0.04641656205058098,0.08070404082536697,0.06919310241937637,0.2417628914117813,0.9644947052001953
18.723557200006326,-0.5067272782325745,0.7971118092536926,0.04642483592033386,0.08072617650032043,0.06923407316207886,0.24173541367053986,0.9644967317581177
18.72766180000326,-0.5067315697669983,0.7971217036247253,0.046434979885816574,0.08074174076318741,0.06927571445703506,0.24146199226379395,0.9645609259605408
18.73375460000534,-0.506735622882843,0.7971408367156982,0.0464523620903492,0.08094868063926697,0.06946781277656555,0.2412424236536026,0.9645847678184509
18.73836270000902,-0.5067384839057922,0.7971541285514832,0.046461936086416245,0.08097401261329651,0.0694982185959816,0.24119481444358826,0.9645923376083374
18.742074699999648,-0.506751298904419,0.7971687316894531,0.04646778106689453,0.0811036005616188,0.06978807598352432,0.24101728200912476,0.9646048545837402
18.746257800012245,-0.5067510008811951,0.7971813678741455,0.04648728296160698,0.08106113970279694,0.06955841183662415,0.2410685122013092,0.9646121859550476
18.751497500008554,-0.5067626237869263,0.7971938848495483,0.04650406166911125,0.08128809928894043,0.06959188729524612,0.24075989425182343,0.9646677374839783
18.756581499997992,-0.506793737411499,0.7972162961959839,0.04651784151792526,0.0814107358455658,0.06969376653432846,0.2407914251089096,0.9646422266960144
18.763208400006988,-0.5068084597587585,0.7972250580787659,0.04653404280543327,0.08139399439096451,0.06961625814437866,0.24098142981529236,0.9646017551422119
18.76792569999816,-0.5068307518959045,0.7972301244735718,0.046548377722501755,0.08158639818429947,0.06954097747802734,0.24104291200637817,0.9645755887031555
18.772460100008175,-0.5068477392196655,0.7972404956817627,0.046565260738134384,0.08173473924398422,0.06952130049467087,0.24104583263397217,0.9645637273788452
18.777759800010244,-0.5068972110748291,0.7972629070281982,0.046608664095401764,0.08187857270240784,0.06930696964263916,0.24104216694831848,0.9645678400993347
18.78202680000686,-0.5069176554679871,0.7972823977470398,0.046631015837192535,0.08192276209592819,0.06923064589500427,0.2409902662038803,0.9645825624465942
18.786194100001012,-0.5069315433502197,0.797292172908783,0.046664681285619736,0.08199875056743622,0.06913468986749649,0.2409895807504654,0.9645832180976868
18.790285900002345,-0.5069472789764404,0.797305703163147,0.04667609557509422,0.08212149143218994,0.0690271183848381,0.24089287221431732,0.9646046161651611
18.7944162000058,-0.5069530606269836,0.7973156571388245,0.04667601361870766,0.08204637467861176,0.06906536966562271,0.24085339903831482,0.9646181464195251
18.798641800007317,-0.5069655776023865,0.7973269820213318,0.046699363738298416,0.08217184245586395,0.06887956708669662,0.24071668088436127,0.9646548628807068
18.8026402000105,-0.506972074508667,0.7973422408103943,0.04671381786465645,0.08212492614984512,0.06878845393657684,0.2407049536705017,0.9646682143211365
18.806886800011853,-0.5069864392280579,0.7973505258560181,0.04672379419207573,0.08224586397409439,0.06884870678186417,0.240433931350708,0.9647212028503418
18.81104860000778,-0.5069977045059204,0.797359824180603,0.0467294417321682,0.08234754949808121,0.06879615783691406,0.2402963489294052,0.9647506475448608
18.815349399999832,-0.5070175528526306,0.7973738312721252,0.046736229211091995,0.08226192742586136,0.06869438290596008,0.24044756591320038,0.9647274613380432
18.81949120000354,-0.507034182548523,0.7973965406417847,0.04673781991004944,0.08244535326957703,0.06865860521793365,0.2401469349861145,0.9647892117500305
18.823524400009774,-0.5070508718490601,0.7974013090133667,0.04675520956516266,0.08237418532371521,0.0686003714799881,0.2402350753545761,0.9647774696350098
18.82795440001064,-0.5070787668228149,0.7974205017089844,0.04674544185400009,0.08254679292440414,0.06843211501836777,0.23993027210235596,0.9648506045341492
18.831925400008913,-0.5070964694023132,0.7974428534507751,0.04675549641251564,0.08252544701099396,0.06839540600776672,0.23993012309074402,0.9648550748825073
18.836156400007894,-0.5071207880973816,0.7974621057510376,0.04678011313080788,0.08236683160066605,0.0683203637599945,0.2399432510137558,0.9648705720901489
18.840596300011384,-0.5071422457695007,0.7974863052368164,0.04679538309574127,0.08246300369501114,0.06836181879043579,0.23987407982349396,0.9648767113685608
18.84460530000797,-0.5071492791175842,0.7975084781646729,0.04681764915585518,0.08256563544273376,0.06831367313861847,0.23963454365730286,0.9649308323860168
18.848584700011997,-0.5071690678596497,0.7975426316261292,0.046834204345941544,0.08265576511621475,0.06820424646139145,0.23975227773189545,0.9649015665054321
18.85254610000993,-0.5071801543235779,0.797558605670929,0.046852923929691315,0.08260371536016464,0.06812874227762222,0.2394896149635315,0.9649766087532043
18.856588900001952,-0.5071836113929749,0.7975948452949524,0.04687381535768509,0.08305162936449051,0.06814628839492798,0.2388586848974228,0.9650932550430298
18.860849600008805,-0.5071887969970703,0.7976126670837402,0.04689934849739075,0.08306559175252914,0.06786689162254333,0.23895716667175293,0.9650874733924866
18.864929500006838,-0.5071961283683777,0.7976565957069397,0.04695764183998108,0.08328254520893097,0.06708207726478577,0.23987269401550293,0.9648964405059814
18.869408700003987,-0.5072207450866699,0.7976873517036438,0.04697554558515549,0.08335407078266144,0.06694415211677551,0.24026979506015778,0.964801013469696
18.87351900000067,-0.5072261095046997,0.7977026700973511,0.04701279103755951,0.08375726640224457,0.067020483314991,0.23941591382026672,0.9649731516838074
18.87779600000067,-0.5072593092918396,0.7977228164672852,0.0470367968082428,0.08374497294425964,0.06683137267827988,0.23973701894283295,0.9649075269699097
18.881852700011223,-0.5072736740112305,0.7977318167686462,0.04705977067351341,0.08393334597349167,0.06676920503377914,0.23968243598937988,0.9649090766906738
18.88588349999918,-0.507292628288269,0.7977333068847656,0.047087252140045166,0.08411566913127899,0.06674639135599136,0.2395864576101303,0.9649185538291931
18.88999480000348,-0.5073125958442688,0.7977361083030701,0.04711131006479263,0.08442261070013046,0.06676917523145676,0.23950625956058502,0.964910089969635
18.894115500006592,-0.5073229670524597,0.7977468967437744,0.04713615030050278,0.08459404110908508,0.06670410186052322,0.23934486508369446,0.9649395942687988
18.898234600012074,-0.5073469281196594,0.7977632880210876,0.04716186970472336,0.08480675518512726,0.0666542798280716,0.23935095965862274,0.9649228453636169
18.90284760000941,-0.5073704123497009,0.7977622747421265,0.04719792678952217,0.08500988036394119,0.0667678639292717,0.23913820087909698,0.9649499654769897
18.906837900009123,-0.5073768496513367,0.7977628707885742,0.04720710963010788,0.08523575216531754,0.06658776104450226,0.23907025158405304,0.9649592638015747
18.91123470000457,-0.5074052810668945,0.7977721691131592,0.0472516305744648,0.08564498275518417,0.06673004478216171,0.2386431246995926,0.9650188684463501
18.915538600005675,-0.5074342489242554,0.7977551221847534,0.047281768172979355,0.08593246340751648,0.06664234399795532,0.23859702050685883,0.9650108814239502
18.91951350000454,-0.5074539184570312,0.7977532148361206,0.04730643332004547,0.0861450582742691,0.06660240888595581,0.23844636976718903,0.9650318622589111
18.924126300000353,-0.5074721574783325,0.797738254070282,0.04732503369450569,0.08629360795021057,0.06653852015733719,0.23828311264514923,0.9650632739067078
18.928031100003864,-0.5075026154518127,0.7977362275123596,0.04734667018055916,0.08669883757829666,0.06657093018293381,0.23782125115394592,0.9651386737823486
18.93228629999794,-0.5075172781944275,0.7977221012115479,0.047360844910144806,0.08690845221281052,0.06648685783147812,0.23767304420471191,0.9651622176170349
18.937762600005954,-0.5075401067733765,0.797713041305542,0.04737410321831703,0.08703161031007767,0.06647933274507523,0.23761911690235138,0.9651648998260498
18.941285599998082,-0.507565438747406,0.7976905107498169,0.047388944774866104,0.08720692247152328,0.06643015891313553,0.23711180686950684,0.9652771949768066
18.94481430000451,-0.507598876953125,0.7976828813552856,0.0474059134721756,0.08733240514993668,0.06639105081558228,0.23742297291755676,0.9651920795440674
18.94893540001067,-0.5076236128807068,0.7976627945899963,0.047411393374204636,0.0874609723687172,0.06640470772981644,0.23701584339141846,0.9652795195579529
18.953216599998996,-0.5076578855514526,0.7976483702659607,0.04742105305194855,0.08756141364574432,0.06641675531864166,0.23689599335193634,0.9652989506721497
18.958460400011973,-0.5076884031295776,0.797634482383728,0.04742330312728882,0.08759143203496933,0.0663967952132225,0.23695914447307587,0.9652820825576782
18.961869700011448,-0.5077186822891235,0.7976320385932922,0.0474281944334507,0.08776359260082245,0.06630219519138336,0.23687371611595154,0.9652939438819885
18.966374900002847,-0.507737934589386,0.7976149320602417,0.04743359237909317,0.08731289952993393,0.06613419950008392,0.23730020225048065,0.9652416110038757
18.973771900011343,-0.5077767968177795,0.7976481914520264,0.04745115339756012,0.08793162554502487,0.06618722528219223,0.23649895191192627,0.96537846326828
18.97797810001066,-0.5077767968177795,0.7976481914520264,0.04745115339756012,0.08793162554502487,0.06618722528219223,0.23649895191192627,0.96537846326828
18.982247500011,-0.5077964067459106,0.7976672649383545,0.047466687858104706,0.08799941092729568,0.06619632244110107,0.23623040318489075,0.9654373526573181
18.987341900006868,-0.5077964067459106,0.7976672649383545,0.047466687858104706,0.08799941092729568,0.06619632244110107,0.23623040318489075,0.9654373526573181
18.991790600004606,-0.5078038573265076,0.7976718544960022,0.04747406765818596,0.08796872943639755,0.06623779237270355,0.23601803183555603,0.9654892683029175
18.99583880000864,-0.5078135132789612,0.7976933121681213,0.04748314991593361,0.08822838962078094,0.06632586568593979,0.23569312691688538,0.9655389189720154
18.999577100010356,-0.5078154802322388,0.7976995706558228,0.047487277537584305,0.08833800256252289,0.06646345555782318,0.23553092777729034,0.9655590653419495
19.003430700002355,-0.5078174471855164,0.7977117300033569,0.04749378189444542,0.08834408223628998,0.06644538789987564,0.23555104434490204,0.9655548334121704
19.007213800010504,-0.5078175067901611,0.7977191805839539,0.04749620705842972,0.0884021669626236,0.06645851582288742,0.2354295700788498,0.9655782580375671
19.011177000007592,-0.5078198313713074,0.7977254986763,0.04750210791826248,0.0884157344698906,0.06642371416091919,0.2354208528995514,0.965581476688385
19.0155567000038,-0.5078139901161194,0.7977412343025208,0.0475100576877594,0.08865249156951904,0.06648063659667969,0.23517587780952454,0.9656156301498413
19.01965420000488,-0.5078148245811462,0.7977510094642639,0.04751229286193848,0.08865243941545486,0.06643163412809372,0.23513109982013702,0.9656298160552979
19.0238274000003,-0.5078116655349731,0.7977675795555115,0.04751640185713768,0.08856680989265442,0.06639423221349716,0.235168918967247,0.9656310677528381
19.028117300011218,-0.5078119039535522,0.7977848649024963,0.04751569405198097,0.08866310864686966,0.06643924117088318,0.23495104908943176,0.9656721949577332
19.031973500008462,-0.5078217387199402,0.7978108525276184,0.04751862585544586,0.08859184384346008,0.06632757186889648,0.2352890819311142,0.9656040668487549
19.03697230000398,-0.5078195929527283,0.7978253364562988,0.04752429947257042,0.0886150524020195,0.06632331013679504,0.23524558544158936,0.9656128287315369
19.04109949999838,-0.5078225135803223,0.7978363037109375,0.047521524131298065,0.08858539164066315,0.06634283065795898,0.2350751757621765,0.9656557440757751
19.044693000003463,-0.5078197121620178,0.7978479862213135,0.047521043568849564,0.08851698786020279,0.0662439614534378,0.23497532308101654,0.9656931161880493
19.04875390000234,-0.5078224539756775,0.7978551387786865,0.04753724858164787,0.08827711641788483,0.06632868945598602,0.23507829010486603,0.965684175491333
19.052979500003858,-0.5078189373016357,0.7978575229644775,0.04753212258219719,0.08812225610017776,0.06621842831373215,0.23501057922840118,0.9657223224639893
19.057559900000342,-0.5078232288360596,0.7978528738021851,0.047522708773612976,0.08825770765542984,0.06615157425403595,0.23497037589550018,0.9657243490219116
19.061611099998117,-0.5078155994415283,0.797856330871582,0.0475357361137867,0.0880887433886528,0.06617631018161774,0.234917551279068,0.9657509326934814
19.065213400012,-0.5078187584877014,0.7978601455688477,0.04753940925002098,0.08795303851366043,0.06606656312942505,0.2351284921169281,0.96571946144104
19.06949110000278,-0.5078195333480835,0.7978563904762268,0.04755024611949921,0.08810806274414062,0.0661080852150917,0.23494186997413635,0.9657478928565979
19.073722000001,-0.5078179240226746,0.7978549599647522,0.04755818843841553,0.08810798078775406,0.06603296101093292,0.23505055904388428,0.9657266736030579
19.07777360000182,-0.5078245997428894,0.7978556752204895,0.047575630247592926,0.08821217715740204,0.06604833900928497,0.2349681556224823,0.9657361507415771
19.082192700007,-0.5078302025794983,0.797863245010376,0.04759879410266876,0.08822008222341537,0.06602643430233002,0.23504839837551117,0.9657173156738281
19.086325700001908,-0.5078261494636536,0.7978758811950684,0.04763376712799072,0.0886823907494545,0.0661831721663475,0.23447349667549133,0.9658040404319763
19.090941900009057,-0.5078140497207642,0.7978955507278442,0.04767376929521561,0.08877277374267578,0.06583128869533539,0.23471900820732117,0.9657601118087769
19.094430900004227,-0.507807195186615,0.797906219959259,0.047697514295578,0.08908668160438538,0.06581121683120728,0.23460052907466888,0.9657613635063171
19.09859100000176,-0.5078000426292419,0.7979112863540649,0.04772307351231575,0.0891304612159729,0.06573691964149475,0.23451580107212067,0.9657830595970154
19.10255570001027,-0.5077918767929077,0.7979109883308411,0.04774877801537514,0.08930782973766327,0.06571385264396667,0.23439735174179077,0.965796947479248
19.10761370000546,-0.5077844262123108,0.79791259765625,0.04777238890528679,0.08939079940319061,0.06576356291770935,0.23428548872470856,0.9658129811286926
19.11184250000224,-0.5077804923057556,0.7979124188423157,0.04779370129108429,0.08939037472009659,0.0656876340508461,0.23440168797969818,0.9657900333404541
19.11534780000511,-0.5077729225158691,0.7979071140289307,0.04781024158000946,0.0895865261554718,0.06561018526554108,0.23424647748470306,0.9658148288726807
19.12029450001137,-0.507765531539917,0.7978912591934204,0.04782819002866745,0.08958517014980316,0.06569475680589676,0.2338659167289734,0.9659013748168945
19.12498659999983,-0.5077624320983887,0.7978893518447876,0.04783352464437485,0.0895218476653099,0.06565237045288086,0.2339024841785431,0.965901255607605
19.1284430000087,-0.5077630877494812,0.7978846430778503,0.04783952608704567,0.08942946046590805,0.06559143960475922,0.23398974537849426,0.9658927917480469
19.13227729999926,-0.5077584385871887,0.7978787422180176,0.04784950613975525,0.08939110487699509,0.06557678431272507,0.23400092124938965,0.9658946990966797
19.136504800000694,-0.5077623128890991,0.7978712916374207,0.04785105958580971,0.08922427147626877,0.06548643112182617,0.234066903591156,0.9659002423286438
19.140352500005974,-0.507767379283905,0.7978689074516296,0.04785746708512306,0.08921295404434204,0.06552692502737045,0.23387883603572845,0.9659440517425537
19.144367600005353,-0.5077782869338989,0.7978662848472595,0.04786468669772148,0.0890706479549408,0.06547058373689651,0.2340518683195114,0.9659191370010376
19.148589200005517,-0.5077919363975525,0.797865629196167,0.04787081852555275,0.08903251588344574,0.06550274044275284,0.234097421169281,0.965909481048584
19.15294420000282,-0.5078020691871643,0.7978625297546387,0.04788026958703995,0.08888762444257736,0.06551253795623779,0.23418818414211273,0.9659001231193542
19.15685700000904,-0.5078147053718567,0.7978573441505432,0.0478806309401989,0.08872624486684799,0.06550558656454086,0.2341538667678833,0.9659237265586853
19.16149850000511,-0.5078391432762146,0.797860324382782,0.04791666567325592,0.08794787526130676,0.06547396630048752,0.23450002074241638,0.9659131765365601
19.165420999997878,-0.5078582763671875,0.7978526949882507,0.047923460602760315,0.08785776793956757,0.06548750400543213,0.23453670740127563,0.9659115076065063
19.169432100010454,-0.5078715085983276,0.7978479266166687,0.04793776199221611,0.08775199204683304,0.06548350304365158,0.23472663760185242,0.9658752083778381
19.17348850000417,-0.5078919529914856,0.7978317141532898,0.04794706776738167,0.08792078495025635,0.06544174998998642,0.2347049117088318,0.9658679962158203
19.177513600006932,-0.507902979850769,0.7978189587593079,0.0479760468006134,0.08793561160564423,0.06526464968919754,0.23478837311267853,0.9658583402633667
19.181890200008638,-0.5079196095466614,0.7978108525276184,0.04797825589776039,0.08773116767406464,0.06542809307575226,0.23517224192619324,0.9657724499702454
19.185991000005743,-0.5079392790794373,0.7977986335754395,0.04801217094063759,0.08776973187923431,0.06528998911380768,0.2355394810438156,0.9656887650489807
19.19034630000533,-0.5079455375671387,0.7977917790412903,0.04802541807293892,0.08750312775373459,0.06517893075942993,0.235899418592453,0.9656326174736023
19.194452800002182,-0.5079546570777893,0.7977884411811829,0.04803766310214996,0.08758528530597687,0.06519278883934021,0.23588505387306213,0.9656277298927307
19.198631100007333,-0.5079558491706848,0.7977855801582336,0.04805678874254227,0.08760573714971542,0.06531646102666855,0.23581266403198242,0.9656352996826172
19.202841500009526,-0.507961094379425,0.7977842092514038,0.04807073250412941,0.08762334287166595,0.06520573794841766,0.23584996163845062,0.9656320810317993
19.207172300011734,-0.5079599618911743,0.7977829575538635,0.048086702823638916,0.08762361854314804,0.06519082188606262,0.23586221039295197,0.965630054473877
19.21134290000191,-0.5079535245895386,0.7977918386459351,0.048107802867889404,0.08764238655567169,0.06511522829532623,0.23600123822689056,0.9655994176864624
19.214873200005968,-0.5079535245895386,0.7977918386459351,0.048107802867889404,0.08764238655567169,0.06511522829532623,0.23600123822689056,0.9655994176864624
19.21818360000907,-0.5079535245895386,0.7977918386459351,0.048107802867889404,0.08764238655567169,0.06511522829532623,0.23600123822689056,0.9655994176864624
19.221583999998984,-0.5079535245895386,0.7977918386459351,0.048107802867889404,0.08764238655567169,0.06511522829532623,0.23600123822689056,0.9655994176864624
19.224964000008185,-0.5079535245895386,0.7977918386459351,0.048107802867889404,0.08764238655567169,0.06511522829532623,0.23600123822689056,0.9655994176864624
19.229082400008338,-0.5079389214515686,0.7978017330169678,0.04814014583826065,0.08765172213315964,0.06505889445543289,0.23591233789920807,0.9656240940093994
19.232618699999875,-0.5079066753387451,0.7978167533874512,0.04814508184790611,0.08745968341827393,0.06501705199480057,0.23562514781951904,0.9657144546508789
19.236280299999635,-0.5078871250152588,0.797816276550293,0.04813921079039574,0.08736399561166763,0.06489260494709015,0.23537488281726837,0.9657924771308899
19.240521500003524,-0.5078742504119873,0.7978199124336243,0.048130735754966736,0.08713654428720474,0.06488092988729477,0.2353537380695343,0.9658190608024597
19.244816000005812,-0.5078694820404053,0.7978273630142212,0.04812568426132202,0.08703266084194183,0.06484545767307281,0.2354903668165207,0.965797483921051
19.248904600011883,-0.5078560709953308,0.7978404760360718,0.048123378306627274,0.087059885263443,0.06488901376724243,0.23526747524738312,0.9658464193344116
19.253243099999963,-0.5078507661819458,0.7978515625,0.04811058193445206,0.08683265745639801,0.06491732597351074,0.23519305884838104,0.9658830165863037
19.257521400009864,-0.507848858833313,0.7978762984275818,0.0480923168361187,0.08645415306091309,0.06518463045358658,0.23519912362098694,0.9658975601196289
19.26101170000038,-0.5078402161598206,0.7978920936584473,0.04807592183351517,0.0863126888871193,0.06512622535228729,0.23511630296707153,0.9659342765808105
19.26527889999852,-0.507840096950531,0.7979005575180054,0.04805689677596092,0.08607234805822372,0.06501859426498413,0.23509465157985687,0.9659683108329773
19.270694700011518,-0.5078431963920593,0.7979149222373962,0.04805164784193039,0.08601301908493042,0.06507647782564163,0.23507453501224518,0.9659745693206787
19.274614000009024,-0.5078558921813965,0.797913134098053,0.04803682491183281,0.08584935963153839,0.06508946418762207,0.23521266877651215,0.9659546613693237
19.278117300011218,-0.5078643560409546,0.797915518283844,0.048026394098997116,0.08564190566539764,0.06504673510789871,0.23535023629665375,0.9659423828125
19.282129500003066,-0.5078840851783752,0.7979224324226379,0.04801536351442337,0.08570674061775208,0.06515855342149734,0.23541224002838135,0.9659139513969421
19.286404600003152,-0.5078978538513184,0.7979174852371216,0.04801404848694801,0.08559861779212952,0.06513571739196777,0.23553313314914703,0.9658957123756409
19.290694200011785,-0.5079207420349121,0.7979145646095276,0.04800277575850487,0.0856017991900444,0.06517163664102554,0.23565363883972168,0.9658635258674622
19.294782700002543,-0.5079466104507446,0.7978969216346741,0.04800000414252281,0.08532676845788956,0.06520669907331467,0.23642732203006744,0.9656964540481567
19.298712100004195,-0.5079638957977295,0.7978882193565369,0.04798409715294838,0.08532382547855377,0.06531012058258057,0.23662161827087402,0.9656420946121216
19.304930400001467,-0.507975161075592,0.7978857755661011,0.047979071736335754,0.08524374663829803,0.06525465846061707,0.23685377836227417,0.9655959606170654
19.308717600011732,-0.5079849362373352,0.797879159450531,0.04797013849020004,0.08527061343193054,0.06530269980430603,0.23689866065979004,0.9655793905258179
19.312985900003696,-0.5079939365386963,0.7978836894035339,0.047959305346012115,0.08524070680141449,0.06526488065719604,0.23703809082508087,0.9655503630638123
19.316949700005352,-0.5080012083053589,0.7978907823562622,0.04793812334537506,0.08533662557601929,0.0652666911482811,0.23693203926086426,0.9655678272247314
19.321141500011436,-0.5080104470252991,0.7978969216346741,0.047926172614097595,0.08542541414499283,0.06533969938755035,0.2368309199810028,0.9655798077583313
19.325100300004124,-0.5080181360244751,0.7979027628898621,0.047909826040267944,0.0853029415011406,0.06532032042741776,0.23695766925811768,0.9655609130859375
19.32855050000944,-0.5080277323722839,0.7979233264923096,0.04788907244801521,0.08499156683683395,0.06527983397245407,0.2368038445711136,0.9656287431716919
19.332001400005538,-0.5080385208129883,0.7979294657707214,0.047870952636003494,0.08493641018867493,0.06523425132036209,0.2368837594985962,0.9656171798706055
19.33614650000527,-0.5080510377883911,0.7979528903961182,0.04785159230232239,0.08489010483026505,0.06517340242862701,0.2371213138103485,0.9655670523643494
19.340640800000983,-0.5080747008323669,0.797946035861969,0.04780127853155136,0.08437478542327881,0.06534240394830704,0.2371600717306137,0.9655911922454834
19.344513600008213,-0.5080849528312683,0.7979685664176941,0.047794390469789505,0.08474264293909073,0.06549761444330215,0.23669174313545227,0.9656634330749512
19.34864280000329,-0.5081050395965576,0.7979882955551147,0.04777931421995163,0.08471539616584778,0.06546501070261002,0.23649224638938904,0.9657168984413147
19.352865300010308,-0.5081326961517334,0.7979947924613953,0.0477248914539814,0.08412274718284607,0.06540355831384659,0.23703527450561523,0.9656397104263306
19.356902600004105,-0.5081557631492615,0.798011302947998,0.04770583286881447,0.08399306982755661,0.0652640163898468,0.23710955679416656,0.9656421542167664
19.36072180001065,-0.5081557631492615,0.798011302947998,0.04770583286881447,0.08399306982755661,0.0652640163898468,0.23710955679416656,0.9656421542167664
19.365088400008972,-0.5082103610038757,0.7980366349220276,0.047652486711740494,0.08382014185190201,0.06509406864643097,0.23690684139728546,0.9657184481620789
19.369465800002217,-0.5082439184188843,0.7980499863624573,0.04762495309114456,0.08372453600168228,0.06498467177152634,0.23710717260837555,0.9656850099563599
19.373651900008554,-0.5082842707633972,0.798068106174469,0.04760093614459038,0.0839449018239975,0.06505829095840454,0.2367650270462036,0.9657447934150696
19.37805389999994,-0.5083268284797668,0.7980785369873047,0.047577615827322006,0.08381937444210052,0.06502145528793335,0.23683452606201172,0.9657410979270935
19.382458600011887,-0.5083670020103455,0.7980973720550537,0.04755835235118866,0.08366983383893967,0.06489945948123932,0.2370169460773468,0.9657175540924072
19.386466199997813,-0.5084280371665955,0.798115074634552,0.047534000128507614,0.08348298072814941,0.06459333747625351,0.23690862953662872,0.9657809138298035
19.39063150000584,-0.5084811449050903,0.7981253266334534,0.04752029851078987,0.08334453403949738,0.06436064094305038,0.23698656260967255,0.965789258480072
19.394447600003332,-0.5085358023643494,0.7981380820274353,0.04751022160053253,0.08313831686973572,0.0640939325094223,0.2372771054506302,0.9657533764839172
19.398654200005694,-0.5085849165916443,0.798149049282074,0.04749331995844841,0.08322104811668396,0.06411872059106827,0.23712535202503204,0.9657819271087646
19.40281450000475,-0.5086287260055542,0.7981637716293335,0.04746956378221512,0.08330845832824707,0.06405557692050934,0.23713330924510956,0.9657766222953796
19.406914200008032,-0.5086793303489685,0.7981760501861572,0.04744715243577957,0.08329429477453232,0.06401247531175613,0.23708775639533997,0.9657918214797974
19.41103970000404,-0.5087295174598694,0.7981943488121033,0.04742499813437462,0.08318450301885605,0.06396739184856415,0.23710507154464722,0.9658000469207764
19.415190200001234,-0.5087785124778748,0.7982138991355896,0.04739037901163101,0.08327475190162659,0.06391952186822891,0.23700450360774994,0.9658201932907104
19.419463400001405,-0.5088270306587219,0.7982336282730103,0.047366853803396225,0.08308003097772598,0.06390520930290222,0.23710830509662628,0.9658123850822449
19.423627800002578,-0.5088925361633301,0.7982621192932129,0.04733370244503021,0.0829821303486824,0.06368562579154968,0.23704367876052856,0.9658511877059937
19.428046100001666,-0.5089756846427917,0.7982597947120667,0.047291308641433716,0.08293920755386353,0.06368406862020493,0.23777976632118225,0.9656739830970764
19.43209780000325,-0.5090354681015015,0.7983080148696899,0.04727957025170326,0.08259151130914688,0.0634799599647522,0.23834872245788574,0.9655769467353821
19.4362215000001,-0.5090925097465515,0.7983226180076599,0.04725062474608421,0.0825013518333435,0.06341885030269623,0.23830950260162354,0.9655984044075012
19.440379899999243,-0.5091558694839478,0.7983450889587402,0.04720694571733475,0.0824689269065857,0.06317717581987381,0.23833127319812775,0.9656116366386414
19.445497400010936,-0.5092261433601379,0.7983456254005432,0.0471460334956646,0.08203250169754028,0.06365661323070526,0.2377214878797531,0.9657675623893738
19.44904300000053,-0.5092931389808655,0.7983697652816772,0.047120846807956696,0.081961490213871,0.0635736957192421,0.2376270443201065,0.9658023715019226
19.452773099998012,-0.509367048740387,0.798391580581665,0.047075238078832626,0.08158566802740097,0.06356147676706314,0.2376854121685028,0.9658206105232239
19.457072800010792,-0.5094267129898071,0.7984148263931274,0.04704814404249191,0.08140572905540466,0.06343380361795425,0.23784182965755463,0.96580570936203
19.46137620000809,-0.5094916820526123,0.7984429597854614,0.04702109098434448,0.08127127587795258,0.06349028646945953,0.2376108169555664,0.9658700823783875
19.46559459999844,-0.5095498561859131,0.7984724640846252,0.04699236899614334,0.08108586072921753,0.06347569078207016,0.23767508566379547,0.9658709168434143
19.46933190000709,-0.5096122026443481,0.7984972596168518,0.04696131870150566,0.08093193173408508,0.06349185109138489,0.2377094328403473,0.9658742547035217
19.473659299997962,-0.5096826553344727,0.7985292673110962,0.04693334549665451,0.08090444654226303,0.06353762745857239,0.23746532201766968,0.965933620929718
19.477723700008937,-0.5097435116767883,0.7985575795173645,0.04690859839320183,0.08073723316192627,0.06360894441604614,0.23751895129680634,0.9659297466278076
19.481761900009587,-0.509800910949707,0.7985823750495911,0.04688721522688866,0.08060307800769806,0.06359357386827469,0.23763124644756317,0.965914249420166
19.485866000002716,-0.5098676681518555,0.7986146211624146,0.04686165228486061,0.08050880581140518,0.06386957317590714,0.23776540160179138,0.9658709168434143
19.490159000008134,-0.509931743144989,0.7986438274383545,0.04684371501207352,0.08055022358894348,0.06386802345514297,0.23777267336845398,0.9658657908439636
19.494340999997803,-0.5099929571151733,0.7986729145050049,0.04683937877416611,0.0805322602391243,0.06384404003620148,0.23798848688602448,0.9658157229423523
19.498483900009887,-0.5100568532943726,0.798708438873291,0.046841032803058624,0.08077232539653778,0.0640212669968605,0.2375752329826355,0.9658856987953186
19.50268770000548,-0.5101250410079956,0.7987416982650757,0.04683234170079231,0.08085184544324875,0.06396316736936569,0.23751765489578247,0.9658970236778259
19.507183800000348,-0.5101929306983948,0.7987834811210632,0.04682960733771324,0.08074910938739777,0.06383248418569565,0.23745732009410858,0.9659291505813599
19.511796100006904,-0.5102518200874329,0.7988088130950928,0.04682046175003052,0.08052655309438705,0.06371231377124786,0.23767215013504028,0.9659028053283691
19.515219200009597,-0.5103243589401245,0.7988529205322266,0.04680506885051727,0.08051550388336182,0.06348554790019989,0.23808874189853668,0.965816080570221
19.519467000005534,-0.510383665561676,0.7988871335983276,0.046791888773441315,0.0803176537156105,0.06334249675273895,0.2381495237350464,0.9658269882202148
19.523526800010586,-0.5104634761810303,0.7989186644554138,0.0467841736972332,0.08009953051805496,0.06321268528699875,0.23816876113414764,0.9658488631248474
19.527849400008563,-0.5105327367782593,0.7989434003829956,0.04676934704184532,0.08008009195327759,0.06313864886760712,0.23816433548927307,0.9658563137054443
19.531884000010905,-0.5106117129325867,0.7989656329154968,0.04674682766199112,0.08026763796806335,0.06283184140920639,0.2381420135498047,0.9658663272857666
19.536004699999467,-0.5106760859489441,0.7989881038665771,0.04673134908080101,0.07998818159103394,0.0627247542142868,0.23820824921131134,0.9658800959587097
19.540514600012102,-0.5107510685920715,0.7990272641181946,0.04669025167822838,0.07980296015739441,0.06281643360853195,0.23852303624153137,0.9658117294311523
19.544390800001565,-0.5108292698860168,0.7990493774414062,0.046679239720106125,0.0793246254324913,0.0626160278916359,0.23866872489452362,0.9658281803131104
19.548637900006725,-0.5109260082244873,0.7990822196006775,0.04665132611989975,0.07888355851173401,0.062282122671604156,0.23910027742385864,0.9657792448997498
19.552882700008922,-0.5109992027282715,0.7991133332252502,0.04663803428411484,0.07875625789165497,0.0620766319334507,0.2390729784965515,0.9658095240592957
19.556993700010935,-0.5110761523246765,0.7991511225700378,0.04662527143955231,0.07893025875091553,0.06217746064066887,0.2386072725057602,0.9659040570259094
19.561006500007352,-0.5111672878265381,0.7991695404052734,0.04661820828914642,0.0787915587425232,0.06209411472082138,0.2386530041694641,0.9659093618392944
19.565168500004802,-0.5112295746803284,0.799201488494873,0.046610236167907715,0.07872837781906128,0.062031131237745285,0.23852691054344177,0.9659497737884521
19.569328500001575,-0.5112975239753723,0.7992327213287354,0.04660816118121147,0.07865633815526962,0.06188754737377167,0.23856714367866516,0.9659549593925476
19.57378570000583,-0.5113576650619507,0.7992616891860962,0.046600744128227234,0.07858256995677948,0.061857737600803375,0.23850257694721222,0.9659788012504578
19.57865799999854,-0.511430561542511,0.7993034720420837,0.04661460593342781,0.07864230126142502,0.06173248961567879,0.23851890861988068,0.9659779071807861
19.582850600010715,-0.5114942789077759,0.7993398904800415,0.046611636877059937,0.07852184027433395,0.061554763466119766,0.23859073221683502,0.9659812450408936
19.586438400001498,-0.5115535259246826,0.7993809580802917,0.04661776125431061,0.07858310639858246,0.06150786951184273,0.23862917721271515,0.9659697413444519
19.59049880001112,-0.5116230249404907,0.7994194626808167,0.04662830010056496,0.07854557782411575,0.06150893494486809,0.23852728307247162,0.9659979343414307
19.596177900006296,-0.5116827487945557,0.79945969581604,0.04664207249879837,0.07861064374446869,0.06150807440280914,0.23848548531532288,0.9660030007362366
19.6005329000036,-0.5117610692977905,0.7995035648345947,0.04664354398846626,0.07857251167297363,0.06172749027609825,0.23894348740577698,0.9658789038658142
19.604851000010967,-0.5118290185928345,0.7995484471321106,0.04665780067443848,0.07879748940467834,0.06184421107172966,0.23880383372306824,0.9658876657485962
19.60871390000102,-0.5118897557258606,0.7995859980583191,0.04668077453970909,0.07880652695894241,0.0618584118783474,0.23869988322257996,0.9659116864204407
19.613180100001046,-0.5119444131851196,0.7996535301208496,0.04671984538435936,0.07897850126028061,0.061838530004024506,0.23846650123596191,0.9659566283226013
19.617116499997792,-0.5120068788528442,0.7997023463249207,0.04674181342124939,0.07872408628463745,0.061676912009716034,0.23853231966495514,0.9659714102745056
19.6211345000047,-0.5120580196380615,0.7997439503669739,0.04675016924738884,0.07870672643184662,0.06165560707449913,0.2385643571615219,0.9659663438796997
19.625267200011876,-0.5121160745620728,0.799796462059021,0.046750590205192566,0.07850168645381927,0.061444032937288284,0.23863433301448822,0.9659792184829712
19.62859350000508,-0.5121855735778809,0.7998554110527039,0.046762749552726746,0.07839101552963257,0.06140487641096115,0.23849482834339142,0.966025173664093
19.632055300011416,-0.5122551918029785,0.7999207377433777,0.046762365847826004,0.07832290232181549,0.06148555502295494,0.23868457973003387,0.9659786820411682
19.635951900010696,-0.5123153328895569,0.7999669909477234,0.04677443206310272,0.07835019379854202,0.061441708356142044,0.2387189269065857,0.9659707546234131
19.64034470000479,-0.5123746395111084,0.8000138401985168,0.04678036645054817,0.07831317186355591,0.0614204928278923,0.23853644728660583,0.9660201668739319
19.644863800000167,-0.51243656873703,0.800075352191925,0.04679005220532417,0.0779050886631012,0.06126098707318306,0.23853671550750732,0.9660632014274597
19.648765300007653,-0.5125073790550232,0.8001289963722229,0.046810347586870193,0.0776706263422966,0.061033256351947784,0.23844455182552338,0.9661192893981934
19.65296279999893,-0.5125803351402283,0.8001672029495239,0.04681776091456413,0.07737866044044495,0.06088409572839737,0.23866847157478333,0.966096818447113
19.656946400005836,-0.5126505494117737,0.8002263307571411,0.046828657388687134,0.07730181515216827,0.0607261098921299,0.2385784536600113,0.9661350846290588
19.66119030000118,-0.512731671333313,0.8002898097038269,0.04684217646718025,0.07781955599784851,0.06046389415860176,0.23793230950832367,0.9662694334983826
19.665244400006486,-0.5128030180931091,0.8003434538841248,0.04686583951115608,0.07765130698680878,0.060301341116428375,0.23797661066055298,0.9662821292877197
19.66939770001045,-0.5128862857818604,0.8004329800605774,0.04687952622771263,0.0772414579987526,0.06008189916610718,0.23855334520339966,0.9661864042282104
19.673978999999235,-0.5129860639572144,0.8005062937736511,0.04688787832856178,0.07709009200334549,0.05974315106868744,0.23883698880672455,0.9661494493484497
19.677792300004512,-0.5130563974380493,0.8006021976470947,0.04693113639950752,0.07696989923715591,0.059075627475976944,0.23945499956607819,0.9660471081733704
19.68200600000273,-0.5131396651268005,0.8006822466850281,0.04697025567293167,0.07665017247200012,0.05869559943675995,0.23989111185073853,0.9659874439239502
19.68618870001228,-0.5132459402084351,0.8007720708847046,0.046993281692266464,0.07615343481302261,0.05848552659153938,0.24065342545509338,0.9658498764038086
19.690222000004724,-0.5133399963378906,0.8008763790130615,0.04702488332986832,0.07636922597885132,0.058633334934711456,0.23995593190193176,0.9659974575042725
19.694355300001916,-0.513428807258606,0.8009771704673767,0.047068383544683456,0.07556146383285522,0.05822441726922989,0.2402549386024475,0.9660113453865051
19.698284600002808,-0.5135107636451721,0.8010786771774292,0.0470988005399704,0.07526833564043045,0.057944245636463165,0.2402573972940445,0.9660505056381226
19.702445000002626,-0.5135921239852905,0.8011718988418579,0.04713458567857742,0.07502759993076324,0.057828038930892944,0.24045836925506592,0.9660261869430542
19.70683039999858,-0.5136762261390686,0.8012959361076355,0.047177646309137344,0.07435397058725357,0.05774104967713356,0.24095158278942108,0.9659605622291565
19.71094260000973,-0.5137566328048706,0.801414430141449,0.0472232811152935,0.07438138872385025,0.057634059339761734,0.2405344396829605,0.9660688042640686
19.715548000007402,-0.5138409733772278,0.8015230894088745,0.04724952578544617,0.07409560680389404,0.05749962851405144,0.2407701015472412,0.9660400748252869
19.719341700008954,-0.5139104723930359,0.8016359210014343,0.04728303477168083,0.07414448261260986,0.05753635987639427,0.240497425198555,0.9661020636558533
19.722984200008796,-0.5139104723930359,0.8016359210014343,0.04728303477168083,0.07414448261260986,0.05753635987639427,0.240497425198555,0.9661020636558533
19.728993000011542,-0.5140541195869446,0.8018862009048462,0.04735977202653885,0.07360557466745377,0.057263825088739395,0.2403939664363861,0.9661851525306702
19.73250860000553,-0.514127790927887,0.8020117282867432,0.04739764332771301,0.07356929033994675,0.05723617598414421,0.24001175165176392,0.9662845730781555
19.7365928000072,-0.5141894817352295,0.8021703958511353,0.04747225344181061,0.07335538417100906,0.05723158270120621,0.23937472701072693,0.9664592146873474
19.74107410000579,-0.5142661929130554,0.8022987246513367,0.04751535505056381,0.07342413067817688,0.057039130479097366,0.2392430305480957,0.9664979577064514
19.744568900001468,-0.5143416523933411,0.8024614453315735,0.0475490540266037,0.0739038959145546,0.057067450135946274,0.23851574957370758,0.9666393995285034
19.748534700003802,-0.5144302248954773,0.8026120662689209,0.0475829653441906,0.07387863844633102,0.05692686140537262,0.23867930471897125,0.9666092395782471
19.752688699998544,-0.5145083665847778,0.8027662634849548,0.04759752377867699,0.07394710928201675,0.05657920613884926,0.23887191712856293,0.9665769338607788
19.75693040000624,-0.5145896673202515,0.8029208183288574,0.0476386696100235,0.07401495426893234,0.05651544779539108,0.23887500166893005,0.9665747284889221
19.760951300006127,-0.514678418636322,0.803125262260437,0.04769575968384743,0.0739297941327095,0.05596742406487465,0.23955944180488586,0.966443657875061
19.765431300009368,-0.5147644877433777,0.8033025860786438,0.047738317400217056,0.07324174791574478,0.05601741373538971,0.23995138704776764,0.9663959741592407
19.770590200001607,-0.5148622989654541,0.80350261926651,0.047790225595235825,0.07307970523834229,0.05560489743947983,0.24062499403953552,0.9662644863128662
19.77453520000563,-0.5149688720703125,0.8036915063858032,0.04780249670147896,0.07226420938968658,0.05571693927049637,0.24154753983020782,0.9660892486572266
19.778706400000374,-0.5150560140609741,0.803884744644165,0.04783046618103981,0.07179777324199677,0.05565284192562103,0.24157412350177765,0.9661210775375366
19.783328600009554,-0.5151380300521851,0.8040982484817505,0.047845419496297836,0.07157354801893234,0.055363066494464874,0.2412896603345871,0.9662254452705383
19.786857500002952,-0.5152038335800171,0.8042853474617004,0.0478811077773571,0.07125496119260788,0.055458348244428635,0.2414397895336151,0.9662059545516968
19.79148620000342,-0.5152652263641357,0.8044838905334473,0.04791130870580673,0.07107273489236832,0.05556945502758026,0.24134154617786407,0.9662376046180725
19.795046800005366,-0.5153336524963379,0.8047116994857788,0.047928471118211746,0.07076431810855865,0.056163761764764786,0.2413673847913742,0.966219425201416
19.799105800004327,-0.5153863430023193,0.804939866065979,0.047959551215171814,0.0711171105504036,0.05678999423980713,0.24046988785266876,0.9663805961608887
19.803071200003615,-0.5154509544372559,0.8051570653915405,0.04797907918691635,0.07098191231489182,0.05680273473262787,0.24042116105556488,0.966401994228363
19.807260100002168,-0.5155143141746521,0.8053891062736511,0.04799698665738106,0.07106027007102966,0.05677952989935875,0.2399548888206482,0.966513454914093
19.811647399998037,-0.5155715942382812,0.805641770362854,0.04798697680234909,0.0705203041434288,0.05682261660695076,0.23961204290390015,0.966635525226593
19.81533740001032,-0.5156046748161316,0.8059219121932983,0.04801918566226959,0.06992512941360474,0.056025754660367966,0.24092638492584229,0.9663985371589661
19.819459400008782,-0.5156670212745667,0.8061997890472412,0.04805846884846687,0.06947972625494003,0.056332364678382874,0.24024945497512817,0.966581404209137
19.823420000000624,-0.5157070159912109,0.8064603209495544,0.04806280508637428,0.06894614547491074,0.05643710494041443,0.2405162751674652,0.9665470719337463
19.82773220000672,-0.5157496333122253,0.8066960573196411,0.048058491200208664,0.06838765740394592,0.056717660278081894,0.24035516381263733,0.9666103720664978
19.832015200008755,-0.5158022046089172,0.8069323897361755,0.04807732254266739,0.06762882322072983,0.05690713971853256,0.2403026819229126,0.9666656851768494
19.836078699998325,-0.5158542394638062,0.8071810603141785,0.04806409403681755,0.06803019344806671,0.05692232772707939,0.2398504763841629,0.9667490124702454
19.84319939999841,-0.5159110426902771,0.8074119091033936,0.04804028943181038,0.06815499812364578,0.05708334967494011,0.23943810164928436,0.9668329358100891
19.848662200005492,-0.516028106212616,0.8079464435577393,0.0479532852768898,0.06772332638502121,0.0577244758605957,0.23919399082660675,0.9668856263160706
19.852750999998534,-0.5160877108573914,0.8082203269004822,0.047914259135723114,0.06778796762228012,0.05782562121748924,0.23825810849666595,0.96710604429245
19.857181300001685,-0.5161605477333069,0.8084628582000732,0.04784626141190529,0.0671997219324112,0.05752618983387947,0.2383444458246231,0.967143714427948
19.861137100000633,-0.5162380337715149,0.8087669610977173,0.047802362591028214,0.06695926189422607,0.057381246238946915,0.23883366584777832,0.9670482873916626
19.865120400005253,-0.5162873864173889,0.8090261816978455,0.04776742309331894,0.06650272011756897,0.05754951387643814,0.23901717364788055,0.9670245051383972
19.869438900001114,-0.516337513923645,0.8093050122261047,0.04773201420903206,0.06623739749193192,0.057805322110652924,0.2398339807987213,0.9668251276016235
19.874548799998593,-0.5163813829421997,0.8095800876617432,0.04771723970770836,0.06643854826688766,0.05740651860833168,0.24027960002422333,0.9667243957519531
19.87806850000925,-0.5164231657981873,0.8098645806312561,0.04766590893268585,0.06519396603107452,0.05747942253947258,0.24023744463920593,0.9668153524398804
19.882068600010825,-0.5164580941200256,0.8101164102554321,0.047590989619493484,0.06457594037055969,0.05746091157197952,0.2402503788471222,0.9668546915054321
19.88640740000119,-0.5164803266525269,0.810377836227417,0.04752542823553085,0.06409013271331787,0.05742715299129486,0.2400471419095993,0.9669394493103027
19.89061300001049,-0.5165082812309265,0.8106586337089539,0.04745124280452728,0.06426802277565002,0.05766979604959488,0.23963910341262817,0.967014491558075
19.89543990000675,-0.51651531457901,0.8109449148178101,0.04736723750829697,0.0642317458987236,0.057668186724185944,0.2397313416004181,0.9669941067695618
19.898956600009114,-0.5165497064590454,0.8112476468086243,0.047282956540584564,0.06454157084226608,0.05781714245676994,0.2388792186975479,0.9671754837036133
19.902873900005943,-0.5165643095970154,0.8115398287773132,0.04718342423439026,0.06465630233287811,0.05790002644062042,0.23903170228004456,0.9671251773834229
19.906880900001852,-0.5165654420852661,0.8118361234664917,0.04707067832350731,0.06457740068435669,0.05768854171037674,0.2394273281097412,0.967045247554779
19.911190700004227,-0.5165572762489319,0.8121020197868347,0.04699162393808365,0.06442831456661224,0.05747661367058754,0.23953884840011597,0.9670401215553284
19.915271200006828,-0.51651930809021,0.8123791217803955,0.04691430181264877,0.06392547488212585,0.057568155229091644,0.23964808881282806,0.967041015625
19.919695400007186,-0.5164780020713806,0.8126473426818848,0.04682830348610878,0.06328250467777252,0.05744495242834091,0.23964346945285797,0.9670917391777039
19.925533100002212,-0.5164177417755127,0.8129673004150391,0.046725813299417496,0.062446579337120056,0.057458363473415375,0.2398173063993454,0.9671022295951843
19.929610100007267,-0.5163668990135193,0.813326895236969,0.04665504768490791,0.06154799833893776,0.05716279521584511,0.24050186574459076,0.9670073390007019
19.93310090000159,-0.5163001418113708,0.8135958909988403,0.04651051387190819,0.06138262897729874,0.05760616064071655,0.24008680880069733,0.9670946598052979
19.936604000002262,-0.516246497631073,0.8139436841011047,0.04636808857321739,0.06156565621495247,0.05755029618740082,0.23987741768360138,0.9671383500099182
19.94025650000549,-0.5161677598953247,0.8142666220664978,0.04627805948257446,0.06179279834032059,0.05716720223426819,0.2402815818786621,0.9670462608337402
19.944344200004707,-0.5160832405090332,0.814553439617157,0.0461699478328228,0.061640236526727676,0.05710899829864502,0.2403974086046219,0.9670306444168091
19.94838940000045,-0.5159793496131897,0.8148596286773682,0.04605055972933769,0.06136752665042877,0.0573444664478302,0.24043142795562744,0.9670255184173584
19.95269740000367,-0.5158780813217163,0.8151657581329346,0.04593329504132271,0.06099185347557068,0.05760129541158676,0.24037912487983704,0.9670470356941223
19.95695180000621,-0.5157985687255859,0.8154963850975037,0.04574722796678543,0.06013849750161171,0.058040913194417953,0.24059343338012695,0.9670209884643555
19.96110210000188,-0.5157015323638916,0.8157872557640076,0.04561466723680496,0.059333883225917816,0.05799908563494682,0.24106095731258392,0.9669567346572876
19.965767000001506,-0.5155924558639526,0.8161106705665588,0.045501675456762314,0.05897500365972519,0.05829424038529396,0.2406655102968216,0.9670594334602356
19.969618300005095,-0.515457034111023,0.8164674639701843,0.04536774381995201,0.05903148278594017,0.05840562656521797,0.2410036027431488,0.9669650197029114
19.97379410000576,-0.5153072476387024,0.8167672157287598,0.04521870240569115,0.05876481160521507,0.05778989940881729,0.24241216480731964,0.9666661620140076
19.977989500010153,-0.5151969790458679,0.8170733451843262,0.04503814876079559,0.05819355323910713,0.057793207466602325,0.24280555546283722,0.9666017889976501
19.981862400003592,-0.515062689781189,0.8173698782920837,0.044839367270469666,0.057891201227903366,0.057515699416399,0.24283099174499512,0.9666300415992737
19.98602110000502,-0.5149403214454651,0.8176807761192322,0.04464410990476608,0.056436724960803986,0.05733958259224892,0.24447521567344666,0.966312050819397
19.99029370000062,-0.5147870182991028,0.8179973363876343,0.044488273561000824,0.056562189012765884,0.05730392783880234,0.24437744915485382,0.9663315415382385
19.99453710000671,-0.5146465301513672,0.8183329105377197,0.044327326118946075,0.05658116936683655,0.05765347182750702,0.24335743486881256,0.9665670394897461
19.99913710000692,-0.5145238637924194,0.8186137080192566,0.04415271431207657,0.056154485791921616,0.05737604945898056,0.24368076026439667,0.9665270447731018
20.007678599999053,-0.514286458492279,0.8192484974861145,0.04377678409218788,0.056398048996925354,0.057388436049222946,0.24388916790485382,0.9664594531059265
20.011915200011572,-0.5141285061836243,0.8196016550064087,0.04360977187752724,0.054829176515340805,0.0571519136428833,0.24482011795043945,0.9663284420967102
20.015349400011473,-0.5141285061836243,0.8196016550064087,0.04360977187752724,0.054829176515340805,0.0571519136428833,0.24482011795043945,0.9663284420967102
20.019439800002147,-0.5139966607093811,0.8198874592781067,0.04343397915363312,0.05430488660931587,0.05676327645778656,0.24523010849952698,0.966277003288269
20.023884200010798,-0.5137283802032471,0.8204814195632935,0.04310474917292595,0.05367175489664078,0.05496929585933685,0.24610312283039093,0.9661940932273865
20.027902700006962,-0.5136057734489441,0.8207698464393616,0.04294208437204361,0.05320858582854271,0.054464057087898254,0.24708308279514313,0.9659982323646545
20.035671100005857,-0.5132735967636108,0.8215136528015137,0.04265635460615158,0.05426274612545967,0.05438844859600067,0.24631823599338531,0.9661390781402588
20.040031700002146,-0.5131028294563293,0.8218613862991333,0.04250761866569519,0.0548967681825161,0.054416365921497345,0.24644561111927032,0.966069221496582
20.044284600007813,-0.5129209756851196,0.8222153782844543,0.04239675775170326,0.05396171659231186,0.05455081909894943,0.2467355728149414,0.966040313243866
20.050829800005886,-0.5127248764038086,0.8225814700126648,0.04228929057717323,0.05344417318701744,0.054626379162073135,0.24690094590187073,0.9660226106643677
20.054478800011566,-0.5125342607498169,0.8229379653930664,0.042191311717033386,0.052720192819833755,0.05438540503382683,0.24771884083747864,0.9658665657043457
20.05812750000041,-0.5123486518859863,0.8233246207237244,0.04205342382192612,0.05211610347032547,0.05385182797908783,0.24921651184558868,0.9655439257621765
20.06192250001186,-0.5121570229530334,0.8237283229827881,0.04191398248076439,0.05315161496400833,0.05380379408597946,0.2483711838722229,0.9657080173492432
20.065472400005092,-0.5119637250900269,0.8241356611251831,0.0418064147233963,0.053286340087652206,0.05383361130952835,0.24884538352489471,0.9655768275260925
20.069509900000412,-0.5117529034614563,0.8245370388031006,0.041709382086992264,0.052847784012556076,0.05388488620519638,0.2488812655210495,0.9655887484550476
20.073923500007368,-0.5115429162979126,0.824956476688385,0.04157332703471184,0.05103859677910805,0.053865574300289154,0.24999384582042694,0.9653997421264648
20.07776700000977,-0.5113022327423096,0.8253475427627563,0.04145921766757965,0.0502982921898365,0.05399111285805702,0.2500012516975403,0.9654297232627869
20.08294800001022,-0.5110669732093811,0.8257564902305603,0.04133114963769913,0.04965225234627724,0.05349519103765488,0.2521163523197174,0.9649405479431152
20.0863340000069,-0.5108214020729065,0.8261668682098389,0.04118601232767105,0.04915528744459152,0.05323287844657898,0.2531684339046478,0.9647050499916077
20.090397200008738,-0.5105332732200623,0.8266153931617737,0.041094280779361725,0.050077710300683975,0.053506433963775635,0.2530435621738434,0.9646751880645752
20.09435790000134,-0.5102605223655701,0.8270356059074402,0.0409969761967659,0.0498867966234684,0.053482964634895325,0.2521373927593231,0.964923620223999
20.098683100004564,-0.5099697113037109,0.8275301456451416,0.04090077057480812,0.04814575985074043,0.053734779357910156,0.2523997128009796,0.9649295806884766
20.10315160000755,-0.5096843242645264,0.8279740810394287,0.040786683559417725,0.04765238240361214,0.052968841046094894,0.2538336515426636,0.9646201133728027
20.110845300005167,-0.5090985894203186,0.8288015127182007,0.040524985641241074,0.046455398201942444,0.053198277950286865,0.2546248137950897,0.9644574522972107
20.114936199999647,-0.5087987184524536,0.8293388485908508,0.04043004289269447,0.04708543047308922,0.05332039296627045,0.2540648877620697,0.9645678400993347
20.120410800009267,-0.508508026599884,0.8298501372337341,0.040315307676792145,0.04605855047702789,0.05401813983917236,0.2544323801994324,0.9644816517829895
20.124595700006466,-0.5081884860992432,0.8303126096725464,0.04021778702735901,0.04591067507863045,0.05338427051901817,0.2551802396774292,0.9643264412879944
20.128247600005125,-0.5078599452972412,0.8307651877403259,0.040085069835186005,0.04476696997880936,0.053391847759485245,0.2557463049888611,0.9642297625541687
20.132096100001945,-0.5075379014015198,0.8311875462532043,0.04001203551888466,0.043896809220314026,0.05359138920903206,0.25634053349494934,0.9641008973121643
20.136170800004038,-0.5071913599967957,0.8316704034805298,0.039950817823410034,0.04324198514223099,0.05364365130662918,0.25725263357162476,0.9638846516609192
20.140487600001507,-0.5068012475967407,0.832262396812439,0.039846375584602356,0.04255463927984238,0.05377238988876343,0.25636056065559387,0.9641456604003906
20.14445710000291,-0.5064182877540588,0.8327489495277405,0.039768870919942856,0.04313502833247185,0.053296905010938644,0.25584670901298523,0.964282751083374
20.149022800003877,-0.5060503482818604,0.8332067728042603,0.039707884192466736,0.042995523661375046,0.05362224578857422,0.2560950815677643,0.9642050266265869
20.153576800003066,-0.5056921243667603,0.8336668014526367,0.03962935879826546,0.04224926978349686,0.0541161485016346,0.25667494535446167,0.9640562534332275
20.157074400005513,-0.5053350925445557,0.8341683149337769,0.039552755653858185,0.04155769571661949,0.053761471062898636,0.25757932662963867,0.9638649225234985
20.161109000007855,-0.5049713253974915,0.8347713351249695,0.039433375000953674,0.04106805473566055,0.05430126190185547,0.25784724950790405,0.9637839794158936
20.165185800011386,-0.5046154856681824,0.8352760672569275,0.03933964669704437,0.040360644459724426,0.05391928181052208,0.2583939731121063,0.963688850402832
20.169309600009,-0.5042526125907898,0.8357771635055542,0.03926187381148338,0.04032183811068535,0.054579801857471466,0.2581622302532196,0.9637154340744019
20.173916500003543,-0.5038659572601318,0.836206316947937,0.039191506803035736,0.04017244651913643,0.05444671958684921,0.25724273920059204,0.9639751315116882
20.178037600009702,-0.5034891963005066,0.8367030024528503,0.03909550607204437,0.03914426639676094,0.054828327149152756,0.258733332157135,0.9635967016220093
20.182122199999867,-0.5031186938285828,0.8372936844825745,0.03905348479747772,0.03642221912741661,0.05456218868494034,0.26112642884254456,0.9630728363990784
20.18627240000933,-0.5027381777763367,0.8378545045852661,0.03896098583936691,0.03803269937634468,0.055079277604818344,0.25896844267845154,0.9635637998580933
20.190246400001342,-0.5023871064186096,0.8383261561393738,0.03884698450565338,0.03774535283446312,0.05494314804673195,0.25914135575294495,0.9635363221168518
20.19440950000717,-0.5020270347595215,0.8387988805770874,0.0387483574450016,0.036477185785770416,0.0544455423951149,0.2603318989276886,0.9632925391197205
20.19922470000165,-0.5016878247261047,0.8393386006355286,0.03866144269704819,0.03355841711163521,0.05455575883388519,0.2622539699077606,0.9628708958625793
20.203310500000953,-0.5013390779495239,0.839871883392334,0.038560446351766586,0.03585277497768402,0.05514004826545715,0.259808212518692,0.9634178876876831
20.211483999999473,-0.5005539059638977,0.8408567905426025,0.0383998267352581,0.03425246477127075,0.05521740764379501,0.260856956243515,0.9631881713867188
20.217339100010577,-0.5001582503318787,0.8413127660751343,0.03835202753543854,0.033596500754356384,0.05501442030072212,0.2618211507797241,0.9629612565040588
20.223641000004136,-0.49946773052215576,0.8423084020614624,0.03815632313489914,0.031014662235975266,0.054920345544815063,0.2635786235332489,0.962573766708374
20.228484600011143,-0.4991565942764282,0.8428158760070801,0.03808709233999252,0.03233175352215767,0.05469324067234993,0.2623485326766968,0.9628793001174927
20.231983200006653,-0.49877238273620605,0.843226969242096,0.03799425810575485,0.030077990144491196,0.0539279580116272,0.2647417187690735,0.9623404145240784
20.23646960000042,-0.4984215795993805,0.8436912298202515,0.037945300340652466,0.031361863017082214,0.05461662635207176,0.2635754644870758,0.9625806212425232
20.24136250000447,-0.49806082248687744,0.8441287279129028,0.03785521537065506,0.03063400834798813,0.055245351046323776,0.26460400223731995,0.9622859954833984
20.245137900012196,-0.4976978003978729,0.8446478843688965,0.03785634785890579,0.030147045850753784,0.05461113154888153,0.26399776339530945,0.9625040888786316
20.249411299999338,-0.4973094165325165,0.8450882434844971,0.03781565651297569,0.030501337721943855,0.05469639226794243,0.2640214264392853,0.9624815583229065
20.252891299998737,-0.49695053696632385,0.8455131649971008,0.037764955312013626,0.031132444739341736,0.054725199937820435,0.26454898715019226,0.9623148441314697
20.257955300010508,-0.49651631712913513,0.8459606170654297,0.03775688633322716,0.029789716005325317,0.05528967082500458,0.2654237151145935,0.962084174156189
20.26221610000357,-0.4961387515068054,0.8464075922966003,0.03773150220513344,0.029713880270719528,0.055215172469615936,0.2661755681037903,0.9618830680847168
20.266055800006143,-0.4957403838634491,0.8467804789543152,0.03769940510392189,0.029929691925644875,0.055753082036972046,0.2657856345176697,0.9619531035423279
20.269793100000243,-0.4954042434692383,0.8471831679344177,0.03764772042632103,0.030832350254058838,0.055949948728084564,0.2648162543773651,0.962180495262146
20.27370200000587,-0.4950225353240967,0.847625195980072,0.037607867270708084,0.030316747725009918,0.056706227362155914,0.26521188020706177,0.9620436429977417
20.27793000001111,-0.4946018159389496,0.8480510711669922,0.037621162831783295,0.03006516955792904,0.05708642676472664,0.26460719108581543,0.9621955156326294
20.28254120000929,-0.49422648549079895,0.8484582901000977,0.03759587183594704,0.0304242130368948,0.05653275176882744,0.26527923345565796,0.9620318412780762
20.28620430000592,-0.49383872747421265,0.8488868474960327,0.03753421828150749,0.030399387702345848,0.056895215064287186,0.26548951864242554,0.9619532823562622
20.290396199998213,-0.4934440553188324,0.8492568135261536,0.03751009702682495,0.029534896835684776,0.057874053716659546,0.266133189201355,0.961743950843811
20.294347000002745,-0.49309882521629333,0.8496915102005005,0.03748895227909088,0.02985367551445961,0.05834697186946869,0.263973593711853,0.9623005986213684
20.298431700008223,-0.49272218346595764,0.8500681519508362,0.03744327276945114,0.02942093089222908,0.05754074454307556,0.2653907835483551,0.9619726538658142
20.304736999998568,-0.4923422038555145,0.8504667282104492,0.03733760118484497,0.02964734472334385,0.05778695270419121,0.26564136147499084,0.961881697177887
20.31101760000456,-0.4916021227836609,0.8512503504753113,0.03718091547489166,0.0294197890907526,0.059253763407468796,0.26485636830329895,0.9620158672332764
20.315109200004372,-0.49125954508781433,0.8516284823417664,0.037105318158864975,0.027605539187788963,0.059193503111600876,0.26593804359436035,0.961775004863739
20.3194155000092,-0.4908718168735504,0.8519987463951111,0.03707338869571686,0.027103232219815254,0.05896206945180893,0.26612332463264465,0.9617522358894348
20.323559500000556,-0.49050435423851013,0.8523167371749878,0.037000954151153564,0.027060363441705704,0.059140775352716446,0.26551008224487305,0.9619119167327881
20.327776899997843,-0.49016979336738586,0.8526493906974792,0.03692866116762161,0.02719702385365963,0.0592668280005455,0.2651296854019165,0.9620052576065063
20.331750600002124,-0.48979452252388,0.8530135154724121,0.03688192367553711,0.026308530941605568,0.0596369206905365,0.266194224357605,0.9617130756378174
20.336169000001973,-0.48944565653800964,0.8533568978309631,0.036746568977832794,0.02619200013577938,0.0605127327144146,0.26662778854370117,0.9615413546562195
20.34032310001203,-0.4890540838241577,0.8536620140075684,0.03669929876923561,0.02667633630335331,0.060566164553165436,0.26666945219039917,0.9615131616592407
20.34429760000785,-0.48869776725769043,0.8539870977401733,0.036685485392808914,0.026873428374528885,0.06051415950059891,0.26706254482269287,0.9614018201828003
20.348718100009137,-0.4883486032485962,0.8542967438697815,0.03665333241224289,0.026773815974593163,0.06093290075659752,0.26740390062332153,0.9612833261489868
20.35277230000065,-0.48795709013938904,0.8546367883682251,0.03662818670272827,0.02606644667685032,0.06131738796830177,0.26695889234542847,0.9614019393920898
20.35681330000807,-0.48759084939956665,0.8549445867538452,0.03658291697502136,0.02703068032860756,0.06205141916871071,0.265392005443573,0.961762011051178
20.360980700002983,-0.48725390434265137,0.8552343845367432,0.03652717545628548,0.027282249182462692,0.06234244629740715,0.26537925004959106,0.9617395997047424
20.365273100003833,-0.48686572909355164,0.8556177020072937,0.0364740788936615,0.02817542850971222,0.06263428926467896,0.2658374309539795,0.9615682363510132
20.369437500005006,-0.48650485277175903,0.8559553623199463,0.03642578423023224,0.027889035642147064,0.06289302557706833,0.26632124185562134,0.9614258408546448
20.374497199998586,-0.48608556389808655,0.856317400932312,0.036372795701026917,0.02731199935078621,0.06336238980293274,0.26563552021980286,0.9616013169288635
20.37990620000346,-0.48573848605155945,0.8566291332244873,0.03632399067282677,0.027676232159137726,0.0640542060136795,0.2648230493068695,0.9617691040039062
20.384015700008604,-0.4853731691837311,0.8569285273551941,0.03621392697095871,0.02831677533686161,0.0645817220211029,0.26387450098991394,0.9619759321212769
20.38810110000486,-0.485014945268631,0.8572679162025452,0.0361240915954113,0.028098395094275475,0.06508629024028778,0.2636316120624542,0.9620148539543152
20.39210000001185,-0.48465046286582947,0.8576021790504456,0.03600520268082619,0.028229665011167526,0.06538520008325577,0.2637249231338501,0.9619652032852173
20.39659930000198,-0.48430517315864563,0.857921838760376,0.03592727333307266,0.027824072167277336,0.06573819369077682,0.26375195384025574,0.9619455933570862
20.400707300010254,-0.48396849632263184,0.8582467436790466,0.03580371290445328,0.028302129358053207,0.06631449609994888,0.2627154588699341,0.9621756076812744
20.405074599999352,-0.4836568832397461,0.8585561513900757,0.035690244287252426,0.028086870908737183,0.06633748859167099,0.26304447650909424,0.9620905518531799
20.408785300009185,-0.48332345485687256,0.8588449954986572,0.035552434623241425,0.027826016768813133,0.0666038766503334,0.26193562150001526,0.9623821377754211
20.413001599998097,-0.4830067455768585,0.859152615070343,0.03542150557041168,0.028370307758450508,0.06748081743717194,0.26172930002212524,0.9623612761497498
20.417074500001036,-0.4827095866203308,0.8594131469726562,0.03528052568435669,0.028413740918040276,0.06796395778656006,0.2618326246738434,0.9622979164123535
20.4224028000026,-0.4824168086051941,0.8597191572189331,0.03513051196932793,0.02793240360915661,0.06841552257537842,0.2618951201438904,0.9622630476951599
20.427979300002335,-0.48185211420059204,0.8602770566940308,0.034930791705846786,0.027996230870485306,0.06901708245277405,0.2618924081325531,0.9622189402580261
20.431990700002643,-0.4815959334373474,0.8605008125305176,0.03482566028833389,0.028347430750727654,0.06914061307907104,0.2619595229625702,0.9621815085411072
20.436029600008624,-0.4813486933708191,0.8607298135757446,0.03473001718521118,0.02806444652378559,0.06901760399341583,0.2623308002948761,0.9620975255966187
20.440279800008284,-0.48108479380607605,0.860998272895813,0.03463776037096977,0.02824721671640873,0.069487065076828,0.26237213611602783,0.9620471000671387
20.444504900005995,-0.48081544041633606,0.8612561225891113,0.03457474708557129,0.028275351971387863,0.06927165389060974,0.2620294690132141,0.9621552228927612
20.44850930001121,-0.4805726110935211,0.8615322709083557,0.034490667283535004,0.028369426727294922,0.06955835968255997,0.26251956820487976,0.9619981050491333
20.45285440000589,-0.48027506470680237,0.8617584109306335,0.034420616924762726,0.029058605432510376,0.069626085460186,0.2613123655319214,0.9623012542724609
20.457031600002665,-0.4800019860267639,0.8620297312736511,0.034420933574438095,0.028957871720194817,0.06955612450838089,0.2618195116519928,0.9621714353561401
20.46109019999858,-0.4796851873397827,0.8623181581497192,0.03439977020025253,0.029605675488710403,0.07025778293609619,0.2610137462615967,0.9623196721076965
20.46553909999784,-0.4794037640094757,0.8625441789627075,0.034372758120298386,0.029972020536661148,0.07079076766967773,0.26087045669555664,0.9623081684112549
20.46945570000389,-0.4791427552700043,0.8627642393112183,0.03435880318284035,0.030144210904836655,0.07125529646873474,0.26038721203804016,0.9623993635177612
20.47361390000151,-0.47886374592781067,0.8629991412162781,0.03434688225388527,0.030144384130835533,0.0717587098479271,0.25951752066612244,0.9625968337059021
20.477731100007077,-0.4785863757133484,0.8632534146308899,0.03434736654162407,0.030758000910282135,0.07239417731761932,0.25862663984298706,0.962769627571106
20.482081200010725,-0.47832807898521423,0.863545298576355,0.034438930451869965,0.03090294636785984,0.07223629951477051,0.25825273990631104,0.9628771543502808
20.486607900005765,-0.47801584005355835,0.8638269901275635,0.03444485366344452,0.031217018142342567,0.07253562659025192,0.2570432722568512,0.9631681442260742
20.49093840000569,-0.47772297263145447,0.8641270995140076,0.034510619938373566,0.031239451840519905,0.07314544916152954,0.25663620233535767,0.9632298350334167
20.494624900005874,-0.4774242341518402,0.8644185662269592,0.034584712237119675,0.031180981546640396,0.0737612396478653,0.2557600438594818,0.9634178280830383
20.49867390000145,-0.47716665267944336,0.864719569683075,0.03465656563639641,0.030848419293761253,0.0744086354970932,0.25573107600212097,0.9633864164352417
20.5029085999995,-0.4768826961517334,0.8650231957435608,0.034728214144706726,0.03135000914335251,0.07577197998762131,0.25431808829307556,0.9636380076408386
20.50718310000957,-0.4766307771205902,0.8653306365013123,0.03483351320028305,0.03094710037112236,0.07613421976566315,0.2546842396259308,0.9635257124900818
20.51100330000918,-0.4763956069946289,0.8656139969825745,0.03492278978228569,0.03115031123161316,0.07645188271999359,0.25386229157447815,0.9637109041213989
20.515134800007218,-0.4761268198490143,0.8659371137619019,0.03503844141960144,0.02991034835577011,0.07738574594259262,0.2534973621368408,0.9637717008590698
20.519667800006573,-0.4758804440498352,0.8662446141242981,0.0351630337536335,0.03031131625175476,0.07788113504648209,0.2527499496936798,0.9639156460762024
20.523578400010592,-0.4756189286708832,0.8665171265602112,0.035278405994176865,0.030401209369301796,0.07793718576431274,0.25226205587387085,0.9640360474586487
20.527766700004577,-0.4753360152244568,0.8668513894081116,0.035446085035800934,0.03062487579882145,0.07797189801931381,0.2525644898414612,0.9639469981193542
20.531885300006252,-0.4750562906265259,0.8671569228172302,0.03559447079896927,0.029942629858851433,0.07826442271471024,0.25220590829849243,0.9640384912490845
20.536076400007005,-0.47481459379196167,0.8674595355987549,0.035672664642333984,0.030959179624915123,0.07909886538982391,0.2517158091068268,0.9640664458274841
20.541622900011134,-0.4745430052280426,0.8677759766578674,0.03580183535814285,0.030854761600494385,0.07995761185884476,0.2515673339366913,0.9640377163887024
20.545009100009338,-0.47424760460853577,0.8680993318557739,0.03600014001131058,0.03170120716094971,0.08040668070316315,0.25194889307022095,0.9638732075691223
20.548716600009357,-0.47397691011428833,0.8684097528457642,0.036168962717056274,0.03144611790776253,0.08107107877731323,0.25204694271087646,0.9638002514839172
20.552200400008587,-0.47397691011428833,0.8684097528457642,0.036168962717056274,0.03144611790776253,0.08107107877731323,0.25204694271087646,0.9638002514839172
20.556936400011182,-0.47335952520370483,0.8690360188484192,0.03650793433189392,0.030760418623685837,0.08199174702167511,0.2516511082649231,0.9638479948043823
20.561155900009908,-0.4730287194252014,0.869382917881012,0.03672600910067558,0.02974187768995762,0.0821329727768898,0.25273606181144714,0.9635839462280273
20.565347399999155,-0.4726962447166443,0.8696593046188354,0.03686443716287613,0.029930761083960533,0.08271478861570358,0.2526920437812805,0.9635398983955383
20.569788699998753,-0.47232916951179504,0.8699643015861511,0.036989785730838776,0.03048081323504448,0.08394534885883331,0.25127050280570984,0.9637880325317383
20.57375700000557,-0.4719146490097046,0.8702504634857178,0.037158191204071045,0.0305054672062397,0.08432845026254654,0.250566303730011,0.9639370441436768
20.577721200010274,-0.47149768471717834,0.8705758452415466,0.037363216280937195,0.030234677717089653,0.08390369266271591,0.25106003880500793,0.963854193687439
20.582025499999872,-0.4710756242275238,0.8709058165550232,0.037492260336875916,0.029907261952757835,0.0850164070725441,0.25065886974334717,0.9638713598251343
20.586176500000875,-0.4706531763076782,0.8711957335472107,0.03761866316199303,0.029619868844747543,0.08576615899801254,0.25119131803512573,0.9636751413345337
20.590312700005597,-0.47019731998443604,0.8714712262153625,0.037799183279275894,0.02944318577647209,0.08673293143510818,0.2507907450199127,0.9636983871459961
20.5942703000037,-0.4696873724460602,0.87176114320755,0.03795860335230827,0.030491923913359642,0.08756764233112335,0.25091323256492615,0.9635583758354187
20.59864290000405,-0.4691866934299469,0.8719838857650757,0.038079675287008286,0.03034285455942154,0.08779326826334,0.2504969835281372,0.9636508822441101
20.603274300010526,-0.4686673879623413,0.872223973274231,0.03818369284272194,0.02954849973320961,0.08856293559074402,0.2502461075782776,0.9636702537536621
20.60714970000845,-0.4681808054447174,0.8724606037139893,0.038276638835668564,0.029446933418512344,0.08918359875679016,0.24986116588115692,0.9637159705162048
20.611211900002672,-0.4676044285297394,0.8726931810379028,0.03846511244773865,0.029996633529663086,0.08992919325828552,0.24985729157924652,0.9636308550834656
20.615940400006366,-0.46704646944999695,0.8728784918785095,0.03858926147222519,0.030574806034564972,0.09107950329780579,0.2494281381368637,0.9636157751083374
20.619545400011702,-0.46646448969841003,0.8730621933937073,0.038699861615896225,0.03032495453953743,0.09126441925764084,0.24923211336135864,0.9636568427085876
20.624666700008675,-0.46582236886024475,0.8732314705848694,0.03879609331488609,0.030277244746685028,0.09266262501478195,0.24889498949050903,0.9636121392250061
20.62871730000188,-0.46522024273872375,0.8734303116798401,0.03896598145365715,0.03119179792702198,0.0929863378405571,0.24888505041599274,0.9635542631149292
20.632458400010364,-0.4646035432815552,0.8735823631286621,0.03906621038913727,0.031943779438734055,0.09358663111925125,0.24853211641311646,0.9635626673698425
20.636565699998755,-0.4638703167438507,0.8736947178840637,0.03923267126083374,0.03198942542076111,0.09495943039655685,0.24785839021205902,0.9636003375053406
20.640360100005637,-0.4632103741168976,0.873834490776062,0.03928717225790024,0.033127132803201675,0.09630726277828217,0.24648071825504303,0.9637815356254578
20.644768900005147,-0.4625321924686432,0.8739776611328125,0.03932923451066017,0.03308822214603424,0.09669654071331024,0.2463189959526062,0.9637851715087891
20.648509700011346,-0.46180593967437744,0.8741477727890015,0.03946114704012871,0.03271687775850296,0.0969879999756813,0.2476915419101715,0.9634167551994324
20.65279740000551,-0.461118221282959,0.8742696046829224,0.039513539522886276,0.033572006970644,0.09905759245157242,0.24688538908958435,0.9633837342262268
20.659408899999107,-0.4604078531265259,0.8743942975997925,0.03956051543354988,0.03382999822497368,0.10005325824022293,0.24692359566688538,0.9632619619369507
20.664577700008522,-0.4589402675628662,0.8745898008346558,0.03954514116048813,0.03479599207639694,0.10232992470264435,0.24625423550605774,0.9631597399711609
20.669141899998067,-0.4582071602344513,0.8747100830078125,0.0395871177315712,0.03367960825562477,0.10256432741880417,0.2479848712682724,0.9627304077148438
20.673995100005413,-0.4574767053127289,0.8747689723968506,0.039597950875759125,0.03390965238213539,0.10301113873720169,0.2474748194217682,0.9628058671951294
20.67832810000982,-0.45671775937080383,0.874882161617279,0.03962334245443344,0.035068124532699585,0.10427327454090118,0.24575300514698029,0.963069498538971
20.68626800000493,-0.4560087323188782,0.8749262094497681,0.039580415934324265,0.03450087085366249,0.10547733306884766,0.24694500863552094,0.9626538157463074
20.691480000008596,-0.45446810126304626,0.8750421404838562,0.039590686559677124,0.03432387858629227,0.10701810568571091,0.2470819354057312,0.9624549150466919
20.69575270000496,-0.4537207782268524,0.8750823736190796,0.03960802033543587,0.034455668181180954,0.10754501819610596,0.2479286640882492,0.9621737599372864
20.6997784999985,-0.4529585838317871,0.8751034140586853,0.03963200002908707,0.03530676290392876,0.1084633469581604,0.24774906039237976,0.962086021900177
20.703913400007877,-0.4521806538105011,0.8750889897346497,0.03961268067359924,0.036282800137996674,0.10908576846122742,0.24665379524230957,0.9622607231140137
20.70753530001093,-0.4513992965221405,0.8750838041305542,0.039605289697647095,0.03597914054989815,0.11023195087909698,0.2470129132270813,0.9620494246482849
20.710986700010835,-0.4506525993347168,0.8750937581062317,0.03958062082529068,0.03546140715479851,0.1110009178519249,0.2480224221944809,0.9617204070091248
20.715099699998973,-0.4498537480831146,0.8750755786895752,0.03960837796330452,0.035934239625930786,0.11178234964609146,0.24871167540550232,0.9614343643188477
20.719915300011053,-0.44909924268722534,0.8750147819519043,0.03962336853146553,0.03675723448395729,0.11269771307706833,0.2487962245941162,0.9612745046615601
20.723922000004677,-0.44829779863357544,0.8749876022338867,0.039655596017837524,0.03764912113547325,0.11313175410032272,0.24833890795707703,0.9613072276115417
20.727724500000477,-0.4474721848964691,0.8749318718910217,0.0397261306643486,0.03896895423531532,0.11417436599731445,0.24865040183067322,0.961050808429718
20.731732000000193,-0.44669756293296814,0.874847948551178,0.03971864655613899,0.0383857786655426,0.11467141658067703,0.24994297325611115,0.9606797099113464
20.735816400003387,-0.4458797872066498,0.8748144507408142,0.03978366404771805,0.03781891241669655,0.11598210781812668,0.24918018281459808,0.9607430100440979
20.74202669999795,-0.4450840353965759,0.8747271299362183,0.039842620491981506,0.03836968541145325,0.11686403304338455,0.2491486519575119,0.9606224894523621
20.745972300006542,-0.4442967176437378,0.8746370673179626,0.03982003778219223,0.039519235491752625,0.11752766370773315,0.24873781204223633,0.9606013894081116
20.752637600002345,-0.44266554713249207,0.8745450973510742,0.04002523794770241,0.04174143448472023,0.11911121010780334,0.2479080706834793,0.9605268836021423
20.75685040000826,-0.44182243943214417,0.8743842840194702,0.039964575320482254,0.04109650477766991,0.1207989826798439,0.24886000156402588,0.96009761095047
20.76097830000799,-0.44100692868232727,0.8743066787719727,0.04005485773086548,0.04078320786356926,0.122064508497715,0.2490716129541397,0.9598960280418396
20.766986400005408,-0.4401550889015198,0.8741692900657654,0.04004057124257088,0.0401715449988842,0.12222199141979218,0.24877098202705383,0.9599797129631042
20.771195000008447,-0.4393466114997864,0.8741450905799866,0.040164969861507416,0.04190729185938835,0.12381141632795334,0.2483765035867691,0.9598039984703064
20.775276200001827,-0.43853893876075745,0.8740438222885132,0.04018089175224304,0.04321218281984329,0.12483545392751694,0.24723154306411743,0.9599090814590454
20.779556499997852,-0.43768635392189026,0.8739119172096252,0.040207892656326294,0.0441056452691555,0.1260700225830078,0.24695338308811188,0.9597786664962769
20.783749700000044,-0.4368697702884674,0.8738277554512024,0.040267378091812134,0.044326312839984894,0.12679968774318695,0.2470564991235733,0.9596458673477173
20.78829380001116,-0.43599218130111694,0.8736006617546082,0.04016973078250885,0.04196248948574066,0.12677063047885895,0.24851073324680328,0.9593803882598877
20.79242680000607,-0.4351993501186371,0.8736170530319214,0.04032101854681969,0.04327314347028732,0.12759003043174744,0.24956610798835754,0.9589395523071289
20.79864720000478,-0.43353211879730225,0.8733600378036499,0.04031515493988991,0.04493488371372223,0.1297980099916458,0.24790236353874207,0.9589982628822327
20.80271280001034,-0.432718425989151,0.8732427358627319,0.04037285968661308,0.04542356729507446,0.1311202198266983,0.24805259704589844,0.9587565660476685
20.80690730000788,-0.4318405091762543,0.8731169104576111,0.0403931699693203,0.046010393649339676,0.13143855333328247,0.24755705893039703,0.9588131308555603
20.811933300006785,-0.4310721755027771,0.8729507327079773,0.04032553732395172,0.0458819642663002,0.1322949230670929,0.24820536375045776,0.958533763885498
20.81543300001067,-0.4310721755027771,0.8729507327079773,0.04032553732395172,0.0458819642663002,0.1322949230670929,0.24820536375045776,0.958533763885498
20.821154900011607,-0.42943722009658813,0.8727690577507019,0.04043112322688103,0.04772639274597168,0.133254274725914,0.24857857823371887,0.9582140445709229
20.825351100007538,-0.42865508794784546,0.872661292552948,0.04039191082119942,0.047515787184238434,0.13411842286586761,0.24891337752342224,0.9580170512199402
20.829535299999407,-0.4278697669506073,0.8725417256355286,0.040379323065280914,0.04859716817736626,0.13531047105789185,0.24913431704044342,0.9577376842498779
20.83373830000346,-0.4271184504032135,0.8724642395973206,0.04046047106385231,0.04910081997513771,0.13587671518325806,0.24832342565059662,0.9578424692153931
20.837783399998443,-0.4263673722743988,0.8722966909408569,0.04041166976094246,0.0487176887691021,0.1357254832983017,0.25112685561180115,0.9571523070335388
20.842279200005578,-0.4255901873111725,0.8721488118171692,0.04037400707602501,0.050054650753736496,0.13720978796482086,0.24989283084869385,0.9571946263313293
20.846178300009342,-0.4248688519001007,0.8720423579216003,0.04038974642753601,0.050407975912094116,0.13759845495224,0.24967865645885468,0.9571762084960938
20.85022449999815,-0.42411959171295166,0.8719332218170166,0.040382228791713715,0.05095478147268295,0.13830137252807617,0.2502313256263733,0.9569016098976135
20.85440219999873,-0.4234243631362915,0.871833086013794,0.040387917309999466,0.05096418410539627,0.1386805921792984,0.2508258521556854,0.9566905498504639
20.858370100002503,-0.4227023422718048,0.8717851042747498,0.04041516035795212,0.05191645398736,0.13914860785007477,0.2512945234775543,0.9564483761787415
20.862015000006068,-0.4219949543476105,0.8716176748275757,0.04040786996483803,0.05174660310149193,0.13862377405166626,0.2534298300743103,0.9559702277183533
20.869094200010295,-0.42060479521751404,0.8714441657066345,0.04044446721673012,0.053743328899145126,0.1405721753835678,0.25292256474494934,0.9557098150253296
20.873385300001246,-0.4198992848396301,0.8713091015815735,0.0404110886156559,0.053843509405851364,0.1412535458803177,0.252069890499115,0.9558290243148804
20.877577000006568,-0.4192477762699127,0.8712071180343628,0.040406737476587296,0.0546722412109375,0.14166301488876343,0.25225111842155457,0.9556736350059509
20.881552000006195,-0.4185417592525482,0.8711041808128357,0.04042261838912964,0.055184442549943924,0.14259649813175201,0.2537384331226349,0.9551113843917847
20.88564110000152,-0.4178604185581207,0.871004581451416,0.04039444774389267,0.05455363541841507,0.1420973688364029,0.2555319666862488,0.9547438025474548
20.890093699999852,-0.41719233989715576,0.870918333530426,0.0404084287583828,0.05555851384997368,0.14280615746974945,0.25430914759635925,0.9549065828323364
20.894220800008043,-0.4164999723434448,0.8708144426345825,0.04043976217508316,0.05551457032561302,0.14392487704753876,0.2538703382015228,0.9548578858375549
20.898388800007524,-0.415805459022522,0.8707584142684937,0.04051222652196884,0.0552624836564064,0.14470288157463074,0.2546600103378296,0.9545446634292603
20.902928399998927,-0.4151630699634552,0.8707423210144043,0.04050756245851517,0.05664822831749916,0.14527755975723267,0.25394654273986816,0.954566240310669
20.90682210000523,-0.41449683904647827,0.8706901669502258,0.040528930723667145,0.05695930868387222,0.14572152495384216,0.25416964292526245,0.9544206261634827
20.91087459999835,-0.41384997963905334,0.8706161379814148,0.040570445358753204,0.057374484837055206,0.14637120068073273,0.25402477383613586,0.9543349742889404
20.914938300003996,-0.41321074962615967,0.8705017566680908,0.04058654233813286,0.05742516368627548,0.14684180915355682,0.2546549141407013,0.9540916085243225
20.91948520000733,-0.412578284740448,0.8704013824462891,0.04052110016345978,0.05700884014368057,0.14769501984119415,0.2551232874393463,0.9538597464561462
20.92378650000319,-0.4119303822517395,0.87041175365448,0.04061546176671982,0.05755462870001793,0.14769704639911652,0.2556930482387543,0.9536740183830261
20.927752300005523,-0.4113208055496216,0.870381236076355,0.040670838207006454,0.05748853459954262,0.1479981392621994,0.2558184266090393,0.9535976648330688
20.932010300006368,-0.41068077087402344,0.8703420758247375,0.040692612528800964,0.057048648595809937,0.1494871973991394,0.2553190290927887,0.953525722026825
20.936110700000427,-0.41009247303009033,0.8703333139419556,0.04075149819254875,0.05807435140013695,0.15005746483802795,0.25498583912849426,0.9534633755683899
20.94028249999974,-0.4094998240470886,0.8702540993690491,0.04080864042043686,0.05793208256363869,0.15019284188747406,0.25525081157684326,0.95337975025177
20.944462200001,-0.40889906883239746,0.8702000379562378,0.040849342942237854,0.058449845761060715,0.15053148567676544,0.2546151578426361,0.9534648060798645
20.948563800004194,-0.40834367275238037,0.8701603412628174,0.040912922471761703,0.058709703385829926,0.1509917974472046,0.25489160418510437,0.9533021450042725
20.952835000003688,-0.40777063369750977,0.8701199293136597,0.04097411781549454,0.0587976798415184,0.15124957263469696,0.25542619824409485,0.9531127214431763
20.9575143000111,-0.407255619764328,0.870065450668335,0.04101685434579849,0.05873607099056244,0.15179717540740967,0.2546013593673706,0.9532501697540283
20.96106850000797,-0.4066615104675293,0.8700730204582214,0.04111582413315773,0.056867580860853195,0.15177959203720093,0.2556191086769104,0.953093945980072
20.965513200004352,-0.4061092734336853,0.8700013160705566,0.04122889041900635,0.05820155516266823,0.1513194888830185,0.25685757398605347,0.952753484249115
20.969362700008787,-0.4055371880531311,0.869931697845459,0.041316404938697815,0.05800439417362213,0.15202869474887848,0.2569161355495453,0.9526367783546448
20.97352110000793,-0.4050833582878113,0.8699426054954529,0.04143298417329788,0.058976221829652786,0.15179431438446045,0.25648626685142517,0.9527303576469421
20.978229200001806,-0.4045572578907013,0.8699415326118469,0.04151543229818344,0.05916113778948784,0.15225407481193542,0.25630152225494385,0.9526953101158142
20.982042800009367,-0.40404972434043884,0.8699283599853516,0.04159774258732796,0.057543158531188965,0.15188638865947723,0.2587307095527649,0.9521962404251099
20.986165300011635,-0.40354350209236145,0.8699662089347839,0.041743405163288116,0.05917562544345856,0.15338237583637238,0.25693413615226746,0.9523429274559021
20.99026859999867,-0.4030914306640625,0.8700166940689087,0.04186483845114708,0.058605488389730453,0.15335161983966827,0.2571066617965698,0.9523365497589111
20.99510340001143,-0.4026147723197937,0.8700637817382812,0.041974663734436035,0.05973128229379654,0.15381845831871033,0.2568191885948181,0.9522688984870911
20.998840900007053,-0.4021822214126587,0.8701295852661133,0.042046211659908295,0.06009833887219429,0.15371836721897125,0.25666242837905884,0.9523042440414429
21.002742299999227,-0.401702344417572,0.8701901435852051,0.04215281456708908,0.06007314845919609,0.15425705909729004,0.257109671831131,0.95209801197052
21.00719050000771,-0.4012857973575592,0.870270311832428,0.042245980352163315,0.06010449677705765,0.15460899472236633,0.2570175528526306,0.9520638585090637
21.01128050000989,-0.4008609354496002,0.8703343272209167,0.04235769435763359,0.059758346527814865,0.15471868216991425,0.2569594979286194,0.9520835280418396
21.015286800000467,-0.40042659640312195,0.8704549670219421,0.04245597496628761,0.05873756483197212,0.15471045672893524,0.2583189010620117,0.951780378818512
21.019978700001957,-0.4000554084777832,0.8705835938453674,0.04256892576813698,0.05882379785180092,0.15495665371418,0.2582763731479645,0.9517465829849243
21.023705300001893,-0.39964190125465393,0.8706936836242676,0.04266290366649628,0.05868852138519287,0.15486127138137817,0.2584121823310852,0.9517336487770081
21.028267000001506,-0.39926663041114807,0.8708372712135315,0.04276640713214874,0.058449991047382355,0.1549527943134308,0.2587552070617676,0.9516401290893555
21.032154400003492,-0.39892444014549255,0.8709580302238464,0.042855970561504364,0.0582272969186306,0.15484671294689178,0.25924476981163025,0.9515377879142761
21.036064800005988,-0.3985721170902252,0.87108314037323,0.04294223338365555,0.057932719588279724,0.15494082868099213,0.2597199082374573,0.9514108896255493
21.040416500007268,-0.398185670375824,0.8712378144264221,0.04302741959691048,0.05736503005027771,0.15525151789188385,0.2600868344306946,0.951294481754303
21.044457399999374,-0.3978201746940613,0.8714027404785156,0.043128542602062225,0.056497979909181595,0.155126690864563,0.2610630691051483,0.9510992765426636
21.048768699998618,-0.397482305765152,0.8715139031410217,0.04321124404668808,0.05744289979338646,0.15504980087280273,0.2600543200969696,0.9513314962387085
21.05270090000704,-0.3971547484397888,0.871684730052948,0.04331016167998314,0.05683084577322006,0.15511605143547058,0.260732501745224,0.9511718153953552
21.05706830001145,-0.3968568444252014,0.8718239068984985,0.04338578134775162,0.05663174018263817,0.15513774752616882,0.26076799631118774,0.9511704444885254
21.061120700003812,-0.3965400159358978,0.8720148205757141,0.043481409549713135,0.055859312415122986,0.15480884909629822,0.2612157166004181,0.9511468410491943
21.06525070000498,-0.39621585607528687,0.8721807599067688,0.0435669869184494,0.05564931407570839,0.15478995442390442,0.2617585062980652,0.9510130286216736
21.069565099998727,-0.39590761065483093,0.8723345994949341,0.04365607351064682,0.056040287017822266,0.15551888942718506,0.26112326979637146,0.9510457515716553
21.074197400012054,-0.39558130502700806,0.8724811673164368,0.043748632073402405,0.05604136362671852,0.15582334995269775,0.2612299919128418,0.9509665369987488
21.07783660000132,-0.3952922523021698,0.8726609945297241,0.04383198916912079,0.05551411584019661,0.15561620891094208,0.26171642541885376,0.9508976340293884
21.08187320000434,-0.3949900269508362,0.8727980256080627,0.04392526298761368,0.05518539249897003,0.1553022861480713,0.2619064450263977,0.9509157538414001
21.085909000001266,-0.3947131633758545,0.8729751110076904,0.044057056307792664,0.054147228598594666,0.15516991913318634,0.2623611092567444,0.9508717060089111
21.089944799998193,-0.3947131633758545,0.8729751110076904,0.044057056307792664,0.054147228598594666,0.15516991913318634,0.2623611092567444,0.9508717060089111
21.09390040001017,-0.39443349838256836,0.8731298446655273,0.044171784073114395,0.05346851050853729,0.1550150364637375,0.26336121559143066,0.9506589770317078
21.09842429999844,-0.39388808608055115,0.8734155893325806,0.04436612129211426,0.05334564298391342,0.1554242968559265,0.2634583115577698,0.95057213306427
21.102720499999123,-0.3936159014701843,0.8735551238059998,0.04448021575808525,0.0533587820827961,0.15557830035686493,0.26362138986587524,0.9505009651184082
21.106833500001812,-0.39335179328918457,0.8736934065818787,0.04459339752793312,0.053499285131692886,0.1558162271976471,0.26311618089675903,0.9505940079689026
21.11136960001022,-0.39312922954559326,0.8738329410552979,0.044706881046295166,0.05327490717172623,0.15582706034183502,0.2632638216018677,0.9505639672279358
21.115175300001283,-0.3929012715816498,0.8739448189735413,0.04481210187077522,0.05326508730649948,0.15556667745113373,0.26310300827026367,0.9506517648696899
21.119945800004643,-0.3926392197608948,0.8740630745887756,0.04495172202587128,0.053371258080005646,0.15541687607765198,0.26264703273773193,0.950796365737915
21.123660099998233,-0.3924083709716797,0.8741780519485474,0.045055098831653595,0.053172383457422256,0.15550817549228668,0.2624715566635132,0.9508410692214966
21.127760500006843,-0.39218029379844666,0.8743065595626831,0.045167673379182816,0.05295473709702492,0.1556883305311203,0.2622709572315216,0.9508789777755737
21.1321683999995,-0.3919646739959717,0.8744281530380249,0.04529428854584694,0.052890148013830185,0.15562668442726135,0.26252293586730957,0.950823187828064
21.136729300007573,-0.39174723625183105,0.8745762705802917,0.045456770807504654,0.05220756679773331,0.15623274445533752,0.26182428002357483,0.9509541392326355
21.141003100012313,-0.3915383219718933,0.874697744846344,0.0456031858921051,0.05264164134860039,0.1555871218442917,0.26259902119636536,0.9508224129676819
21.14564390000305,-0.3913235068321228,0.87480628490448,0.04570336267352104,0.05247645080089569,0.15572865307331085,0.26264190673828125,0.9507965445518494
21.14932310000586,-0.3911396563053131,0.8749305009841919,0.04583137854933739,0.05257531255483627,0.15537478029727936,0.26244524121284485,0.9509032368659973
21.152791900007287,-0.3909306824207306,0.8750588893890381,0.04593242332339287,0.05182979628443718,0.15543894469738007,0.262332946062088,0.9509646892547607
21.15687780000735,-0.3907504975795746,0.87517911195755,0.04603669419884682,0.051088545471429825,0.15534573793411255,0.2623830735683441,0.9510062336921692
21.16102330001013,-0.3905504047870636,0.8753013014793396,0.04612937569618225,0.05062846094369888,0.15546028316020966,0.2620380222797394,0.9511072635650635
21.165180500000133,-0.3903440833091736,0.8754525184631348,0.046251796185970306,0.05021046847105026,0.1554785966873169,0.26125478744506836,0.9513418674468994
21.16925859999901,-0.3901585042476654,0.8755956292152405,0.04635654762387276,0.049998436123132706,0.15520283579826355,0.2609592080116272,0.9514791965484619
21.17333730000246,-0.39001068472862244,0.875775158405304,0.04647456482052803,0.049665987491607666,0.15449221432209015,0.261421799659729,0.951485276222229
21.17766840000695,-0.3898582458496094,0.8759352564811707,0.046587347984313965,0.04950058460235596,0.15451622009277344,0.26078611612319946,0.9516643285751343
21.181921800001874,-0.389717698097229,0.8760946989059448,0.046699631959199905,0.049191758036613464,0.15398943424224854,0.26090240478515625,0.9517338871955872
21.18663720000768,-0.389577716588974,0.8762660026550293,0.04679982364177704,0.04908106103539467,0.15359985828399658,0.2606886327266693,0.9518610835075378
21.192348000011407,-0.3894391357898712,0.8764493465423584,0.046919628977775574,0.04855411499738693,0.15343302488327026,0.26067811250686646,0.9519178867340088
21.19639840000309,-0.38929903507232666,0.876657247543335,0.047061737626791,0.04759325832128525,0.15343686938285828,0.2610231935977936,0.9518713355064392
21.20051520000561,-0.3891713321208954,0.8768413662910461,0.04718487709760666,0.047414399683475494,0.15315929055213928,0.260995477437973,0.9519324898719788
21.20467550000467,-0.3890291154384613,0.8770692944526672,0.047380462288856506,0.047834787517786026,0.15259188413619995,0.2614157497882843,0.9518872499465942
21.208907699998235,-0.38889092206954956,0.877293050289154,0.04752279445528984,0.04740653187036514,0.15228727459907532,0.2618342936038971,0.9518424272537231
21.21319829999993,-0.3887691795825958,0.8775458931922913,0.04769670590758324,0.04753321781754494,0.1521504819393158,0.2618306279182434,0.9518590569496155
21.21997600000759,-0.3884989619255066,0.8780472874641418,0.047976259142160416,0.04612753912806511,0.15127244591712952,0.2622581720352173,0.9519504308700562
21.223615800001426,-0.3883773386478424,0.8782750964164734,0.04810932278633118,0.04618694633245468,0.15102653205394745,0.26193875074386597,0.9520745277404785
21.22830660000909,-0.388236939907074,0.8785406351089478,0.04827869310975075,0.04621361941099167,0.15091928839683533,0.261994868516922,0.9520747661590576
21.23228750000999,-0.38810887932777405,0.8788101673126221,0.04842042177915573,0.046205077320337296,0.15042494237422943,0.26183614134788513,0.9521971344947815
21.236567200001446,-0.3879604637622833,0.8791092038154602,0.048584625124931335,0.044857192784547806,0.14993271231651306,0.26188895106315613,0.9523246884346008
21.243209100008244,-0.3878248631954193,0.8793830275535583,0.04873018339276314,0.04448830336332321,0.14995631575584412,0.26180601119995117,0.952360987663269
21.248260600012145,-0.38757091760635376,0.8799789547920227,0.04909170791506767,0.04438124597072601,0.14887022972106934,0.2628619968891144,0.9522455334663391
21.255727100011427,-0.38746708631515503,0.8802949786186218,0.049236562103033066,0.04400460049510002,0.1490417867898941,0.26229795813560486,0.9523916840553284
21.261330500012264,-0.3872315585613251,0.8808867931365967,0.04956282675266266,0.04307520017027855,0.14855733513832092,0.2618143856525421,0.9526429772377014
21.26548339999863,-0.38713520765304565,0.8812177777290344,0.049753908067941666,0.042738623917102814,0.14776083827018738,0.262068510055542,0.9527120590209961
21.269558800006052,-0.3870437741279602,0.8815248012542725,0.04991358146071434,0.04238174483180046,0.14745628833770752,0.2622544467449188,0.9527239799499512
21.27359460000298,-0.3869737684726715,0.8818642497062683,0.05008608475327492,0.0406288281083107,0.14704105257987976,0.2627186179161072,0.9527367353439331
21.278183200003696,-0.38693392276763916,0.8821465969085693,0.05026064068078995,0.03963847830891609,0.14602665603160858,0.263357549905777,0.9527580142021179
21.282262900000205,-0.38687819242477417,0.8824037909507751,0.050427213311195374,0.03954781964421272,0.1455930918455124,0.2634762227535248,0.9527953267097473
21.28616280001006,-0.38680025935173035,0.882743239402771,0.05066429078578949,0.039841409772634506,0.1456933170557022,0.26311954855918884,0.9528663158416748
21.290466899998137,-0.3867097496986389,0.883024275302887,0.050925951451063156,0.03961160033941269,0.145146906375885,0.2641475796699524,0.9526748657226562
21.29455640001106,-0.3866526782512665,0.8832976222038269,0.051143188029527664,0.0392179973423481,0.1452144831418991,0.2635829448699951,0.9528372883796692
21.298918900007266,-0.3865708112716675,0.8835598230361938,0.05134669318795204,0.03911082446575165,0.14468476176261902,0.2636531591415405,0.9529027938842773
21.30271129999892,-0.38647013902664185,0.8838688135147095,0.0516195185482502,0.03940583020448685,0.14404866099357605,0.26381915807724,0.9529411196708679
21.30722310001147,-0.3864005506038666,0.8841172456741333,0.051847971975803375,0.03866992145776749,0.14334797859191895,0.2641586661338806,0.9529827833175659
21.311746500010486,-0.3863283395767212,0.8843737244606018,0.05207163095474243,0.03762923553586006,0.1429748684167862,0.26462605595588684,0.9529508352279663
21.315272600011667,-0.3862617313861847,0.884667694568634,0.05234897509217262,0.038857392966747284,0.14257898926734924,0.2635654807090759,0.9532546997070312
21.31981500000984,-0.38618576526641846,0.8849596977233887,0.05261022225022316,0.03871152177453041,0.14171966910362244,0.2640644311904907,0.9532507061958313
21.32335880000028,-0.38618576526641846,0.8849596977233887,0.05261022225022316,0.03871152177453041,0.14171966910362244,0.2640644311904907,0.9532507061958313
21.327750900003593,-0.3860352635383606,0.8854795694351196,0.05310865864157677,0.03710607811808586,0.14129595458507538,0.2636535167694092,0.9534911513328552
21.333129100006772,-0.3859386742115021,0.885766327381134,0.05341559275984764,0.036246925592422485,0.1402992308139801,0.26449650526046753,0.9534379839897156
21.33668380000745,-0.38585612177848816,0.8860180377960205,0.05368213728070259,0.03583556413650513,0.13916082680225372,0.26503944396972656,0.9534695744514465
21.340317599999253,-0.385786771774292,0.8862466216087341,0.05392462760210037,0.03537915274500847,0.13879480957984924,0.26446494460105896,0.9536994695663452
21.344325600002776,-0.3857349157333374,0.8864989876747131,0.05418594554066658,0.035557571798563004,0.138973206281662,0.26278576254844666,0.9541308879852295
21.34877039999992,-0.3856591582298279,0.8867399096488953,0.05444381386041641,0.034553803503513336,0.13872715830802917,0.2621995806694031,0.9543647766113281
21.35466070000257,-0.3855993151664734,0.8869748115539551,0.05471375957131386,0.03417717665433884,0.13744907081127167,0.2625449597835541,0.9544683694839478
21.358975200011628,-0.3855242431163788,0.8871633410453796,0.05494571849703789,0.033962182700634,0.1367994099855423,0.2622561752796173,0.9546487331390381
21.362818599998718,-0.38543370366096497,0.8873690366744995,0.055191390216350555,0.0336499884724617,0.13656654953956604,0.261608749628067,0.9548707008361816
21.36710080000921,-0.385348379611969,0.8875681757926941,0.05542166531085968,0.03279120475053787,0.13572731614112854,0.2618771195411682,0.9549466967582703
21.37105600000359,-0.38520821928977966,0.8877023458480835,0.05569254606962204,0.030539533123373985,0.13491004705429077,0.26198846101760864,0.9551066160202026
21.37524839999969,-0.38516965508461,0.8879739046096802,0.05603514611721039,0.032165106385946274,0.1337306648492813,0.26146772503852844,0.9553618431091309
21.378539199999068,-0.38508346676826477,0.8881415128707886,0.05628269910812378,0.03169954568147659,0.13335898518562317,0.2613239884376526,0.9554686546325684
21.38208150000719,-0.38499003648757935,0.8882983922958374,0.056547123938798904,0.030766727402806282,0.13286878168582916,0.26146772503852844,0.9555280804634094
21.386358600007952,-0.38491109013557434,0.8884354829788208,0.05679389089345932,0.030177593231201172,0.13157649338245392,0.262367308139801,0.9554792046546936
21.39032460001181,-0.384822815656662,0.888563871383667,0.05703829601407051,0.029575079679489136,0.13024045526981354,0.26308295130729675,0.9554842710494995
21.394573300000047,-0.3846629858016968,0.8886483311653137,0.05725578963756561,0.027735894545912743,0.1290067881345749,0.2635781764984131,0.9555703401565552
21.39855160001025,-0.3845578134059906,0.8887810111045837,0.057513486593961716,0.02774025872349739,0.12830956280231476,0.2631628215312958,0.9557784795761108
21.40280180000991,-0.38445350527763367,0.8888639211654663,0.05776596814393997,0.026995759457349777,0.1273925006389618,0.26379677653312683,0.955747663974762
21.407002699997975,-0.38435491919517517,0.8889429569244385,0.05805542320013046,0.02695779874920845,0.12643934786319733,0.2632496953010559,0.9560261964797974
21.411605600005714,-0.38424232602119446,0.8890177607536316,0.05833373963832855,0.02707093395292759,0.1246694028377533,0.2639327645301819,0.9560670256614685
21.415316099999472,-0.3841119110584259,0.8890756964683533,0.05859382450580597,0.02677202969789505,0.12293638288974762,0.26431429386138916,0.9561945199966431
21.419436199998017,-0.3839634954929352,0.8891276121139526,0.058850690722465515,0.026842767372727394,0.12214449793100357,0.2643606662750244,0.9562811255455017
21.42390520000481,-0.3838418424129486,0.8891683220863342,0.059114374220371246,0.025830019265413284,0.12109946459531784,0.2650972306728363,0.9562380909919739
21.427716000005603,-0.38368701934814453,0.8891780376434326,0.05936878174543381,0.025577981024980545,0.1200699508190155,0.26581183075904846,0.9561762809753418
21.431940300011775,-0.3835051953792572,0.8891739249229431,0.059665385633707047,0.02538865990936756,0.11833100020885468,0.2664504945278168,0.9562203884124756
21.43610130000161,-0.38334715366363525,0.8891852498054504,0.0599350742995739,0.025792663916945457,0.11694026738405228,0.26617246866226196,0.9564580917358398
21.440363100002287,-0.3832089602947235,0.8891344666481018,0.06018880754709244,0.02580052800476551,0.11554552614688873,0.2668209373950958,0.9564465880393982
21.44464680000965,-0.3830718696117401,0.8890953660011292,0.06040876731276512,0.025508208200335503,0.1145002618432045,0.2670452892780304,0.9565175175666809
21.448513499999535,-0.382926344871521,0.8890644907951355,0.06062858924269676,0.024850046262145042,0.11324527114629745,0.26745444536209106,0.9565699696540833
21.45285960000183,-0.3827362656593323,0.8890151977539062,0.06086099147796631,0.024670975282788277,0.11179409921169281,0.2667873799800873,0.9569315314292908
21.45710520001012,-0.38252198696136475,0.8889725208282471,0.06117912381887436,0.02532779611647129,0.1094832718372345,0.26686257123947144,0.9571605920791626
21.464975200011395,-0.38205409049987793,0.8887979984283447,0.06165952607989311,0.024618500843644142,0.10686603933572769,0.2681824266910553,0.9571059942245483
21.46946530000423,-0.3818430006504059,0.8886937499046326,0.06186692789196968,0.024199286475777626,0.10563518106937408,0.26907995343208313,0.9570013284683228
21.473888600012287,-0.3816421627998352,0.8886098861694336,0.06210662052035332,0.023109016939997673,0.10396727919578552,0.2699548900127411,0.9569646120071411
21.478022399998736,-0.38141554594039917,0.888519287109375,0.062339022755622864,0.023274175822734833,0.1026841402053833,0.2703099548816681,0.956998884677887
21.482542800004012,-0.3811694383621216,0.8884037733078003,0.06259922683238983,0.02286696806550026,0.10080937296152115,0.27233871817588806,0.9566327929496765
21.486116600004607,-0.3809334933757782,0.888270914554596,0.06279831379652023,0.023091984912753105,0.09972585737705231,0.2728206515312195,0.9566035866737366
21.490206600006786,-0.3806428909301758,0.8880913853645325,0.06302320212125778,0.023374781012535095,0.0987032800912857,0.27319255471229553,0.9565966129302979
21.494279600010486,-0.38032594323158264,0.8879080414772034,0.0632442831993103,0.023441050201654434,0.09711891412734985,0.27351510524749756,0.9566650390625
21.498336200005724,-0.3800334632396698,0.887694239616394,0.06346038728952408,0.023183245211839676,0.09552580118179321,0.2743037939071655,0.9566059112548828
21.503379500005394,-0.3797275125980377,0.8875200748443604,0.06365963071584702,0.02262384258210659,0.09455091506242752,0.274819016456604,0.9565682411193848
21.508283600007417,-0.3793979287147522,0.887356162071228,0.06387107074260712,0.02275076135993004,0.09388209879398346,0.27546635270118713,0.9564449191093445
21.511846400011564,-0.37906426191329956,0.8871692419052124,0.06411092728376389,0.022995777428150177,0.09290459752082825,0.27579033374786377,0.9564411640167236
21.51545440001064,-0.37871384620666504,0.8870008587837219,0.06434120237827301,0.023259617388248444,0.09196475893259048,0.276076078414917,0.9564431309700012
21.51939420000417,-0.3783223032951355,0.8868108987808228,0.06454255431890488,0.02281336858868599,0.09063628315925598,0.27632853388786316,0.9565078616142273
21.523511899998994,-0.3779590129852295,0.886627197265625,0.06473232060670853,0.022102011367678642,0.08989643305540085,0.27789613604545593,0.9561401605606079
21.527800900003058,-0.3776015341281891,0.8864401578903198,0.06493735313415527,0.021438613533973694,0.08861421793699265,0.2794049382209778,0.9558351635932922
21.53194450000592,-0.3772302567958832,0.8862043023109436,0.06517330557107925,0.021475985646247864,0.08826397359371185,0.2805548906326294,0.9555298686027527
21.536270000011427,-0.37684372067451477,0.8859723210334778,0.06539952009916306,0.02159229852259159,0.08806385844945908,0.2803954482078552,0.9555924534797668
21.541278200005763,-0.3764162063598633,0.8857459425926208,0.0656440258026123,0.021859517320990562,0.08783863484859467,0.27922549843788147,0.955949604511261
21.544782800003304,-0.3760257065296173,0.885498583316803,0.06586264818906784,0.022298727184534073,0.08703916519880295,0.2799903154373169,0.9557888507843018
21.54864360000647,-0.3756672143936157,0.8852484822273254,0.06605154275894165,0.022162945941090584,0.08614078909158707,0.28066033124923706,0.9556769132614136
21.556411700003082,-0.3748091161251068,0.88479083776474,0.0665353462100029,0.02149125188589096,0.08409599214792252,0.2824797034263611,0.9553382396697998
21.561172000001534,-0.37439587712287903,0.8845580220222473,0.06677550077438354,0.021060412749648094,0.08353336155414581,0.28288692235946655,0.9552767276763916
21.56538320000982,-0.37400874495506287,0.8843117356300354,0.06700442731380463,0.02124795690178871,0.0827195942401886,0.2834782302379608,0.9551681876182556
21.56974840001203,-0.3736268877983093,0.8840847015380859,0.06721581518650055,0.020644070580601692,0.08186433464288712,0.28426188230514526,0.9550221562385559
21.574033199998667,-0.3731953501701355,0.8838799595832825,0.06748180836439133,0.020280050113797188,0.08122798055410385,0.28537917137145996,0.9547510743141174
21.577881500008516,-0.3727353513240814,0.8836255073547363,0.06770218908786774,0.020735938102006912,0.0808502733707428,0.2848375737667084,0.9549349546432495
21.582462300008046,-0.37233054637908936,0.8833669424057007,0.06789580732584,0.020743025466799736,0.08022018522024155,0.285072386264801,0.9549179077148438
21.58633479999844,-0.3719213604927063,0.8831290006637573,0.06812183558940887,0.0205475352704525,0.07961063832044601,0.2851370573043823,0.9549538493156433
21.590497800003504,-0.371480256319046,0.8829221725463867,0.0684388279914856,0.020394625142216682,0.07817964255809784,0.286950945854187,0.9545319080352783
21.595071000003372,-0.3710261881351471,0.8826845288276672,0.06871245056390762,0.020490514114499092,0.07813048362731934,0.2875884771347046,0.9543420076370239
21.59894219999842,-0.3706154227256775,0.8824141621589661,0.06895369291305542,0.021051906049251556,0.07782679051160812,0.28772687911987305,0.9543129205703735
21.602726600001915,-0.37013915181159973,0.8821569681167603,0.06925053894519806,0.020955733954906464,0.07691232860088348,0.287516325712204,0.954452633857727
21.606932399998186,-0.3696824610233307,0.8819475173950195,0.06948978453874588,0.02114512026309967,0.07717372477054596,0.2876318097114563,0.9543924927711487
21.61139400000684,-0.36920344829559326,0.8817216753959656,0.06969098001718521,0.02022429369390011,0.07683628797531128,0.289182186126709,0.9539710879325867
21.615239200007636,-0.3687211871147156,0.8815066814422607,0.06993509829044342,0.02031225711107254,0.07667244970798492,0.28914299607276917,0.9539942741394043
21.619418800008134,-0.36825647950172424,0.8813225626945496,0.07025282084941864,0.0194709450006485,0.07648785412311554,0.29035893082618713,0.953657329082489
21.62374650000129,-0.3678012490272522,0.8810760974884033,0.07051188498735428,0.019517749547958374,0.07648589462041855,0.29058584570884705,0.9535873532295227
21.627927300010924,-0.3673096299171448,0.8808736205101013,0.07076216489076614,0.019312884658575058,0.07603778690099716,0.29148995876312256,0.9533514380455017
21.632269499998074,-0.366781622171402,0.8806596994400024,0.07104934006929398,0.019444456323981285,0.07560751587152481,0.2906123101711273,0.9536508917808533
21.636374400011846,-0.3662761449813843,0.8804678916931152,0.0713188648223877,0.019938291981816292,0.07608915865421295,0.2897447943687439,0.9538662433624268
21.6402994000091,-0.36584240198135376,0.880241870880127,0.07153031975030899,0.02001107670366764,0.07615318149328232,0.2903628647327423,0.9536716938018799
21.644275700004073,-0.3653651475906372,0.8800327777862549,0.07180167734622955,0.019819431006908417,0.07632584124803543,0.2904999256134033,0.9536201357841492
21.648382800005493,-0.3648245930671692,0.8798151016235352,0.07207269966602325,0.019755598157644272,0.07631206512451172,0.2909046709537506,0.9534991383552551
21.652678300000844,-0.3643862307071686,0.8796205520629883,0.07234222441911697,0.01963607221841812,0.0762699767947197,0.2918115258216858,0.9532279372215271
21.6569157000049,-0.3639569580554962,0.8794310092926025,0.07259364426136017,0.019236985594034195,0.07634952664375305,0.2926073372364044,0.9529857039451599
21.66112200000498,-0.3634309470653534,0.8792291879653931,0.07291622459888458,0.019159339368343353,0.07561871409416199,0.29380977153778076,0.9526755213737488
21.665247199998703,-0.3629001975059509,0.8789290189743042,0.07317698746919632,0.01926547847688198,0.07591758668422699,0.29316723346710205,0.9528474807739258
21.66955050000979,-0.3624657988548279,0.8787051439285278,0.07343421876430511,0.01927771419286728,0.07550179213285446,0.29353684186935425,0.9527665376663208
21.673637400002917,-0.36201849579811096,0.8784877061843872,0.07371791452169418,0.0197274349629879,0.0754421204328537,0.2934310734272003,0.9527946710586548
21.678235600003973,-0.36155498027801514,0.8782398104667664,0.07399987429380417,0.02006532996892929,0.07523038238286972,0.29398876428604126,0.9526323676109314
21.681874900008552,-0.3610716462135315,0.877983570098877,0.07424136251211166,0.020423851907253265,0.07591201364994049,0.2940208315849304,0.9525607228279114
21.686113500007195,-0.3605801463127136,0.8776930570602417,0.07450441271066666,0.019917761906981468,0.07533969730138779,0.2948029041290283,0.9523751735687256
21.690400799998315,-0.36011818051338196,0.8774627447128296,0.07476082444190979,0.01920580305159092,0.07482554018497467,0.29589593410491943,0.95209139585495
21.69658070000878,-0.3596694767475128,0.8772213459014893,0.0750243216753006,0.019344512373209,0.07456648349761963,0.29656437039375305,0.951900839805603
21.700749100011308,-0.35919189453125,0.8769720792770386,0.07530759274959564,0.02019212767481804,0.07492625713348389,0.29672279953956604,0.951805591583252
21.704510100011248,-0.35870400071144104,0.8766930103302002,0.07561172544956207,0.019467076286673546,0.07464277744293213,0.29610052704811096,0.9520367383956909
21.70806679999805,-0.3582499921321869,0.876439094543457,0.07588449120521545,0.01895095594227314,0.07408635318279266,0.2966891825199127,0.9519073367118835
21.71164760000829,-0.3578081429004669,0.8761717677116394,0.07614866644144058,0.0197307076305151,0.07435037195682526,0.29672130942344666,0.9518609642982483
21.717186400011997,-0.3573465049266815,0.8758997917175293,0.07642463594675064,0.020502852275967598,0.07510130107402802,0.2974543571472168,0.9515568017959595
21.721849599998677,-0.35685858130455017,0.8756333589553833,0.07672227919101715,0.020834989845752716,0.07508742064237595,0.29689329862594604,0.9517259001731873
21.727312800008804,-0.35600897669792175,0.8750547170639038,0.07724618166685104,0.02125064842402935,0.07469894737005234,0.297597199678421,0.95152747631073
21.731524500006344,-0.35551899671554565,0.8747605085372925,0.07751458883285522,0.021690702065825462,0.07534334808588028,0.2973622679710388,0.9515401124954224
21.73628060000192,-0.35503658652305603,0.8744703531265259,0.07778780907392502,0.022283239290118217,0.07572998106479645,0.29705682396888733,0.9515911340713501
21.740343600002234,-0.3545648157596588,0.874143660068512,0.07804643362760544,0.0221888218075037,0.07560568302869797,0.29657280445098877,0.9517542719841003
21.74433850000787,-0.3541230857372284,0.8738967180252075,0.0783102959394455,0.021923774853348732,0.07527876645326614,0.29782894253730774,0.9513939619064331
21.74875780000002,-0.3536365330219269,0.8736171722412109,0.07858765870332718,0.022681567817926407,0.07587872445583344,0.2982484698295593,0.95119708776474
21.75273720000405,-0.35318079590797424,0.873319685459137,0.07885061949491501,0.023394370451569557,0.07630583643913269,0.29817888140678406,0.9511674046516418
21.757015399998636,-0.35272300243377686,0.8730114102363586,0.07910065352916718,0.023485271260142326,0.07579967379570007,0.29765966534614563,0.9513682723045349
21.76102350000292,-0.3522568941116333,0.8726933002471924,0.07933083921670914,0.023078709840774536,0.07588566094636917,0.29679378867149353,0.951641857624054
21.765093100009835,-0.3517822027206421,0.8724262118339539,0.07960624992847443,0.02336178719997406,0.0767429992556572,0.2975713908672333,0.9513232707977295
21.769433900000877,-0.35137060284614563,0.8721129298210144,0.07985947281122208,0.024612562730908394,0.07705896347761154,0.29711273312568665,0.9514095783233643
21.773488999999245,-0.35096269845962524,0.8718151450157166,0.08006024360656738,0.024682633578777313,0.07704538106918335,0.29665592312812805,0.9515514373779297
21.777748100008466,-0.3505061864852905,0.8714832067489624,0.08033162355422974,0.024183113127946854,0.07718312740325928,0.29688844084739685,0.951480507850647
21.781970700001693,-0.3500862717628479,0.8711667060852051,0.08056275546550751,0.02466617338359356,0.07695329934358597,0.2978065609931946,0.9511997699737549
21.786087500004214,-0.34969741106033325,0.870864748954773,0.08077589422464371,0.025084417313337326,0.07687327265739441,0.2984541058540344,0.9509922862052917
21.79084000000148,-0.34929531812667847,0.8705209493637085,0.08099676668643951,0.025202665477991104,0.07699096947908401,0.2986404597759247,0.9509211778640747
21.79520800001046,-0.3488245904445648,0.8701697587966919,0.08121802657842636,0.024981247261166573,0.07741554826498032,0.2979278862476349,0.9511160850524902
21.80092710000463,-0.34840360283851624,0.8698442578315735,0.0814259797334671,0.025191059336066246,0.07726956158876419,0.2985786199569702,0.9509183764457703
21.804457100006402,-0.34797826409339905,0.86949223279953,0.08165395259857178,0.02631290629506111,0.07763615995645523,0.29912689328193665,0.9506857991218567
21.808404100011103,-0.3476085960865021,0.8691588640213013,0.08189240097999573,0.026718616485595703,0.07706765085458755,0.3001364469528198,0.9504024982452393
21.81213010000647,-0.3471459746360779,0.868834912776947,0.08212652057409286,0.026765918359160423,0.07725900411605835,0.3000708818435669,0.9504063725471497
21.815593600011198,-0.34671446681022644,0.8684819936752319,0.08231290429830551,0.027102844789624214,0.07731292396783829,0.29976725578308105,0.9504881501197815
21.81982770000468,-0.3462846577167511,0.8681268095970154,0.08250157535076141,0.028035704046487808,0.07804803550243378,0.29906177520751953,0.9506232738494873
21.82343810000748,-0.34588053822517395,0.8678355813026428,0.08268599212169647,0.027868807315826416,0.07840701937675476,0.30006712675094604,0.9502817392349243
21.827742100009345,-0.34545570611953735,0.8675682544708252,0.08290483802556992,0.027898481115698814,0.07910921424627304,0.3002941608428955,0.9501510262489319
21.832009800011292,-0.34498196840286255,0.8672280311584473,0.08309277147054672,0.02832367643713951,0.07940909266471863,0.2989368736743927,0.9505412578582764
21.836152200005017,-0.34452831745147705,0.8669099807739258,0.08326305449008942,0.029617974534630775,0.07977468520402908,0.29843205213546753,0.9506298899650574
21.840313400010928,-0.34412896633148193,0.8666378855705261,0.08345311135053635,0.029926229268312454,0.0794542133808136,0.29899829626083374,0.9504690766334534
21.844294200011063,-0.34366196393966675,0.8663688898086548,0.08364477753639221,0.02986845374107361,0.08016139268875122,0.2993154227733612,0.9503117203712463
21.850373000008403,-0.3432139754295349,0.8660649061203003,0.08381295949220657,0.03010169416666031,0.08133665472269058,0.298656165599823,0.950411856174469
21.854554200006532,-0.34271687269210815,0.8657287359237671,0.08400265127420425,0.03040548600256443,0.08107399195432663,0.29823818802833557,0.9505558609962463
21.861220899998443,-0.3418519198894501,0.8651893138885498,0.08430362492799759,0.031186221167445183,0.08270113170146942,0.2980051040649414,0.950463593006134
21.86515270000382,-0.3414197564125061,0.8649036288261414,0.08441569656133652,0.03092854842543602,0.08322015404701233,0.2979482412338257,0.9504445195198059
21.869398100010585,-0.3409184217453003,0.8645815849304199,0.08459212630987167,0.03170066326856613,0.08285306394100189,0.29763925075531006,0.9505478739738464
21.874074799998198,-0.34047192335128784,0.8642742037773132,0.08479176461696625,0.03196125850081444,0.08314168453216553,0.296969473361969,0.95072340965271
21.877698299998883,-0.34003156423568726,0.8639795184135437,0.08489900827407837,0.03210368752479553,0.0846264436841011,0.2957654893398285,0.9509629607200623
21.88191170000937,-0.3396039307117462,0.8637049198150635,0.08500753343105316,0.032561324536800385,0.08550766110420227,0.29586613178253174,0.9508371949195862
21.885880200003157,-0.33910906314849854,0.8633592128753662,0.08514164388179779,0.032818540930747986,0.08584129810333252,0.2961673438549042,0.9507045149803162
21.890255400008755,-0.3386549949645996,0.8630457520484924,0.08528231084346771,0.03274427726864815,0.08631706982851028,0.295724093914032,0.9508020281791687
21.894493700005114,-0.33821049332618713,0.8627800345420837,0.08543124049901962,0.03267372399568558,0.08668457716703415,0.2957671880722046,0.9507575631141663
21.898453300003894,-0.337747186422348,0.8624957203865051,0.08557983487844467,0.03339817374944687,0.08759414404630661,0.29576969146728516,0.950648307800293
21.902865800002473,-0.337312251329422,0.8622044324874878,0.08572755008935928,0.03382057324051857,0.08789674192667007,0.29617980122566223,0.9504777789115906
21.90619950000837,-0.337312251329422,0.8622044324874878,0.08572755008935928,0.03382057324051857,0.08789674192667007,0.29617980122566223,0.9504777789115906
21.911771700004465,-0.33638888597488403,0.8616622090339661,0.08611627668142319,0.03408031910657883,0.08736438304185867,0.29731160402297974,0.9501640796661377
21.915240800008178,-0.335927814245224,0.861380398273468,0.08628737926483154,0.034640055149793625,0.08848496526479721,0.2972399592399597,0.9500625729560852
21.919468600011896,-0.33548492193222046,0.8610747456550598,0.08636215329170227,0.03546919673681259,0.08959150314331055,0.296562135219574,0.950140118598938
21.923631800003932,-0.3349945545196533,0.8607657551765442,0.08648841828107834,0.03584533929824829,0.0892915353178978,0.2963755130767822,0.9502124786376953
21.92767050000839,-0.33452072739601135,0.8605174422264099,0.08667094260454178,0.0364963561296463,0.08965527266263962,0.2961518466472626,0.9502231478691101
21.93167010000616,-0.3340747058391571,0.8602543473243713,0.0868082344532013,0.03650263324379921,0.09064607322216034,0.2962133586406708,0.9501097202301025
21.936150400011684,-0.3336740732192993,0.8600006699562073,0.08690906316041946,0.03687932714819908,0.09146639704704285,0.29572388529777527,0.950169026851654
21.940224800011492,-0.3332153260707855,0.8597524166107178,0.08702372014522552,0.037497177720069885,0.09237166494131088,0.29613444209098816,0.949929416179657
21.944411500007845,-0.3327471911907196,0.8595200181007385,0.08721718937158585,0.03806956484913826,0.09199734777212143,0.29635685682296753,0.9498735666275024
21.94869830000971,-0.33225324749946594,0.859281599521637,0.08734902739524841,0.03832685202360153,0.09220298379659653,0.29643145203590393,0.9498201012611389
21.952799300008337,-0.3318313658237457,0.859030544757843,0.08746090531349182,0.03849083185195923,0.0929085835814476,0.2946889102458954,0.9502868056297302
21.957115600002,-0.3314279317855835,0.8588042855262756,0.0875881165266037,0.038762908428907394,0.09403843432664871,0.29470744729042053,0.9501587748527527
21.961003600008553,-0.3310178220272064,0.8585957288742065,0.08770427852869034,0.03906950727105141,0.09494855254888535,0.2951670289039612,0.9499130249023438
21.96552710000833,-0.33055245876312256,0.8583934903144836,0.08784952759742737,0.03973603993654251,0.09547290205955505,0.2945761978626251,0.95001620054245
21.969731600009254,-0.3301256000995636,0.8581846952438354,0.0879511907696724,0.040251474827528,0.0957719013094902,0.29432785511016846,0.9500414133071899
21.973511800009874,-0.3297366201877594,0.857964813709259,0.08804498612880707,0.040086645632982254,0.09680968523025513,0.29382646083831787,0.9500983953475952
21.977884300009464,-0.3293565511703491,0.8577869534492493,0.0881667286157608,0.03986244648694992,0.09706432372331619,0.29431837797164917,0.9499295949935913
21.9846508000046,-0.3289852738380432,0.857586681842804,0.08825932443141937,0.04082302749156952,0.09827152639627457,0.2938254773616791,0.9499173164367676
21.988854700000957,-0.32858946919441223,0.857387363910675,0.08838888257741928,0.04086015000939369,0.09873734414577484,0.29345083236694336,0.9499831795692444
21.99466090000351,-0.32785239815711975,0.8570284247398376,0.08863911777734756,0.04032804071903229,0.09858228266239166,0.296073317527771,0.9492080211639404
22.002360400001635,-0.32718798518180847,0.8565882444381714,0.08887501806020737,0.04018267244100571,0.0997210144996643,0.29520684480667114,0.9493650197982788
22.007617900002515,-0.32687389850616455,0.8563708662986755,0.08897297084331512,0.04003177955746651,0.10014675557613373,0.29506272077560425,0.9493714570999146
22.011239300001762,-0.3265253007411957,0.8561531901359558,0.08912906795740128,0.040712203830480576,0.10065833479166031,0.2940046787261963,0.949616551399231
22.015252299999702,-0.3261830508708954,0.8559777140617371,0.08924975246191025,0.040400486439466476,0.10063735395669937,0.2950199842453003,0.9493172764778137
22.01943710001069,-0.3258839249610901,0.855817437171936,0.0893826112151146,0.04009617492556572,0.10012374818325043,0.2965455949306488,0.9489090442657471
22.023924100009026,-0.32560017704963684,0.8556352853775024,0.08949460834264755,0.04067174717783928,0.10070387274026871,0.2966940701007843,0.9487766623497009
22.02805750000698,-0.32530513405799866,0.8554497957229614,0.08957778662443161,0.04166143387556076,0.10191383957862854,0.2962384521961212,0.948746919631958
22.03187410000828,-0.32500579953193665,0.8553051352500916,0.08969251811504364,0.042498402297496796,0.10272983461618423,0.29490506649017334,0.9490371942520142
22.035911800005124,-0.3247312903404236,0.8551440834999084,0.08980821073055267,0.042506143450737,0.10293366014957428,0.2947690486907959,0.9490569233894348
22.040594999998575,-0.324415385723114,0.8550282716751099,0.0899587944149971,0.04238172248005867,0.10261648893356323,0.294880211353302,0.9490624070167542
22.044688699999824,-0.32412081956863403,0.8548974990844727,0.0900806114077568,0.041890501976013184,0.10231581330299377,0.29589951038360596,0.9487993121147156
22.0488095000037,-0.3238380551338196,0.8547606468200684,0.09021013230085373,0.04199396073818207,0.10248267650604248,0.2962813675403595,0.9486575722694397
22.052649600009318,-0.323524534702301,0.8545814752578735,0.090300053358078,0.04252465441823006,0.10346201062202454,0.2955763041973114,0.9487475752830505
22.05761010000424,-0.323260635137558,0.8544355034828186,0.09041400998830795,0.042716555297374725,0.10381127893924713,0.29502373933792114,0.9488727450370789
22.061394500007736,-0.322988897562027,0.8542951345443726,0.09052038937807083,0.04349163547158241,0.10440004616975784,0.2946954071521759,0.9488749504089355
22.065171100010048,-0.3227333724498749,0.8541712760925293,0.09063458442687988,0.04368648678064346,0.10539029538631439,0.2935529351234436,0.9491106867790222
22.069493600007263,-0.32247960567474365,0.8540468215942383,0.09076417982578278,0.04451138898730278,0.10594713687896729,0.29185524582862854,0.9495338201522827
22.07445060000464,-0.322233110666275,0.8539479970932007,0.090895876288414,0.0445898100733757,0.1058681458234787,0.2921905815601349,0.9494357705116272
22.078011999998125,-0.32196974754333496,0.8538538813591003,0.09100799262523651,0.0437244288623333,0.10607187449932098,0.29298830032348633,0.9492074847221375
22.082043600006728,-0.32170170545578003,0.8537203669548035,0.0910862386226654,0.04349157214164734,0.10641259700059891,0.29391950368881226,0.9488920569419861
22.086109000010765,-0.3214815855026245,0.8536059260368347,0.0911756157875061,0.0432797372341156,0.1067216694355011,0.294240802526474,0.9487675428390503
22.092331799998647,-0.3212485611438751,0.8534891605377197,0.09129192680120468,0.04304732382297516,0.10734236985445023,0.2946072518825531,0.9485942721366882
22.096267700006138,-0.3210342228412628,0.8533650040626526,0.09137756377458572,0.0429568774998188,0.10774966329336166,0.29490211606025696,0.9484606385231018
22.10018310000305,-0.3208121359348297,0.8532666563987732,0.09148808568716049,0.04252975806593895,0.10815060138702393,0.2951543629169464,0.9483557939529419
22.103783700003987,-0.32058653235435486,0.8531376123428345,0.0915808379650116,0.042556677013635635,0.1087678000330925,0.29419615864753723,0.9485816359519958
22.107557700001053,-0.32032257318496704,0.8530082106590271,0.09168849885463715,0.04273836314678192,0.1084437370300293,0.2938843369483948,0.9487072229385376
22.111404900002526,-0.32009199261665344,0.8528875708580017,0.09179764986038208,0.042964834719896317,0.10855059325695038,0.29416102170944214,0.948599100112915
22.11540640000021,-0.31988590955734253,0.8527535796165466,0.0918884128332138,0.042777568101882935,0.108823262155056,0.2944754362106323,0.948478639125824
22.119598400007817,-0.319696843624115,0.8526287078857422,0.09199187904596329,0.04251536726951599,0.10874631255865097,0.2951558530330658,0.9482877850532532
22.124076100008097,-0.31946101784706116,0.8525060415267944,0.09214901179075241,0.042470838874578476,0.10907521098852158,0.29606154561042786,0.9479696154594421
22.127644400010468,-0.31925931572914124,0.8523776531219482,0.09227749705314636,0.04279639571905136,0.10926211625337601,0.29620593786239624,0.9478883147239685
22.13319279999996,-0.31905171275138855,0.8522274494171143,0.09236133843660355,0.04287165403366089,0.10998013615608215,0.2956989109516144,0.9479601979255676
22.136834000004455,-0.31885451078414917,0.8521010875701904,0.09244930744171143,0.04302137717604637,0.11058129370212555,0.2950131297111511,0.9480971097946167
22.144460499999695,-0.3184053599834442,0.8518937826156616,0.09263285249471664,0.04355672746896744,0.1117539182305336,0.29270702600479126,0.9486498236656189
22.14881189999869,-0.31815043091773987,0.8517953753471375,0.09273681789636612,0.04421742260456085,0.11193481832742691,0.29152849316596985,0.9489608407020569
22.153012800001306,-0.31791946291923523,0.8516830801963806,0.09284365177154541,0.04416104406118393,0.112637959420681,0.29127633571624756,0.948957622051239
22.15701650000119,-0.3176979422569275,0.8515865802764893,0.09295070171356201,0.044490840286016464,0.11317071318626404,0.2910500168800354,0.9489482641220093
22.161109900000156,-0.3175165057182312,0.8514868021011353,0.09305043518543243,0.044626522809267044,0.11362160742282867,0.29106763005256653,0.9488825798034668
22.16533650000929,-0.3173360228538513,0.8513887524604797,0.09313490986824036,0.044463030993938446,0.11393999308347702,0.29138869047164917,0.9487535953521729
22.169393800009857,-0.3171720504760742,0.8512896299362183,0.0932357907295227,0.04464157298207283,0.11453692615032196,0.29121577739715576,0.9487264752388
22.173837499998626,-0.3169870674610138,0.8511762619018555,0.0933355987071991,0.044515371322631836,0.11521779000759125,0.29149702191352844,0.9485635161399841
22.17815839999821,-0.31680768728256226,0.851060152053833,0.09341790527105331,0.04440576955676079,0.11564088612794876,0.29159754514694214,0.9484862685203552
22.18191050000314,-0.3166126608848572,0.8509300947189331,0.09351698309183121,0.04455951601266861,0.1165599599480629,0.29145610332489014,0.9484100341796875
22.186109200003557,-0.3164353668689728,0.8508071899414062,0.0936332643032074,0.04445954039692879,0.116673544049263,0.2917022109031677,0.9483250975608826
22.190276000008453,-0.3162735104560852,0.8506739735603333,0.09374671429395676,0.04497845098376274,0.11721515655517578,0.29107674956321716,0.9484260082244873
22.19480750001094,-0.3160800635814667,0.8505557775497437,0.09385793656110764,0.04509514570236206,0.11751831322908401,0.2904497981071472,0.9485751986503601
22.199274700004025,-0.3159164488315582,0.8504214286804199,0.09398231655359268,0.04523241147398949,0.1175694391131401,0.2908783257007599,0.9484309554100037
22.20292110000446,-0.3157811164855957,0.8502988815307617,0.09407325088977814,0.044643253087997437,0.11810736358165741,0.290585458278656,0.9484817981719971
22.207159800003865,-0.31564876437187195,0.85018390417099,0.09415364265441895,0.04443211853504181,0.11836132407188416,0.29069656133651733,0.9484260082244873
22.211220800003503,-0.31551578640937805,0.8500578999519348,0.0942428782582283,0.04404270276427269,0.11850287020206451,0.2909775376319885,0.9483403563499451
22.215442400003667,-0.3153861165046692,0.849931001663208,0.0943189188838005,0.044051289558410645,0.11882904917001724,0.2911265790462494,0.9482533931732178
22.219337400005315,-0.31526339054107666,0.8498137593269348,0.09439363330602646,0.04404738172888756,0.11920731514692307,0.29122376441955566,0.9481763243675232
22.223452800011728,-0.3151347041130066,0.8496843576431274,0.09448161721229553,0.043625712394714355,0.12015217542648315,0.29156920313835144,0.9479702711105347
22.22781870000472,-0.31500211358070374,0.8495751023292542,0.0945657268166542,0.044100016355514526,0.12119445949792862,0.29131391644477844,0.9478942155838013
22.23195480000868,-0.3149091899394989,0.849452555179596,0.09464966505765915,0.04432016611099243,0.12155146896839142,0.2912462651729584,0.947858989238739
22.23612349999894,-0.3148064613342285,0.8493481278419495,0.09472832083702087,0.0442478284239769,0.12198759615421295,0.2912628650665283,0.9478011727333069
22.24036170000909,-0.31471121311187744,0.8492451906204224,0.09479901194572449,0.04417010024189949,0.12245094776153564,0.2912849187850952,0.9477382898330688
22.244485700008227,-0.31459808349609375,0.849155068397522,0.0949023887515068,0.04415789619088173,0.12292475253343582,0.29109445214271545,0.9477360248565674
22.248603100000764,-0.3144843280315399,0.8490416407585144,0.09498719871044159,0.04412374645471573,0.12309462577104568,0.29070302844047546,0.9478357434272766
22.252708700005314,-0.314384400844574,0.8489453196525574,0.09507191926240921,0.04415332153439522,0.1232505589723587,0.2906751334667206,0.9478226900100708
22.25742040001205,-0.31428176164627075,0.8488284945487976,0.0951296016573906,0.04391476511955261,0.12359778583049774,0.290529727935791,0.9478330612182617
22.26148380000086,-0.31416618824005127,0.8487157225608826,0.09519912302494049,0.04381269961595535,0.12379874289035797,0.29069164395332336,0.9477619528770447
22.26556870000786,-0.3140169680118561,0.8485880494117737,0.09527818113565445,0.04371454939246178,0.1238347664475441,0.29053235054016113,0.9478105902671814
22.270183000000543,-0.31388425827026367,0.8484713435173035,0.09535032510757446,0.04369932785630226,0.12450476735830307,0.2906813621520996,0.9476779103279114
22.27393770001072,-0.31377172470092773,0.8483706712722778,0.095408134162426,0.04363454505801201,0.12497112154960632,0.2907359302043915,0.9476027488708496
22.278076400005375,-0.3136619031429291,0.8482635617256165,0.09546016156673431,0.04353739321231842,0.12538786232471466,0.29075291752815247,0.9475468993186951
22.283920800007763,-0.3135300874710083,0.8481601476669312,0.09552858024835587,0.04370274394750595,0.1260748952627182,0.29077979922294617,0.9474398493766785
22.287791700000525,-0.3134104609489441,0.8480609059333801,0.09556091576814651,0.04339988902211189,0.12636445462703705,0.29115036129951477,0.94730144739151
22.292307900002925,-0.3132973909378052,0.8479601740837097,0.09561556577682495,0.04332621395587921,0.1269187033176422,0.2906026840209961,0.9473989009857178
22.296516500005964,-0.31318387389183044,0.847864031791687,0.09564774483442307,0.04315425455570221,0.12752628326416016,0.2903268039226532,0.9474096894264221
22.30267869999807,-0.3129329979419708,0.8476815223693848,0.0957271158695221,0.04337063059210777,0.12905199825763702,0.2897513806819916,0.9473694562911987
22.3077428000106,-0.31281429529190063,0.8475722670555115,0.09575390070676804,0.043294697999954224,0.12987864017486572,0.28907984495162964,0.9474650025367737
22.31123240001034,-0.31269440054893494,0.8474594950675964,0.09578060358762741,0.04336854815483093,0.1307653784751892,0.288374662399292,0.9475545883178711
22.315245900012087,-0.31257107853889465,0.8473482131958008,0.09581677615642548,0.043382320553064346,0.13142873346805573,0.2883414924144745,0.9474722743034363
22.319854000001214,-0.31243085861206055,0.8472295999526978,0.0958484634757042,0.04281041398644447,0.13245923817157745,0.2881474792957306,0.9474137425422668
22.32381919999898,-0.31230321526527405,0.847124457359314,0.09587684273719788,0.042763449251651764,0.1331777274608612,0.2879664897918701,0.9473702311515808
22.327741500004777,-0.3121844232082367,0.8470149636268616,0.09589679539203644,0.042566198855638504,0.13375170528888702,0.288051575422287,0.9472724199295044
22.33239960001083,-0.312039852142334,0.8469103574752808,0.09592738747596741,0.04256165400147438,0.13462240993976593,0.2882964015007019,0.9470747113227844
22.33627830000478,-0.3119144141674042,0.8467980027198792,0.09599072486162186,0.042226359248161316,0.1346501260995865,0.2892170250415802,0.9468051195144653
22.340384600000107,-0.3118048906326294,0.846695601940155,0.09602543711662292,0.04219814017415047,0.13519547879695892,0.2892554700374603,0.946716845035553
22.344282300007762,-0.31167080998420715,0.8465819954872131,0.09606681764125824,0.0420914851129055,0.13542507588863373,0.28889232873916626,0.946799635887146
22.34843680000631,-0.3115745484828949,0.8464738130569458,0.09610456973314285,0.042119100689888,0.1359962522983551,0.28857988119125366,0.946811854839325
22.3544538999995,-0.3114814758300781,0.8463588953018188,0.09614019095897675,0.04204145446419716,0.1365351527929306,0.28830087184906006,0.9468227624893188
22.358818599997903,-0.3113904297351837,0.8462333679199219,0.09617090970277786,0.04199087247252464,0.13722433149814606,0.2873758375644684,0.9470065832138062
22.36282980001124,-0.3113061189651489,0.8460955023765564,0.09621327370405197,0.041719067841768265,0.1375439167022705,0.28730908036231995,0.9469924569129944
22.367279900005087,-0.3112400770187378,0.8459430932998657,0.0962572991847992,0.04181128740310669,0.138125941157341,0.28646522760391235,0.9471592903137207
22.374550699998508,-0.31109896302223206,0.8456861972808838,0.09636099636554718,0.04164120927453041,0.13975869119167328,0.2849212884902954,0.947393000125885
22.378999400010798,-0.31105270981788635,0.8455345034599304,0.09641503542661667,0.04142538085579872,0.14021587371826172,0.2845117151737213,0.9474579691886902
22.386466199997813,-0.3109912872314453,0.8452761769294739,0.09651511907577515,0.04098343849182129,0.1406511515378952,0.28442835807800293,0.9474376440048218
22.39153290000104,-0.31097763776779175,0.845142126083374,0.09656088799238205,0.040793925523757935,0.14095695316791534,0.2842438817024231,0.9474558234214783
22.39724109999952,-0.3109716773033142,0.8450058102607727,0.09662093222141266,0.04051011800765991,0.14114663004875183,0.2845390737056732,0.9473511576652527
22.402304700008244,-0.3110063374042511,0.8447216749191284,0.09676523506641388,0.04043854400515556,0.14133940637111664,0.28434374928474426,0.9473839998245239
22.406627000003937,-0.3110356628894806,0.8445820808410645,0.09681282192468643,0.0401550829410553,0.14138263463974,0.2843308746814728,0.947393536567688
22.41139190000831,-0.3110760450363159,0.8444490432739258,0.09687703847885132,0.03986800089478493,0.14158321917057037,0.2842263877391815,0.9474071264266968
22.415311700009624,-0.3111253082752228,0.8442978262901306,0.09694287180900574,0.03942719101905823,0.14153122901916504,0.2848612368106842,0.9472426176071167
22.41934730000503,-0.31118589639663696,0.8441438674926758,0.09699511528015137,0.03911089152097702,0.14167317748069763,0.284611314535141,0.9473095536231995
22.424032499999157,-0.3112469017505646,0.8440043926239014,0.09706826508045197,0.039002083241939545,0.14167721569538116,0.28463655710220337,0.9473059177398682
22.427945100003853,-0.3113138973712921,0.843859851360321,0.09713295847177505,0.03883235529065132,0.14170320332050323,0.284345418214798,0.947396457195282
22.432003499998245,-0.31139570474624634,0.8437047004699707,0.09719544649124146,0.038411565124988556,0.14160917699337006,0.28450244665145874,0.9473804831504822
22.436235200002557,-0.3114584684371948,0.8435611724853516,0.09729988127946854,0.038334399461746216,0.14121034741401672,0.28439730405807495,0.9474747776985168
22.440290400001686,-0.3114584684371948,0.8435611724853516,0.09729988127946854,0.038334399461746216,0.14121034741401672,0.28439730405807495,0.9474747776985168
22.444423400011146,-0.311616986989975,0.8432254791259766,0.09749384969472885,0.03854339197278023,0.14081516861915588,0.28408029675483704,0.9476200938224792
22.448395700004767,-0.31170228123664856,0.8430657386779785,0.09756846725940704,0.03840170055627823,0.14054246246814728,0.283351868391037,0.9478845000267029
22.452771199998097,-0.3117982745170593,0.8429276347160339,0.09761376678943634,0.03852977976202965,0.14045512676239014,0.2830612063407898,0.9479789733886719
22.45690150000155,-0.31188973784446716,0.8427926301956177,0.09766834229230881,0.0382930263876915,0.14058957993984222,0.2829096019268036,0.9480139017105103
22.46110790000239,-0.3119833171367645,0.8426620364189148,0.09773502498865128,0.03801240026950836,0.14042919874191284,0.28316783905029297,0.9479718804359436
22.465257800009567,-0.3121090233325958,0.8425118327140808,0.09778037667274475,0.03790939599275589,0.13998018205165863,0.28336265683174133,0.9479842185974121
22.469318600007682,-0.3122219145298004,0.8423900008201599,0.09784786403179169,0.037964288145303726,0.14014624059200287,0.2831052243709564,0.9480344653129578
22.47338409999793,-0.3123301863670349,0.8422616720199585,0.09790989011526108,0.03782767057418823,0.14021718502044678,0.28299474716186523,0.9480623006820679
22.47794779999822,-0.31246301531791687,0.8421225547790527,0.09796355664730072,0.03799818083643913,0.13987402617931366,0.2826756536960602,0.9482014179229736
22.481867100010277,-0.3126020133495331,0.8420040607452393,0.09801934659481049,0.03774416819214821,0.14020462334156036,0.2830229103565216,0.9480592012405396
22.486613900007796,-0.31274324655532837,0.8418616056442261,0.09808418899774551,0.0375763438642025,0.14031189680099487,0.2829696536064148,0.9480658769607544
22.49034770000435,-0.31284573674201965,0.841724693775177,0.09819121658802032,0.037845712155103683,0.13950838148593903,0.2829785645008087,0.948171079158783
22.494425800003228,-0.3129757046699524,0.8415780663490295,0.09828124940395355,0.03779955580830574,0.1393766552209854,0.28272125124931335,0.9482689499855042
22.498832800003584,-0.3130967617034912,0.8414211869239807,0.09834113717079163,0.03704211488366127,0.13870368897914886,0.28403642773628235,0.9480044841766357
22.50327929999912,-0.31324660778045654,0.8412787318229675,0.09841091930866241,0.036049600690603256,0.13790398836135864,0.28471189737319946,0.9479568600654602
22.507298299999093,-0.3133612275123596,0.841116189956665,0.09844601899385452,0.0350642129778862,0.1374811977148056,0.2858498692512512,0.9477126598358154
22.511029900007998,-0.31347912549972534,0.8409459590911865,0.09850147366523743,0.03500308841466904,0.13734349608421326,0.2860381603240967,0.9476780295372009
22.515213800012134,-0.3135997951030731,0.8408021330833435,0.09856651723384857,0.03467145934700966,0.13723042607307434,0.2862513065338135,0.9476422667503357
22.51979650001158,-0.3137202560901642,0.8406853675842285,0.09864094108343124,0.03494589403271675,0.13754145801067352,0.2857514023780823,0.947737991809845
22.523800900002243,-0.31382355093955994,0.8405526876449585,0.09869003295898438,0.034742578864097595,0.13752958178520203,0.2858121693134308,0.9477288722991943
22.52784770001017,-0.31394368410110474,0.8403788208961487,0.0987132266163826,0.03532715514302254,0.13732609152793884,0.2856517434120178,0.9477851986885071
22.5317747000081,-0.31405025720596313,0.8402425646781921,0.09875643998384476,0.03535586968064308,0.13726121187210083,0.28553175926208496,0.9478296637535095
22.535939200010034,-0.31417545676231384,0.8401091694831848,0.09879837930202484,0.0351685993373394,0.13725616037845612,0.2851308286190033,0.9479579925537109
22.540429700005916,-0.314285010099411,0.8399805426597595,0.09885430335998535,0.035052888095378876,0.13676857948303223,0.28504684567451477,0.948058009147644
22.544360900006723,-0.31438833475112915,0.8398444056510925,0.0989178717136383,0.034923240542411804,0.13643229007720947,0.2851503789424896,0.9480801224708557
22.548974400007864,-0.3144882917404175,0.8396918773651123,0.09898784011602402,0.034129008650779724,0.13561876118183136,0.2858518362045288,0.9480145573616028
22.552724900000612,-0.314584344625473,0.8395255208015442,0.09907674789428711,0.0346096009016037,0.13544900715351105,0.28592661023139954,0.9479987621307373
22.556886999998824,-0.3146848976612091,0.8393661379814148,0.09909903258085251,0.03366564214229584,0.1348274052143097,0.28701305389404297,0.9477930665016174
22.56118570000399,-0.3147801160812378,0.8392081260681152,0.09914296865463257,0.03328990191221237,0.1347140669822693,0.28730639815330505,0.9477335810661316
22.565521500000614,-0.3148713707923889,0.8390524983406067,0.09919232130050659,0.0329638347029686,0.13452990353107452,0.2874275743961334,0.9477344751358032
22.569655900006182,-0.3149830400943756,0.8388473391532898,0.09921196848154068,0.032540272921323776,0.13400915265083313,0.28794610500335693,0.9476653933525085
22.57344350000494,-0.3150782585144043,0.838660717010498,0.0992559865117073,0.03194277361035347,0.13400577008724213,0.28817296028137207,0.94761723279953
22.577624800003832,-0.3151794373989105,0.8385012745857239,0.09931473433971405,0.03197487071156502,0.13427285850048065,0.28694382309913635,0.9479513168334961
22.582463500002632,-0.31528112292289734,0.8383474349975586,0.0993523895740509,0.03174155205488205,0.13415803015232086,0.2871665060520172,0.9479080438613892
22.58598860001075,-0.31540343165397644,0.8381913304328918,0.09938602149486542,0.031435370445251465,0.13371194899082184,0.28688326478004456,0.9480669498443604
22.590359100009664,-0.31552842259407043,0.838012158870697,0.09940749406814575,0.03185446560382843,0.13324344158172607,0.28667521476745605,0.9481819272041321
22.5945417000039,-0.31565922498703003,0.837836742401123,0.09944546967744827,0.03227677941322327,0.1328766644001007,0.28632891178131104,0.9483237266540527
22.598545500004548,-0.31577688455581665,0.837666392326355,0.09950219839811325,0.03226238861680031,0.132195383310318,0.28629517555236816,0.948429524898529
22.602745800002594,-0.3158907890319824,0.8375140428543091,0.09955255687236786,0.031875625252723694,0.1319512575864792,0.2870297133922577,0.9482545852661133
22.60705040000903,-0.3159898519515991,0.8373402953147888,0.09960715472698212,0.03181469440460205,0.13190734386444092,0.2866860032081604,0.9483667016029358
22.61140449999948,-0.3161063492298126,0.837130069732666,0.0996343120932579,0.031174814328551292,0.13142217695713043,0.2876547873020172,0.9481619596481323
22.615162800007965,-0.3161063492298126,0.837130069732666,0.0996343120932579,0.031174814328551292,0.13142217695713043,0.2876547873020172,0.9481619596481323
22.619472300008056,-0.3163082003593445,0.8367664217948914,0.09968061745166779,0.030036402866244316,0.13090862333774567,0.2888641357421875,0.9479020237922668
22.623862300009932,-0.3163999617099762,0.8365848660469055,0.09969852864742279,0.02973669022321701,0.13089504837989807,0.2887357175350189,0.9479525089263916
22.62808180000866,-0.31649255752563477,0.8364050388336182,0.09971927106380463,0.029328681528568268,0.130835622549057,0.2888084053993225,0.9479513168334961
22.632089200007613,-0.31659135222435,0.8361732363700867,0.09973200410604477,0.02923300303518772,0.13069382309913635,0.28905972838401794,0.9478971362113953
22.63611970000784,-0.3166944980621338,0.8359662294387817,0.09974514693021774,0.029505008831620216,0.13021065294742584,0.28933170437812805,0.9478722810745239
22.640333200004534,-0.31679466366767883,0.8357824087142944,0.09977643191814423,0.02937372587621212,0.1300119310617447,0.28909602761268616,0.9479755163192749
22.644792600010987,-0.3168945014476776,0.8355727195739746,0.09979797154664993,0.029402565211057663,0.12947261333465576,0.28932079672813416,0.9479798078536987
22.64852930000052,-0.31700143218040466,0.8353396058082581,0.09984741359949112,0.028947772458195686,0.1287132203578949,0.2898530066013336,0.9479347467422485
22.652824500008137,-0.3170975148677826,0.8351082801818848,0.09987287223339081,0.028420282527804375,0.12799356877803802,0.2906658947467804,0.9477991461753845
22.656877600005828,-0.31718412041664124,0.8348968029022217,0.0998934730887413,0.028066415339708328,0.1275450587272644,0.2913209795951843,0.9476690292358398
22.6610331999982,-0.3172791302204132,0.8346608281135559,0.09990642219781876,0.027677513659000397,0.12719431519508362,0.29181283712387085,0.9475763440132141
22.66540199999872,-0.31735584139823914,0.8344517350196838,0.09994014352560043,0.02723497338593006,0.1268140971660614,0.29257267713546753,0.9474057555198669
22.669402100000298,-0.317426860332489,0.8342323303222656,0.09995167702436447,0.0273249763995409,0.12682747840881348,0.29189690947532654,0.9476098418235779
22.67410910000035,-0.3175089955329895,0.8339943289756775,0.09997369349002838,0.027377640828490257,0.12690798938274384,0.29137295484542847,0.9477587342262268
22.67797970000538,-0.31758883595466614,0.8337428569793701,0.0999663844704628,0.02798275090754032,0.12695476412773132,0.29083451628685,0.9479002356529236
22.681863100006012,-0.31769490242004395,0.8334656357765198,0.09998536854982376,0.028464965522289276,0.12632162868976593,0.2906566560268402,0.9480249285697937
22.686529200000223,-0.3177655041217804,0.833221971988678,0.10000653564929962,0.02810009755194187,0.12617453932762146,0.2909225821495056,0.9479738473892212
22.690189400003874,-0.3178211450576782,0.8329977989196777,0.10003945231437683,0.027899686247110367,0.12569239735603333,0.2911407947540283,0.94797682762146
22.694486300009885,-0.31787869334220886,0.8327344655990601,0.10005064308643341,0.027082137763500214,0.12499453127384186,0.29207441210746765,0.9478055834770203
22.69845520000672,-0.31793731451034546,0.8324936032295227,0.1000685840845108,0.02631961926817894,0.1243598684668541,0.2927791476249695,0.9476932287216187
22.702610899999854,-0.31799423694610596,0.8322701454162598,0.10009217262268066,0.026088500395417213,0.12390582263469696,0.2933044731616974,0.947596549987793
22.706990000006044,-0.3180648982524872,0.8320238590240479,0.10012703388929367,0.02646053396165371,0.12327487021684647,0.2935281991958618,0.9475992321968079
22.71099590000813,-0.3180985450744629,0.8317932486534119,0.10015563666820526,0.026157766580581665,0.12291239947080612,0.29422932863235474,0.9474372863769531
22.71543300000485,-0.31815439462661743,0.8315510749816895,0.10017193108797073,0.026595233008265495,0.12256813794374466,0.29427072405815125,0.9474568963050842
22.719345400008024,-0.3182138204574585,0.8312965631484985,0.10020104795694351,0.026532534509897232,0.12214861065149307,0.29441967606544495,0.9474664926528931
22.723561000006157,-0.3182407021522522,0.831072211265564,0.1002347394824028,0.026750214397907257,0.12204194813966751,0.29407548904418945,0.9475810527801514
22.7277366000053,-0.3182595372200012,0.8308164477348328,0.1002419963479042,0.02674354612827301,0.12227369844913483,0.29321959614753723,0.9478166103363037
22.732364399998914,-0.3182964324951172,0.8305855989456177,0.1002606675028801,0.026417648419737816,0.12199684232473373,0.2939961850643158,0.9476207494735718
22.73618140000326,-0.31831875443458557,0.8303468823432922,0.10027257353067398,0.026655839756131172,0.12192890793085098,0.2937853932380676,0.9476882219314575
22.742272900009993,-0.31833839416503906,0.830126941204071,0.10028915107250214,0.02633197046816349,0.12168330699205399,0.29436370730400085,0.9475494623184204
22.74603210001078,-0.3183424472808838,0.8299147486686707,0.10033552348613739,0.026246201246976852,0.12124785035848618,0.2946079969406128,0.9475317001342773
22.750373800008674,-0.318350613117218,0.8297019600868225,0.10035984218120575,0.026046570390462875,0.12109052389860153,0.2949550449848175,0.9474493861198425
22.75458590000926,-0.3183603286743164,0.8294442296028137,0.10038603097200394,0.026411160826683044,0.12077683955430984,0.29525330662727356,0.9473863840103149
22.75869740000053,-0.31836485862731934,0.829215943813324,0.10040043294429779,0.026238614693284035,0.12058206647634506,0.2956405282020569,0.9472952485084534
22.762922599999,-0.31836509704589844,0.8289518356323242,0.10039050132036209,0.026556801050901413,0.12034236639738083,0.2962397634983063,0.9471296668052673
22.767100500001106,-0.31837016344070435,0.8287032246589661,0.10040459036827087,0.02652309276163578,0.11981607228517532,0.29669708013534546,0.9470541477203369
22.771598300008918,-0.3183717727661133,0.8284620046615601,0.10040085017681122,0.026329824700951576,0.11991674453020096,0.29639363288879395,0.9471417665481567
22.77543439999863,-0.3183729350566864,0.8282118439674377,0.10039862990379333,0.02646961435675621,0.12001821398735046,0.29595431685447693,0.9472624063491821
22.77943629999936,-0.3183785378932953,0.8279549479484558,0.10038763284683228,0.02583264373242855,0.11970718204975128,0.2968491315841675,0.9470393061637878
22.782736599998316,-0.3183763027191162,0.8277002573013306,0.10038624703884125,0.02569517493247986,0.11988461017608643,0.2964739501476288,0.9471381306648254
22.786097000003792,-0.31836503744125366,0.8274469375610352,0.10039189457893372,0.025682128965854645,0.11984247714281082,0.29678434133529663,0.9470465779304504
22.790408800006844,-0.31834349036216736,0.8271758556365967,0.10041971504688263,0.02629946731030941,0.1199181005358696,0.296578973531723,0.9470844268798828
22.79495599999791,-0.3183295428752899,0.8269181251525879,0.10046793520450592,0.026458272710442543,0.11957447975873947,0.29659798741340637,0.9471175670623779
22.799224100002903,-0.31832894682884216,0.8266288638114929,0.10046391934156418,0.026950940489768982,0.11938166618347168,0.2966245412826538,0.9471195936203003
22.802788100001635,-0.31831732392311096,0.8263569474220276,0.1004801020026207,0.027325401082634926,0.11880563944578171,0.29694071412086487,0.9470822811126709
22.806970900011947,-0.3183043301105499,0.8260840773582458,0.10051010549068451,0.0272681824862957,0.11825000494718552,0.2974850833415985,0.9469826221466064
22.811271500002476,-0.31828945875167847,0.8258315920829773,0.10052197426557541,0.027133870869874954,0.11818918585777283,0.29757604002952576,0.9469655156135559
22.815219700001762,-0.31826576590538025,0.825560450553894,0.10051488131284714,0.02665575034916401,0.11783824115991592,0.29796111583709717,0.9469017386436462
22.824087100001634,-0.3182099163532257,0.8250094652175903,0.10051947832107544,0.02637878619134426,0.1173645481467247,0.29777783155441284,0.9470259547233582
22.8306644000113,-0.31817835569381714,0.8247140645980835,0.10053590685129166,0.026308735832571983,0.1172715425491333,0.2977147698402405,0.9470592141151428
22.835665600010543,-0.3181554675102234,0.8241274356842041,0.10059227049350739,0.02751709707081318,0.11686129868030548,0.2974644601345062,0.9471542239189148
22.84138389999862,-0.31814107298851013,0.8238427639007568,0.10061237215995789,0.028315816074609756,0.11633230745792389,0.2973712086677551,0.9472251534461975
22.84500860000844,-0.31814083456993103,0.8235572576522827,0.10063527524471283,0.028971629217267036,0.11633750051259995,0.29692694544792175,0.9473440051078796
22.848641400007182,-0.3181357979774475,0.8232879042625427,0.10063299536705017,0.028641140088438988,0.11627216637134552,0.2971211373806,0.9473012089729309
22.853195700008655,-0.3181413412094116,0.8230154514312744,0.1006232425570488,0.028438035398721695,0.1164553165435791,0.2968312203884125,0.9473756551742554
22.856786100004683,-0.31816500425338745,0.8226953744888306,0.10059229284524918,0.027083253487944603,0.11557343602180481,0.2989114820957184,0.9468691349029541
22.861109999998007,-0.3181820511817932,0.8224096894264221,0.1006016805768013,0.02687671221792698,0.11556082218885422,0.29885631799697876,0.9468940496444702
22.865041000011843,-0.3182103633880615,0.8221111297607422,0.10060668736696243,0.02682444639503956,0.11527130752801895,0.2985766530036926,0.9470189809799194
22.869336700008716,-0.3182380795478821,0.8218178749084473,0.10058791190385818,0.027582978829741478,0.11509840190410614,0.2983027994632721,0.9471045136451721
22.87416230000963,-0.31826546788215637,0.8215049505233765,0.10061344504356384,0.027973629534244537,0.11488925665616989,0.2983325123786926,0.9471091032028198
22.87773279999965,-0.3182857632637024,0.8212169408798218,0.10062091052532196,0.02830534242093563,0.11449457705020905,0.29858270287513733,0.9470682740211487
22.882047300008708,-0.3183087706565857,0.8209288716316223,0.1006489023566246,0.028266888111829758,0.11387719959020615,0.2989325523376465,0.9470334053039551
22.886060900011216,-0.31835317611694336,0.8206177353858948,0.1006537452340126,0.0275101400911808,0.11287864297628403,0.3000253140926361,0.9468297362327576
22.890362300007837,-0.31840136647224426,0.8202956914901733,0.10066927969455719,0.027204375714063644,0.11264786869287491,0.3008374571800232,0.946608304977417
22.894436700007645,-0.3184293210506439,0.8199906945228577,0.10068871080875397,0.027036700397729874,0.11241679638624191,0.3014248013496399,0.9464537501335144
22.898466900005587,-0.31845423579216003,0.819675087928772,0.10067042708396912,0.02783428691327572,0.11251025646924973,0.3010863661766052,0.9465272426605225
22.90278780000517,-0.3185088634490967,0.8193662762641907,0.10068964213132858,0.028312209993600845,0.11213526874780655,0.3012652099132538,0.9465006589889526
22.906905000010738,-0.31854161620140076,0.8190978169441223,0.10070409625768661,0.028680963441729546,0.11193659901618958,0.30117660760879517,0.9465412497520447
22.91111840000667,-0.3185758888721466,0.818852424621582,0.10071557015180588,0.029048243537545204,0.11186131834983826,0.3009248971939087,0.9466189742088318
22.915179600007832,-0.3186120390892029,0.8185580372810364,0.10071975737810135,0.029098449274897575,0.11165476590394974,0.3005068898200989,0.9467746615409851
22.919450100001995,-0.31865012645721436,0.8182492852210999,0.10070106387138367,0.02881692722439766,0.11147241294384003,0.30085867643356323,0.9466930031776428
22.924520000000484,-0.31868764758110046,0.8179428577423096,0.10072827339172363,0.028428277000784874,0.11062490195035934,0.30152401328086853,0.9465925097465515
22.928162399999565,-0.31873756647109985,0.8176333904266357,0.10075017064809799,0.028485765680670738,0.11035601049661636,0.30144593119621277,0.9466469883918762
22.931970999998157,-0.31879857182502747,0.8172929883003235,0.10074588656425476,0.029863186180591583,0.10995576530694962,0.30095747113227844,0.9468065500259399
22.936093700001948,-0.318849116563797,0.8170006275177002,0.10074854642152786,0.0299522802233696,0.1099521741271019,0.300944983959198,0.9468080997467041
22.94019730000582,-0.3188973367214203,0.8167151808738708,0.10074661672115326,0.029572926461696625,0.10972629487514496,0.30118703842163086,0.9467692971229553
22.944682800007286,-0.3189586400985718,0.8164383769035339,0.10074026882648468,0.029591066762804985,0.1092856377363205,0.301608145236969,0.9466855525970459
22.949110900008236,-0.319019079208374,0.8161604404449463,0.10073951631784439,0.029448451474308968,0.108800008893013,0.30243614315986633,0.9464817643165588
22.952780899999198,-0.31910356879234314,0.8158349394798279,0.10071712732315063,0.029060382395982742,0.10850285738706589,0.30321672558784485,0.9462781548500061
22.95697860000655,-0.3191882073879242,0.8154923319816589,0.10071124136447906,0.029531026259064674,0.10790807753801346,0.3033510744571686,0.9462884664535522
22.960995500005083,-0.31924328207969666,0.8151554465293884,0.10075848549604416,0.02986304834485054,0.1073375791311264,0.30309441685676575,0.9464251399040222
22.965578700008336,-0.31931158900260925,0.814812183380127,0.10078302025794983,0.03018082119524479,0.10714823007583618,0.3028673231601715,0.9465093016624451
22.969872000001487,-0.31938326358795166,0.8145020008087158,0.10080365091562271,0.029975419864058495,0.10691084712743759,0.30268773436546326,0.946600079536438
22.97352640000463,-0.31945204734802246,0.8141823410987854,0.10080553591251373,0.030275268480181694,0.10673249512910843,0.3024289906024933,0.9466933608055115
22.9781789000117,-0.31951647996902466,0.8139074444770813,0.10081478953361511,0.030621405690908432,0.10706724226474762,0.3017675280570984,0.9468555450439453
22.98181850000401,-0.3195997178554535,0.8135879039764404,0.1007632166147232,0.02948751300573349,0.10624004900455475,0.30386289954185486,0.9463143348693848
22.98607830000401,-0.3196674883365631,0.8132737278938293,0.10074120759963989,0.030221816152334213,0.10569169372320175,0.30426886677742004,0.946222186088562
22.990217800004757,-0.319742351770401,0.8129916787147522,0.1007380485534668,0.030621321871876717,0.10525921732187271,0.30438071489334106,0.9462215304374695
22.994480599998496,-0.3198038637638092,0.8127453327178955,0.10075420886278152,0.03059963881969452,0.10497486591339111,0.304585725069046,0.9461878538131714
22.99871169999824,-0.3198556900024414,0.8124929070472717,0.10078591108322144,0.03048979490995407,0.10471564531326294,0.3046118915081024,0.9462117552757263
23.002679000011995,-0.319904625415802,0.8122310042381287,0.10081866383552551,0.030640998855233192,0.10421840846538544,0.30423399806022644,0.9463832974433899
23.007067400001688,-0.3199542760848999,0.8119750618934631,0.1008007600903511,0.030911406502127647,0.10442893952131271,0.3033398985862732,0.9466383457183838
23.0113066000049,-0.3200119733810425,0.8117080330848694,0.1007838249206543,0.031345441937446594,0.10465031117200851,0.30201250314712524,0.947023868560791
23.01534320000792,-0.32006874680519104,0.8114200234413147,0.10072772204875946,0.0307530015707016,0.10422010719776154,0.3027069568634033,0.9468690156936646
23.01948660000926,-0.32016536593437195,0.8111253976821899,0.10070157796144485,0.03184586763381958,0.10337986052036285,0.30267882347106934,0.9469339847564697
23.02346789999865,-0.3202291429042816,0.8108678460121155,0.10068058967590332,0.03175489604473114,0.10338322073221207,0.30241379141807556,0.9470213651657104
23.02802650000376,-0.32029375433921814,0.810633659362793,0.10066454112529755,0.03151432052254677,0.10318725556135178,0.3027608096599579,0.9469398856163025
23.032109400010086,-0.320370078086853,0.8103952407836914,0.10063875466585159,0.03138604760169983,0.10316985100507736,0.30289632081985474,0.9469026923179626
23.036127800005488,-0.32044240832328796,0.8101532459259033,0.10063852369785309,0.0313236303627491,0.10274559259414673,0.30350014567375183,0.9467575550079346
23.04063380000298,-0.32051804661750793,0.8099240064620972,0.10063407570123672,0.03127293288707733,0.10240068286657333,0.30346396565437317,0.9468082189559937
23.04435180001019,-0.32057836651802063,0.8096849918365479,0.10060799866914749,0.03090561553835869,0.10185699909925461,0.3042723536491394,0.9466195106506348
23.048789600012242,-0.32065969705581665,0.8093925714492798,0.10052354633808136,0.03029266931116581,0.10126374661922455,0.3054330050945282,0.9463291168212891
23.052675500002806,-0.3207417130470276,0.8091169595718384,0.1005338728427887,0.030653640627861023,0.10072579979896545,0.30499473214149475,0.946516215801239
23.05718180000258,-0.32081490755081177,0.8088603019714355,0.10052607208490372,0.030356554314494133,0.1007712259888649,0.30490487813949585,0.9465498924255371
23.061292900005355,-0.3208905756473541,0.8086163997650146,0.10052186250686646,0.03015781193971634,0.10074134916067123,0.3043832778930664,0.9467273354530334
23.065308800010826,-0.3209640383720398,0.808368444442749,0.10051533579826355,0.029994957149028778,0.1010596752166748,0.303944855928421,0.9468393921852112
23.0694208000059,-0.32103803753852844,0.8080949187278748,0.1005186066031456,0.02999252825975418,0.10097435116767883,0.3040425181388855,0.94681715965271
23.07361089999904,-0.32110169529914856,0.8078469634056091,0.10049618780612946,0.03005286492407322,0.10102454572916031,0.30346664786338806,0.9469946026802063
23.077695300002233,-0.3211618661880493,0.8075864911079407,0.10045317560434341,0.030219079926609993,0.10126978158950806,0.30303797125816345,0.9471004605293274
23.081846200002474,-0.32122674584388733,0.8072946071624756,0.10039204359054565,0.030955636873841286,0.1007021963596344,0.30342280864715576,0.9470139741897583
23.08602410000458,-0.32129156589508057,0.8070357441902161,0.1003638207912445,0.0308491550385952,0.10055451095104218,0.30372706055641174,0.9469355940818787
23.09095100000559,-0.3213452696800232,0.8067874312400818,0.10034354776144028,0.03070186637341976,0.1004018634557724,0.30383214354515076,0.9469228982925415
23.09484859999793,-0.32140564918518066,0.806522011756897,0.10033737868070602,0.03085632063448429,0.10011562705039978,0.30365222692489624,0.9470059275627136
23.099145900006988,-0.3214592933654785,0.806270182132721,0.10033205896615982,0.030671099200844765,0.10022063553333282,0.3033519387245178,0.9470970630645752
23.102862400002778,-0.32151323556900024,0.8060135245323181,0.10035566240549088,0.03061983548104763,0.09998061507940292,0.30313748121261597,0.9471926689147949
23.10692080001172,-0.32157102227211,0.8057424426078796,0.10037611424922943,0.030587131157517433,0.09990028291940689,0.30328333377838135,0.9471555352210999
23.111102200011373,-0.32161828875541687,0.8054922223091125,0.1004001572728157,0.030917180702090263,0.0994524359703064,0.30347496271133423,0.9471306204795837
23.115000300007523,-0.321681410074234,0.8051892518997192,0.10033364593982697,0.03084784932434559,0.09842851758003235,0.3047253489494324,0.9468383193016052
23.119301200000336,-0.3217315971851349,0.8049691319465637,0.10034202039241791,0.030970420688390732,0.09827633947134018,0.3047609031200409,0.9468386769294739
23.123647100001108,-0.3217846155166626,0.8047283887863159,0.10036377608776093,0.03127899393439293,0.09799151867628098,0.3045699894428253,0.9469194412231445
23.127730200008955,-0.32184118032455444,0.8044907450675964,0.10036380589008331,0.031129783019423485,0.09815987199544907,0.30399686098098755,0.9470910429954529
23.13227650000772,-0.32190191745758057,0.8042471408843994,0.10038244724273682,0.03132406994700432,0.09808990359306335,0.30333560705184937,0.9473038911819458
23.136607100008405,-0.32196012139320374,0.8039975762367249,0.10038018226623535,0.031210212036967278,0.09820890426635742,0.302728533744812,0.9474895000457764
23.140304200001992,-0.32203444838523865,0.8037399053573608,0.10040505230426788,0.031039217486977577,0.09797617793083191,0.3024071753025055,0.9476218223571777
23.14472310000565,-0.32210007309913635,0.8034774661064148,0.10043977946043015,0.031060082837939262,0.09782501310110092,0.302440881729126,0.947625994682312
23.148592099998496,-0.32216110825538635,0.8031802773475647,0.10043737292289734,0.03210204839706421,0.09724203497171402,0.3021201491355896,0.9477536082267761
23.152893300008145,-0.3222348093986511,0.8028881549835205,0.10041514039039612,0.031303953379392624,0.09637854993343353,0.3040522336959839,0.947250485420227
23.15684820000024,-0.32231611013412476,0.8026162981987,0.10043273121118546,0.031959790736436844,0.09629238396883011,0.30448970198631287,0.9470968246459961
23.161186900004395,-0.32238906621932983,0.8023830056190491,0.10043900460004807,0.03205007314682007,0.09608210623264313,0.30449244379997253,0.9471142292022705
23.16660340000817,-0.32247722148895264,0.8021305203437805,0.10045330226421356,0.03182591497898102,0.09618723392486572,0.30475544929504395,0.9470264911651611
23.17043540001032,-0.3225647509098053,0.8018768429756165,0.1004534363746643,0.03199657425284386,0.09598451852798462,0.30466920137405396,0.9470691084861755
23.1745188000059,-0.3226490020751953,0.8016287684440613,0.10045742243528366,0.032190918922424316,0.09586373716592789,0.3045799732208252,0.9471034407615662
23.178264800008037,-0.32276108860969543,0.8013755083084106,0.10045236349105835,0.03223040699958801,0.09589812904596329,0.3052886724472046,0.9468703866004944
23.182237500004703,-0.3228600323200226,0.8011140823364258,0.10044494271278381,0.03351963311433792,0.09585767984390259,0.30448248982429504,0.9470893740653992
23.186098100006348,-0.3229452669620514,0.8008130192756653,0.10038626939058304,0.03241774067282677,0.09548412263393402,0.30531996488571167,0.9468958377838135
23.19021510001039,-0.32302191853523254,0.8005735278129578,0.10039116442203522,0.03244902566075325,0.09552128612995148,0.3048282563686371,0.9470493793487549
23.194505500010564,-0.3230862319469452,0.8003400564193726,0.10041698813438416,0.032477349042892456,0.09513456374406815,0.3046068847179413,0.9471585154533386
23.19854060000216,-0.3231642544269562,0.8001021146774292,0.10043291747570038,0.03243475407361984,0.09503162652254105,0.3043905198574066,0.9472399353981018
23.202859199998784,-0.3232392966747284,0.7998576760292053,0.10046912729740143,0.03304939344525337,0.09467532485723495,0.30419325828552246,0.9473176598548889
23.207009500009008,-0.32332342863082886,0.7996323108673096,0.10047450661659241,0.03312103450298309,0.09460833668708801,0.3038718104362488,0.9474250078201294
23.21107309999934,-0.32339221239089966,0.7994235754013062,0.10046884417533875,0.033053215593099594,0.09408703446388245,0.3039870262145996,0.947442352771759
23.21526170001016,-0.3234550952911377,0.7992097735404968,0.10049859434366226,0.032129742205142975,0.09339365363121033,0.30481231212615967,0.9472776055335999
23.221322600002168,-0.3235177993774414,0.7989691495895386,0.10045334696769714,0.032917674630880356,0.09279778599739075,0.3047484755516052,0.947329580783844
23.225380500007304,-0.32357144355773926,0.7987363934516907,0.10044167190790176,0.03313486650586128,0.09285105019807816,0.3044276237487793,0.9474199414253235
23.229139500006568,-0.3236299157142639,0.7984888553619385,0.10038423538208008,0.03202061355113983,0.09234053641557693,0.30553948879241943,0.9471502900123596
23.232484699998167,-0.323682963848114,0.798287570476532,0.1003790944814682,0.03168708086013794,0.0922558605670929,0.3055288791656494,0.9471730589866638
23.23798620000889,-0.32373809814453125,0.7980832457542419,0.10037252306938171,0.031452592462301254,0.0923149511218071,0.30532798171043396,0.9472399353981018
23.242041000004974,-0.3238125741481781,0.797868013381958,0.10037942230701447,0.03093237616121769,0.09216330945491791,0.30515143275260925,0.9473288059234619
23.245764999999665,-0.3238714635372162,0.7976524829864502,0.10040999203920364,0.03112921305000782,0.09170430153608322,0.30483463406562805,0.9474688768386841
23.250258800006122,-0.32392922043800354,0.7974438071250916,0.10044045746326447,0.031176550313830376,0.09155791997909546,0.305123507976532,0.9473884105682373
23.253731700009666,-0.32398203015327454,0.7972378134727478,0.1004382073879242,0.03155486285686493,0.09171056002378464,0.3043336868286133,0.9476152062416077
23.25726040000154,-0.3240397274494171,0.7970202565193176,0.10043998807668686,0.03251371160149574,0.09118294715881348,0.3043649196624756,0.947623610496521
23.260641400003806,-0.3240397274494171,0.7970202565193176,0.10043998807668686,0.03251371160149574,0.09118294715881348,0.3043649196624756,0.947623610496521
23.26518329999817,-0.3241735100746155,0.7966351509094238,0.10044366121292114,0.033078379929065704,0.09113311022520065,0.303922176361084,0.9477510452270508
23.2694363000046,-0.3242410123348236,0.7964305877685547,0.10041375458240509,0.0326150506734848,0.09122880548238754,0.30436763167381287,0.947614848613739
23.274318499999936,-0.32430097460746765,0.796249270439148,0.10040470957756042,0.032523710280656815,0.09120256453752518,0.3044092655181885,0.947607159614563
23.27780250000069,-0.32430097460746765,0.796249270439148,0.10040470957756042,0.032523710280656815,0.09120256453752518,0.3044092655181885,0.947607159614563
23.281079799999134,-0.32430097460746765,0.796249270439148,0.10040470957756042,0.032523710280656815,0.09120256453752518,0.3044092655181885,0.947607159614563
23.2862909000105,-0.32447177171707153,0.7957323789596558,0.10035844147205353,0.03212029114365578,0.09142767637968063,0.304005891084671,0.94772869348526
23.29083680000622,-0.324519544839859,0.7955718040466309,0.10033085942268372,0.03225062042474747,0.09160938113927841,0.30349674820899963,0.9478698968887329
23.294382400010363,-0.32457301020622253,0.795417845249176,0.10031550377607346,0.03214363008737564,0.09167976677417755,0.3033894896507263,0.9479010701179504
23.300321300004725,-0.3246208131313324,0.7952613234519958,0.10029346495866776,0.03204766660928726,0.09187273681163788,0.3029666841030121,0.948020875453949
23.30456660001073,-0.3246857821941376,0.7951264381408691,0.10028433799743652,0.03210100904107094,0.09173403680324554,0.3029392659664154,0.9480412006378174
23.308582400000887,-0.3247587978839874,0.7949788570404053,0.10024882107973099,0.03234235942363739,0.09195195883512497,0.30265164375305176,0.9481037855148315
23.312091200001305,-0.3248128294944763,0.7948556542396545,0.10024653375148773,0.032045695930719376,0.09180495887994766,0.303038090467453,0.9480046629905701
23.31550560001051,-0.3249054551124573,0.7947420477867126,0.10024179518222809,0.03196871653199196,0.09129191190004349,0.30363044142723083,0.9478673338890076
23.319706399997813,-0.32497134804725647,0.7946006655693054,0.10020693391561508,0.030911708250641823,0.09028533101081848,0.30522188544273376,0.9474875330924988
23.32420020000427,-0.3250495195388794,0.7945080995559692,0.10019080340862274,0.030830707401037216,0.08994359523057938,0.30546027421951294,0.9474458694458008
23.327735600003507,-0.32513487339019775,0.7944220900535583,0.1001444160938263,0.030597079545259476,0.0897134393453598,0.3057019114494324,0.9473972916603088
23.331851399998413,-0.32519790530204773,0.7943348288536072,0.10011542588472366,0.030104031786322594,0.08946704119443893,0.3062225878238678,0.9472682476043701
23.33590489999915,-0.3252757489681244,0.7942544221878052,0.10008716583251953,0.0299160648137331,0.08908666670322418,0.30636104941368103,0.9472652673721313
23.340402700006962,-0.3253416121006012,0.7941875457763672,0.10007691383361816,0.029590968042612076,0.08881606161594391,0.3070507347583771,0.9470775723457336
23.34436529999948,-0.32540300488471985,0.7941209077835083,0.10005271434783936,0.029274536296725273,0.08864964544773102,0.3073711097240448,0.9469990730285645
23.348594800001592,-0.3254687488079071,0.7940509915351868,0.10000817477703094,0.028937311843037605,0.08875104784965515,0.30714353919029236,0.947073757648468
23.352737100009108,-0.32553380727767944,0.7939965724945068,0.09998182207345963,0.028522752225399017,0.0885898768901825,0.3074062466621399,0.9470162987709045
23.357014500012156,-0.3255959451198578,0.7939463257789612,0.09995962679386139,0.028243038803339005,0.08841313421726227,0.3077639043331146,0.9469249248504639
23.361262400008854,-0.32565662264823914,0.7938950657844543,0.09993001818656921,0.027988439425826073,0.08836515247821808,0.3080083131790161,0.9468575716018677
23.36540110000351,-0.32571274042129517,0.7938498854637146,0.09991785883903503,0.02782675065100193,0.08820102363824844,0.30825677514076233,0.9467967748641968
23.373970000000554,-0.325837641954422,0.7937464118003845,0.0998869240283966,0.027410302311182022,0.08802448213100433,0.3086906969547272,0.946683943271637
23.377793100007693,-0.325896680355072,0.7936986684799194,0.0998695120215416,0.027450235560536385,0.08776374906301498,0.308795303106308,0.946672797203064
23.386143299998366,-0.32599112391471863,0.7936346530914307,0.09984331578016281,0.026975758373737335,0.08736907690763474,0.30937063694000244,0.9465351104736328
23.39033809999819,-0.3260285258293152,0.7935901284217834,0.09981999546289444,0.02673965133726597,0.08743022382259369,0.309533029794693,0.9464831352233887
23.394475799999782,-0.3260708451271057,0.7935597896575928,0.099796362221241,0.02650422416627407,0.08736468851566315,0.3095588684082031,0.946487307548523
23.398665400003665,-0.3261074125766754,0.793491780757904,0.09974849969148636,0.027162032201886177,0.08706003427505493,0.30950018763542175,0.9465160369873047
23.402897600011784,-0.32614946365356445,0.7934212684631348,0.09968139976263046,0.026151612401008606,0.0866745263338089,0.3106686770915985,0.946196973323822
23.408795100011048,-0.32618358731269836,0.7933911085128784,0.09965381771326065,0.025902124121785164,0.0866304486989975,0.3106904923915863,0.9462006688117981
23.413026599999284,-0.32622388005256653,0.793363630771637,0.09961200505495071,0.025413865223526955,0.08667299151420593,0.3107262849807739,0.9461982846260071
23.416950500002713,-0.32628434896469116,0.793340265750885,0.09958071261644363,0.02479369007050991,0.08634307235479355,0.31110671162605286,0.9461198449134827
23.420274200005224,-0.3263462781906128,0.7933073043823242,0.0995277464389801,0.024178875610232353,0.0865081399679184,0.3110692799091339,0.9461329579353333
23.423763200000394,-0.32641106843948364,0.7932801246643066,0.09947464615106583,0.023485369980335236,0.0866115391254425,0.3114854693412781,0.9460040926933289
23.428165300007095,-0.3265281915664673,0.7932466268539429,0.09939014166593552,0.022950304672122,0.08738943189382553,0.31190940737724304,0.9458060264587402
23.431860400000005,-0.32662254571914673,0.7932327389717102,0.09934007376432419,0.02203669399023056,0.08725839108228683,0.3127380311489105,0.9455661177635193
23.435991200007265,-0.3267230987548828,0.7932268381118774,0.09929586946964264,0.021602511405944824,0.08741989731788635,0.31282147765159607,0.9455336332321167
23.440287300007185,-0.32681432366371155,0.7932262420654297,0.09924490004777908,0.020845457911491394,0.08726231008768082,0.31352242827415466,0.9453330039978027
23.44446360001166,-0.3269287347793579,0.7932271957397461,0.09921480715274811,0.019941873848438263,0.0871644914150238,0.3137906789779663,0.9452725052833557
23.44855670000834,-0.327032208442688,0.7932301163673401,0.09915169328451157,0.01935797743499279,0.08698944002389908,0.314086377620697,0.9452025890350342
23.452681599999778,-0.3271128237247467,0.7932406067848206,0.09910177439451218,0.01868017390370369,0.08689266443252563,0.3145543336868286,0.9450694918632507
23.457724500010954,-0.32718953490257263,0.7932575941085815,0.09905894100666046,0.018208961933851242,0.08671630918979645,0.3149661719799042,0.9449577331542969
23.461166799999774,-0.3272846043109894,0.7932740449905396,0.09902304410934448,0.017372217029333115,0.08634481579065323,0.3153243660926819,0.9448879957199097
23.465313900000183,-0.3273669481277466,0.7932901978492737,0.09897942841053009,0.01684967428445816,0.08624022454023361,0.31577715277671814,0.9447558522224426
23.469496600009734,-0.3274446427822113,0.7932955026626587,0.09891951829195023,0.01630166731774807,0.08630366623401642,0.31602415442466736,0.9446771144866943
23.474883200004115,-0.3275201618671417,0.7933175563812256,0.09889252483844757,0.015921637415885925,0.08591809868812561,0.31646546721458435,0.9445709586143494
23.47872450000432,-0.3276143968105316,0.7933278679847717,0.09881214797496796,0.015146266669034958,0.08636603504419327,0.3166688084602356,0.9444746971130371
23.482113000005484,-0.32770591974258423,0.793344259262085,0.09875525534152985,0.01459201518446207,0.08639393001794815,0.31721991300582886,0.9442958831787109
23.48647119999805,-0.3278036117553711,0.7933754920959473,0.09870396554470062,0.014624107629060745,0.08685216307640076,0.3166041076183319,0.9444600343704224
23.490317000003415,-0.3278868496417999,0.7934065461158752,0.09862789511680603,0.013980674557387829,0.08713723719120026,0.3169209361076355,0.9443372488021851
23.494363999998313,-0.32795941829681396,0.793436586856842,0.09857134521007538,0.013683388940989971,0.08734302222728729,0.316764235496521,0.9443751573562622
23.498455000008107,-0.32803836464881897,0.7934660315513611,0.09850457310676575,0.01307008694857359,0.08814164251089096,0.3164673447608948,0.944409191608429
23.502475300003425,-0.3281473219394684,0.7934547662734985,0.09844212234020233,0.011836602352559566,0.08711526542901993,0.31799080967903137,0.9440088272094727
23.508138800010784,-0.32821452617645264,0.7935057878494263,0.09840045869350433,0.011113569140434265,0.08701436221599579,0.31838351488113403,0.9438945651054382
23.51166610000655,-0.3282839059829712,0.7935402393341064,0.0983845517039299,0.010898002423346043,0.08695205301046371,0.31855180859565735,0.9438460469245911
23.51529200001096,-0.328353613615036,0.7935625314712524,0.09835318475961685,0.010586121119558811,0.08689676225185394,0.31876087188720703,0.9437841176986694
23.519468700003927,-0.3284335732460022,0.793590784072876,0.09832511097192764,0.010159794241189957,0.08668109029531479,0.3192456364631653,0.9436447024345398
23.52348110001185,-0.3285313546657562,0.7936172485351562,0.0982750952243805,0.009614214301109314,0.08695954829454422,0.31982770562171936,0.9434276819229126
23.527770300002885,-0.3286253809928894,0.7936432361602783,0.0982416495680809,0.00918489322066307,0.08626341819763184,0.32087206840515137,0.9431412816047668
23.531714400000055,-0.3287091553211212,0.7936594486236572,0.0982040986418724,0.008677034638822079,0.0861421525478363,0.32123124599456787,0.943034827709198
23.535751000003074,-0.32879698276519775,0.7936782240867615,0.09817614406347275,0.00812322273850441,0.08595256507396698,0.3220794200897217,0.9427677392959595
23.54009350000706,-0.3288801610469818,0.7936981916427612,0.09814625233411789,0.0076761567033827305,0.08596852421760559,0.3225500285625458,0.9426091909408569
23.544087000002037,-0.3289901912212372,0.7937177419662476,0.09808865934610367,0.007471087854355574,0.08589386194944382,0.32309186458587646,0.9424319863319397
23.549150899998494,-0.3290846347808838,0.7937524318695068,0.09805598855018616,0.0067220707423985004,0.08565366268157959,0.32394760847091675,0.9421656727790833
23.55321460000414,-0.3291866183280945,0.7937785983085632,0.09801403433084488,0.006122706923633814,0.08561272919178009,0.32449451088905334,0.9419853091239929
23.5569097000116,-0.32928261160850525,0.7938042283058167,0.09797698259353638,0.0054090190678834915,0.08540842682123184,0.32530221343040466,0.9417296051979065
23.56101900000067,-0.32937318086624146,0.7938380241394043,0.09794191271066666,0.00487142987549305,0.08541587740182877,0.32552751898765564,0.9416540265083313
23.565050100005465,-0.32945558428764343,0.7938697338104248,0.09790784120559692,0.004353800788521767,0.08534322679042816,0.32588261365890503,0.9415403008460999
23.56935930000327,-0.3295525014400482,0.7939056754112244,0.09788607805967331,0.003778927493840456,0.08511986583471298,0.326259046792984,0.9414325952529907
23.573337200010428,-0.3296346366405487,0.7939469218254089,0.09785185009241104,0.003238561563193798,0.08505667001008987,0.326297402381897,0.9414271116256714
23.577550300004077,-0.3297235667705536,0.7939639091491699,0.09778550267219543,0.0024005218874663115,0.08546821027994156,0.32643505930900574,0.9413446187973022
23.58219870000903,-0.32981574535369873,0.7940149307250977,0.0977814793586731,0.0014599880669265985,0.0850648432970047,0.3267390727996826,0.9412775635719299
23.58690920000663,-0.3299078345298767,0.7940585613250732,0.09776278585195541,0.0006362658459693193,0.08463750779628754,0.3269493877887726,0.9412439465522766
23.59041970000544,-0.3299811780452728,0.7941057682037354,0.09773770719766617,0.00017973453213926405,0.08454392105340958,0.3270524740219116,0.9412168264389038
23.594468000010238,-0.33006054162979126,0.794136106967926,0.09773017466068268,-0.00023630043142475188,0.08441419154405594,0.32741305232048035,0.9411031007766724
23.598604400001932,-0.330134779214859,0.7941796779632568,0.09772796183824539,-0.0006529631791636348,0.08446577191352844,0.3277488946914673,0.9409812688827515
23.60329189999902,-0.3302210867404938,0.7942193746566772,0.09772944450378418,-0.000889154092874378,0.08457114547491074,0.32759323716163635,0.9410257935523987
23.60690150001028,-0.3303113877773285,0.7942783832550049,0.09774207323789597,-0.0009683732641860843,0.08457949757575989,0.32849448919296265,0.9407107830047607
23.611644300006446,-0.3303994834423065,0.7943331003189087,0.09776581078767776,-0.0007709289202466607,0.08464840054512024,0.32878953218460083,0.9406017661094666
23.61582650001219,-0.3304671049118042,0.7943879961967468,0.09779118746519089,-0.0005370050203055143,0.08462657034397125,0.32895150780677795,0.9405472278594971
23.61954820000392,-0.33053794503211975,0.7944457530975342,0.09782357513904572,-0.0005636786809191108,0.08448013663291931,0.32945510745048523,0.9403840899467468
23.624011600011727,-0.33060017228126526,0.7945018410682678,0.09785342961549759,-0.0004463764780666679,0.08445346355438232,0.3294892907142639,0.940374493598938
23.62775359999796,-0.33067068457603455,0.7945471405982971,0.09787696599960327,-0.00016465170483570546,0.08405493199825287,0.32967284321784973,0.9403460621833801
23.6322283000045,-0.33074820041656494,0.7946252822875977,0.0979212298989296,0.0005073986249044538,0.08439803868532181,0.32910582423210144,0.9405137896537781
23.636129999998957,-0.3308012783527374,0.7946810126304626,0.09794517606496811,0.00039978965651243925,0.08417952805757523,0.3295753002166748,0.9403689503669739
23.640345899999375,-0.3308505713939667,0.7947361469268799,0.09797557443380356,0.0002514414954930544,0.08384670317173004,0.33019670844078064,0.940180778503418
23.644471700012218,-0.330899715423584,0.7947765588760376,0.09799213707447052,0.00014543929137289524,0.08381789177656174,0.33047041296958923,0.9400871396064758
23.648564600007376,-0.3309445381164551,0.7948248982429504,0.09801629930734634,0.00022103596711531281,0.08373615890741348,0.33076804876327515,0.9399898052215576
23.65273870000965,-0.3309907019138336,0.7948674559593201,0.09802937507629395,0.00016644495190121233,0.08370015770196915,0.3311258554458618,0.9398669600486755
23.65704900000128,-0.33103424310684204,0.7949056625366211,0.09804388135671616,0.00017721371841616929,0.0836605429649353,0.33130818605422974,0.9398062229156494
23.661072600007174,-0.331076055765152,0.7949504256248474,0.09804783761501312,-0.00015563152555841953,0.08355240523815155,0.33167850971221924,0.9396852850914001
23.66563830000814,-0.3311181664466858,0.7949960827827454,0.0980391576886177,-0.000305687019135803,0.08351672440767288,0.3318586051464081,0.9396248459815979
23.66932159999851,-0.3311667740345001,0.7950299382209778,0.09802665561437607,-0.0007361922180280089,0.08342621475458145,0.3322133719921112,0.9395071864128113
23.67369750000944,-0.3312053680419922,0.7950724363327026,0.09801297634840012,-0.0010320446453988552,0.08337928354740143,0.33232271671295166,0.939472496509552
23.677724599998328,-0.33124852180480957,0.7951163053512573,0.09800266474485397,-0.0012610049452632666,0.08348031342029572,0.33233770728111267,0.9394579529762268
23.68186599999899,-0.331288605928421,0.7951616048812866,0.09798667579889297,-0.0016012676060199738,0.08335234224796295,0.3327047824859619,0.9393388628959656
23.686274300009245,-0.33133310079574585,0.795211911201477,0.09797258675098419,-0.001823590137064457,0.08344194293022156,0.3327178955078125,0.9393258094787598
23.690170200003195,-0.33137449622154236,0.7952535152435303,0.09795432537794113,-0.0020539567340165377,0.08354628086090088,0.33257877826690674,0.9393653869628906
23.69445120000455,-0.33141085505485535,0.7953061461448669,0.09795193374156952,-0.0022983800154179335,0.08352551609277725,0.3325950503349304,0.9393608570098877
23.698467700000037,-0.3314441442489624,0.795352041721344,0.09794533252716064,-0.0024254757445305586,0.08369836211204529,0.3324096202850342,0.9394107460975647
23.702668700003414,-0.33149757981300354,0.7953940629959106,0.09790530055761337,-0.002606386551633477,0.08384944498538971,0.3324495553970337,0.9393827319145203
23.706753400008893,-0.3315401077270508,0.795436441898346,0.09789368510246277,-0.0027629949618130922,0.08408098667860031,0.33220306038856506,0.9394487142562866
23.710978600007365,-0.3315727412700653,0.7954860329627991,0.09789194911718369,-0.0034708422608673573,0.08410647511482239,0.3324998915195465,0.9393391013145447
23.715345100004924,-0.3316028118133545,0.7955273389816284,0.09788010269403458,-0.003815186908468604,0.08426844328641891,0.3325378894805908,0.93930983543396
23.719410100005916,-0.33163532614707947,0.7955775856971741,0.09785055369138718,-0.004573590122163296,0.08441965281963348,0.33284205198287964,0.9391851425170898
23.724188600011985,-0.3316587805747986,0.7956305742263794,0.09783022105693817,-0.004898442886769772,0.0845629945397377,0.3329930305480957,0.9391170144081116
23.727716300010798,-0.33169740438461304,0.7956679463386536,0.09781908243894577,-0.005336165893822908,0.08459997922182083,0.33316418528556824,0.9390506744384766
23.7318629000074,-0.33175021409988403,0.7957155108451843,0.0978156104683876,-0.006002725567668676,0.08438993245363235,0.3334353268146515,0.9389691948890686
23.73630800000683,-0.33179354667663574,0.7957398891448975,0.09778648614883423,-0.006486068479716778,0.0848909467458725,0.33351945877075195,0.9388909935951233
23.740309000000707,-0.3318270742893219,0.7957771420478821,0.09779591858386993,-0.006906213238835335,0.0847868099808693,0.3338427245616913,0.9387824535369873
23.744359400006942,-0.331871896982193,0.795815646648407,0.0978083610534668,-0.0070342752151191235,0.08485590666532516,0.3338620364665985,0.9387685060501099
23.748928600005456,-0.3319164216518402,0.7958480715751648,0.09781917929649353,-0.007229015696793795,0.08486685901880264,0.334140419960022,0.9386668801307678
23.75656710000476,-0.3320494592189789,0.7959110736846924,0.09785044193267822,-0.007965399883687496,0.0846371203660965,0.33555617928504944,0.9381765723228455
23.760705799999414,-0.3320944607257843,0.7959279417991638,0.09786190837621689,-0.008125091902911663,0.08466222882270813,0.33579620718955994,0.9380870461463928
23.765437200010638,-0.3321436643600464,0.795943558216095,0.09786772727966309,-0.008491299115121365,0.08462011069059372,0.33628106117248535,0.9379138946533203
23.769525800002157,-0.3321930468082428,0.7959581017494202,0.09786520153284073,-0.008743386715650558,0.08452744036912918,0.3367480933666229,0.9377523064613342
23.773451800007024,-0.3322486877441406,0.7959630489349365,0.09786564111709595,-0.009033005684614182,0.08443035185337067,0.337187260389328,0.9376005530357361
23.777922900000704,-0.33230242133140564,0.7959657907485962,0.09786223620176315,-0.009374435059726238,0.08441507071256638,0.3377121686935425,0.9374096393585205
23.78192290000152,-0.3323609530925751,0.7959703207015991,0.09785430133342743,-0.009860808961093426,0.08446333557367325,0.338215172290802,0.9372189044952393
23.786068500005058,-0.33241719007492065,0.7959669828414917,0.09784817695617676,-0.010283405892550945,0.08445222675800323,0.3385774791240692,0.9370844960212708
23.790643700005603,-0.33246323466300964,0.7959721088409424,0.09783107787370682,-0.010683809407055378,0.08441212773323059,0.33888235688209534,0.9369734525680542
23.794473800007836,-0.3325116038322449,0.7959817051887512,0.09781231731176376,-0.011005220003426075,0.08431099355220795,0.3392975926399231,0.9368284940719604
23.798720200007665,-0.3325592577457428,0.7959988117218018,0.0977960154414177,-0.011444326490163803,0.0843372717499733,0.3398686647415161,0.9366138577461243
23.802824600003078,-0.33260270953178406,0.796018660068512,0.0977911725640297,-0.011445471085608006,0.08428513258695602,0.33978721499443054,0.9366481900215149
23.807005700000445,-0.33264338970184326,0.7960451245307922,0.09777005016803741,-0.01175825297832489,0.08412129431962967,0.34016045928001404,0.9365235567092896
23.8111523000116,-0.3326779305934906,0.7960644364356995,0.0977567508816719,-0.011987494304776192,0.0840652659535408,0.3402627408504486,0.9364885091781616
23.81525440000405,-0.3327046036720276,0.7960860133171082,0.09773653000593185,-0.01233978383243084,0.08379986137151718,0.3404788374900818,0.9364291429519653
23.819481800004723,-0.33272817730903625,0.7961146831512451,0.09773078560829163,-0.012498761527240276,0.08371922373771667,0.3403375446796417,0.9364855885505676
23.82545650000975,-0.3327527940273285,0.7961514592170715,0.09770342707633972,-0.012905835174024105,0.08360442519187927,0.34087997674942017,0.9362930655479431
23.829551300004823,-0.3327775299549103,0.7961751818656921,0.09769134968519211,-0.013021132908761501,0.08344589918851852,0.340967059135437,0.9362739324569702
23.83373460000439,-0.3327990770339966,0.7961892485618591,0.09768899530172348,-0.013197886757552624,0.08328180760145187,0.340955525636673,0.9362901449203491
23.837891000002855,-0.3328179717063904,0.7962068319320679,0.0976843610405922,-0.013184231705963612,0.08320263028144836,0.3408236503601074,0.9363455176353455
23.842099800007418,-0.3328363597393036,0.7962186336517334,0.09768406301736832,-0.013233393430709839,0.08314266800880432,0.3408198356628418,0.936351478099823
23.846200400003,-0.3328460156917572,0.7962275743484497,0.09768503904342651,-0.013210480101406574,0.08308448642492294,0.3407549560070038,0.9363805055618286
23.850741700007347,-0.33285894989967346,0.7962691187858582,0.09771812707185745,-0.014112318865954876,0.08331362903118134,0.3410845398902893,0.936227023601532
23.854810000004363,-0.33287811279296875,0.7962431907653809,0.09769739210605621,-0.01325592678040266,0.08307180553674698,0.34081998467445374,0.936357319355011
23.861036200003582,-0.3329097032546997,0.796245813369751,0.09771130234003067,-0.013382777571678162,0.08294261991977692,0.34127458930015564,0.9362013936042786
23.865115100008552,-0.33292073011398315,0.7962386012077332,0.09770940989255905,-0.013208179734647274,0.0829896405339241,0.34106239676475525,0.9362770318984985
23.86932570001227,-0.33293646574020386,0.7962398529052734,0.09769243746995926,-0.013512366451323032,0.08292852342128754,0.34132423996925354,0.9361827969551086
23.873498500004644,-0.3329593241214752,0.7962351441383362,0.09767651557922363,-0.013739414513111115,0.08300184458494186,0.34126371145248413,0.9361949563026428
23.877618300000904,-0.3329731523990631,0.7962478995323181,0.09765642881393433,-0.013932579196989536,0.0828290805220604,0.34149232506752014,0.9361240863800049
23.88196450000396,-0.332985520362854,0.7962511777877808,0.09763054549694061,-0.014282573014497757,0.08275841921567917,0.3415678143501282,0.9360974431037903
23.88607910000428,-0.3330150544643402,0.796245813369751,0.09756965190172195,-0.014869029633700848,0.08245387673377991,0.3419910669326782,0.9359607100486755
23.89021720000892,-0.33303749561309814,0.7962470650672913,0.0975310355424881,-0.01511077955365181,0.08242747187614441,0.34201425313949585,0.9359506964683533
23.89422950000153,-0.33305278420448303,0.7962493896484375,0.0974881500005722,-0.015601925551891327,0.08241831511259079,0.34227895736694336,0.9358466267585754
23.898243000003276,-0.33306968212127686,0.7962536811828613,0.09743792563676834,-0.016032082960009575,0.08226481825113297,0.3425810635089874,0.9357423186302185
23.903026200001477,-0.3330950140953064,0.7962520718574524,0.09737204015254974,-0.016497451812028885,0.0825970247387886,0.34242668747901917,0.9357615113258362
23.90713950000645,-0.33310776948928833,0.796255350112915,0.09731022268533707,-0.016872895881533623,0.08273017406463623,0.34250783920288086,0.9357132911682129
23.91111890001048,-0.3331209421157837,0.796261191368103,0.09725884348154068,-0.017474152147769928,0.08266465365886688,0.34292250871658325,0.9355562329292297
23.91526030001114,-0.33313271403312683,0.7962767481803894,0.09720996022224426,-0.01784316636621952,0.08265911787748337,0.34299367666244507,0.9355236887931824
23.91939030001231,-0.3331489861011505,0.7962822914123535,0.0971631109714508,-0.018212975934147835,0.08271931111812592,0.34323951601982117,0.9354210495948792
23.92352419999952,-0.3331556022167206,0.7962985038757324,0.0971246212720871,-0.018505888059735298,0.08264955878257751,0.34333834052085876,0.9353851675987244
23.927584800010663,-0.333164244890213,0.7963176965713501,0.09707598388195038,-0.018561402335762978,0.08262234926223755,0.34311723709106445,0.9354676604270935
23.931752900010906,-0.3331671357154846,0.7963376641273499,0.09704148769378662,-0.01890546642243862,0.08249786496162415,0.34340253472328186,0.9353669881820679
23.935966000004555,-0.3331576883792877,0.7963597774505615,0.09699786454439163,-0.019261769950389862,0.08240950852632523,0.3435060977935791,0.9353294372558594
23.940083200010122,-0.33315232396125793,0.7963843941688538,0.09696806222200394,-0.019443951547145844,0.08253318816423416,0.3435458838939667,0.9353001713752747
23.944315900007496,-0.33314812183380127,0.7964010834693909,0.09694692492485046,-0.019405215978622437,0.08241385221481323,0.3435315489768982,0.9353168606758118
23.94890380000288,-0.3331491947174072,0.7964131236076355,0.09692806750535965,-0.019456209614872932,0.0823504626750946,0.34370967745780945,0.9352558255195618
23.952751600008924,-0.3331429660320282,0.7964168190956116,0.09691151976585388,-0.019445233047008514,0.08235960453748703,0.34374216198921204,0.9352433085441589
23.95719370000006,-0.33314087986946106,0.7964218854904175,0.09690502285957336,-0.019358064979314804,0.0822877511382103,0.343840092420578,0.9352154731750488
23.961000299997977,-0.3331322968006134,0.7964169383049011,0.09688669443130493,-0.019348375499248505,0.08225016295909882,0.3438624441623688,0.9352108240127563
23.966348900008597,-0.3331378102302551,0.796412467956543,0.09686893969774246,-0.01928696222603321,0.08231654763221741,0.3437972664833069,0.9352301955223083
23.969901200005552,-0.33313316106796265,0.796405017375946,0.09685330837965012,-0.019399935379624367,0.08222582191228867,0.3441207706928253,0.9351168870925903
23.973953100008657,-0.33312955498695374,0.7963976860046387,0.09683863818645477,-0.019411008805036545,0.08215900510549545,0.34415867924690247,0.9351085424423218
23.97810350000509,-0.3331259787082672,0.7963898181915283,0.09682057797908783,-0.019422881305217743,0.08212629705667496,0.3443785607814789,0.9350301623344421
23.981977300005383,-0.33312779664993286,0.7963759899139404,0.09680107980966568,-0.019476981833577156,0.08227717876434326,0.344292014837265,0.9350476861000061
23.98671950001153,-0.333128958940506,0.79638671875,0.09678470343351364,-0.01919940672814846,0.08223313838243484,0.34406784176826477,0.9351397752761841
23.990872300011688,-0.3331196904182434,0.7963689565658569,0.09677821397781372,-0.01946750469505787,0.08230150490999222,0.34426599740982056,0.9350552558898926
23.994508600007975,-0.3331192433834076,0.7963796854019165,0.0967610776424408,-0.01919403299689293,0.082247294485569,0.3438929617404938,0.935202956199646
23.998735300003318,-0.3331246078014374,0.7963536381721497,0.096745066344738,-0.019710594788193703,0.08263101428747177,0.34430721402168274,0.9350059628486633
24.002673100010725,-0.333128422498703,0.7963634133338928,0.09673286974430084,-0.01931130327284336,0.08268499374389648,0.34379833936691284,0.9351968169212341
24.00696520000929,-0.3331287205219269,0.7963421940803528,0.09674329310655594,-0.01950867287814617,0.08270573616027832,0.3441690504550934,0.9350545406341553
24.011057299998356,-0.33313506841659546,0.7963488698005676,0.09672990441322327,-0.019235890358686447,0.08271019160747528,0.3439505696296692,0.9351401329040527
24.015167800011113,-0.3331301212310791,0.7963559031486511,0.09675256907939911,-0.018942100927233696,0.08244539797306061,0.3439788222312927,0.9351590871810913
24.01932300000044,-0.3331424593925476,0.7963245511054993,0.09674295037984848,-0.019195131957530975,0.08281367272138596,0.34427568316459656,0.9350122213363647
24.023421300007612,-0.3331467807292938,0.7963224649429321,0.09674054384231567,-0.019164133816957474,0.08287780731916428,0.3442919850349426,0.9350010752677917
24.02874380000867,-0.3331514596939087,0.7963252067565918,0.09674979746341705,-0.01903887465596199,0.08275637030601501,0.3442869782447815,0.9350162744522095
24.033689800009597,-0.33315640687942505,0.7963234782218933,0.09674916416406631,-0.018888652324676514,0.08288516104221344,0.34415483474731445,0.9350565075874329
24.04065989999799,-0.3331703543663025,0.796327531337738,0.09674523770809174,-0.018280992284417152,0.08279406279325485,0.3436865508556366,0.9352489709854126
24.04432000000088,-0.33317214250564575,0.7963374853134155,0.09675158560276031,-0.01803206466138363,0.08279560506343842,0.3435870409011841,0.9352901577949524
24.048529799998505,-0.3331645727157593,0.7963466048240662,0.09675520658493042,-0.018470505252480507,0.08293355256319046,0.34396475553512573,0.9351305365562439
24.05306260001089,-0.3331674337387085,0.7963604927062988,0.09675895422697067,-0.018477026373147964,0.08291008323431015,0.34395235776901245,0.9351370930671692
24.056818700002623,-0.3331761062145233,0.7963939309120178,0.09674295037984848,-0.01809813641011715,0.0829860270023346,0.3433246612548828,0.9353683590888977
24.06299740000395,-0.3331797122955322,0.7964109778404236,0.09673499315977097,-0.018151113763451576,0.08297855406999588,0.3431190252304077,0.9354434609413147
24.072557000006782,-0.3331927955150604,0.7964514493942261,0.09671630710363388,-0.018297288566827774,0.08301600068807602,0.3426993191242218,0.9355911016464233
24.078693000003113,-0.33321696519851685,0.796485424041748,0.0967099741101265,-0.018466901034116745,0.08291547000408173,0.34262508153915405,0.9356238842010498
24.083861899998737,-0.33323875069618225,0.7965094447135925,0.09670333564281464,-0.018377121537923813,0.08297847956418991,0.3423125743865967,0.9357345104217529
24.091981500008842,-0.3332931697368622,0.7965525388717651,0.09670241177082062,-0.018475407734513283,0.08292912691831589,0.34203165769577026,0.9358395934104919
24.10047150000173,-0.3334074914455414,0.7966092228889465,0.09670881181955338,-0.01805984042584896,0.082942433655262,0.341129869222641,0.9361755847930908
24.106721800009836,-0.3334995210170746,0.7966729998588562,0.0967290997505188,-0.01778349280357361,0.08290734142065048,0.3408886790275574,0.9362719655036926
24.11113910000131,-0.33355024456977844,0.7967068552970886,0.09673723578453064,-0.017779314890503883,0.08294794708490372,0.3407580256462097,0.9363159537315369
24.115200700005516,-0.33361345529556274,0.7967687249183655,0.0967487171292305,-0.017853908240795135,0.08269472420215607,0.34089264273643494,0.9362879395484924
24.11966250000114,-0.3336696922779083,0.7968215942382812,0.09675198048353195,-0.017696095630526543,0.08269461244344711,0.3405124247074127,0.9364292621612549
24.123871200004942,-0.3337368369102478,0.7968751788139343,0.09676514565944672,-0.017652656883001328,0.08256900310516357,0.3405879735946655,0.9364136457443237
24.127666600004886,-0.33380356431007385,0.796948254108429,0.09677210450172424,-0.017590830102562904,0.08249558508396149,0.3402819037437439,0.9365326166152954
24.131821200004197,-0.3338758051395416,0.7970238327980042,0.09678054600954056,-0.017390696331858635,0.08260294795036316,0.33995959162712097,0.9366438984870911
24.135832400002982,-0.33395814895629883,0.7971091270446777,0.09679396450519562,-0.017234841361641884,0.0825786367058754,0.33964818716049194,0.9367618560791016
24.140081100005773,-0.33405283093452454,0.7972092032432556,0.09676909446716309,-0.01758575439453125,0.08251223713159561,0.3401053547859192,0.9365953803062439
24.144221000009566,-0.3341325521469116,0.7973086833953857,0.09677962213754654,-0.018037382513284683,0.08239682763814926,0.34033069014549255,0.9365150928497314
24.148289000004297,-0.33421415090560913,0.7974210977554321,0.09678135067224503,-0.01809457316994667,0.08201301097869873,0.34072521328926086,0.9364041686058044
24.15270770000643,-0.33429446816444397,0.7975218296051025,0.09677721560001373,-0.018217409029603004,0.08176099509000778,0.3408554196357727,0.9363764524459839
24.156768300003023,-0.33437690138816833,0.7976276278495789,0.09677239507436752,-0.018338333815336227,0.08162249624729156,0.34089380502700806,0.9363722801208496
24.16093440000259,-0.33446478843688965,0.7977436780929565,0.0967787504196167,-0.01878730021417141,0.081674724817276,0.34083715081214905,0.9363793730735779
24.16536840000481,-0.33458080887794495,0.7978574633598328,0.09677739441394806,-0.019186874851584435,0.08131182193756104,0.3408500552177429,0.9363982081413269
24.169380200008163,-0.33466723561286926,0.7979739308357239,0.09677070379257202,-0.019231479614973068,0.08128106594085693,0.3408091962337494,0.9364148378372192
24.17375020000327,-0.33476752042770386,0.798085629940033,0.09676201641559601,-0.019258609041571617,0.08120205253362656,0.34072309732437134,0.9364524483680725
24.17794340000546,-0.334865540266037,0.7982050776481628,0.09674882888793945,-0.019358620047569275,0.08121035248041153,0.34040090441703796,0.9365668296813965
24.183113999999478,-0.3349893093109131,0.7983534336090088,0.09674254059791565,-0.01913931965827942,0.08132490515708923,0.33972296118736267,0.9368075132369995
24.188560300011886,-0.3351191580295563,0.7984868288040161,0.09672051668167114,-0.019831858575344086,0.08112134784460068,0.3395288586616516,0.9368811845779419
24.192885299999034,-0.3352489769458771,0.7986125946044922,0.09668263047933578,-0.020429059863090515,0.08126065880060196,0.33943724632263184,0.9368894100189209
24.19677059999958,-0.3353756368160248,0.7987641096115112,0.09665466099977493,-0.020818252116441727,0.08162292838096619,0.33878979086875916,0.9370836615562439
24.202662800002145,-0.3356935679912567,0.7990410923957825,0.09658780694007874,-0.020419208332896233,0.08264423906803131,0.33768177032470703,0.9374028444290161
24.20712160000403,-0.3358445167541504,0.7991632223129272,0.09655127674341202,-0.020476149395108223,0.08323821425437927,0.33745816349983215,0.9374295473098755
24.21101610000187,-0.33597704768180847,0.7993023991584778,0.09654010087251663,-0.020434856414794922,0.0832037478685379,0.33761173486709595,0.9373782277107239
24.21537580000586,-0.3361367881298065,0.7994572520256042,0.09651631116867065,-0.02050638198852539,0.08338502049446106,0.3382236361503601,0.9371399879455566
24.21935939999821,-0.3362797200679779,0.7996296882629395,0.09650658071041107,-0.020246928557753563,0.08322051912546158,0.338459312915802,0.9370750784873962
24.22278950001055,-0.3362797200679779,0.7996296882629395,0.09650658071041107,-0.020246928557753563,0.08322051912546158,0.338459312915802,0.9370750784873962
24.227467800010345,-0.3366183042526245,0.7999692559242249,0.09650404751300812,-0.02034582383930683,0.08280885964632034,0.3386724889278412,0.9370324611663818
24.23155890000635,-0.33678460121154785,0.8001706004142761,0.09650526940822601,-0.020298346877098083,0.08258511126041412,0.3388827443122864,0.936977207660675
24.23591670001042,-0.3369925022125244,0.8003755807876587,0.09650161117315292,-0.0206412635743618,0.08197033405303955,0.33817967772483826,0.9372776746749878
24.24056350000319,-0.3371366560459137,0.8005931973457336,0.09648415446281433,-0.02072017826139927,0.08205081522464752,0.33733800053596497,0.9375721216201782
24.244386300008046,-0.33729782700538635,0.8007779121398926,0.09645804762840271,-0.020979776978492737,0.082083560526371,0.3370248079299927,0.9376761317253113
24.24845379999897,-0.3374749422073364,0.8009729981422424,0.09641798585653305,-0.02128550224006176,0.08228235691785812,0.33663851022720337,0.93779057264328
24.252753900000243,-0.337632954120636,0.8012076616287231,0.09642082452774048,-0.020467830821871758,0.08294514566659927,0.3351280391216278,0.9382912516593933
24.257110700011253,-0.3378458023071289,0.8014312386512756,0.09636382758617401,-0.020374631509184837,0.08351399004459381,0.33522874116897583,0.9382067918777466
24.26124420000997,-0.33805984258651733,0.8016477227210999,0.09629031270742416,-0.02037017233669758,0.08439658582210541,0.33416539430618286,0.9385071992874146
24.26549010000599,-0.33825719356536865,0.8019111156463623,0.09626010060310364,-0.019986601546406746,0.08473967015743256,0.3328242003917694,0.9389610290527344
24.26951640000334,-0.3384658396244049,0.8022204637527466,0.09623588621616364,-0.02106771618127823,0.08542700856924057,0.331550270318985,0.939325749874115
24.27379620001011,-0.338711678981781,0.8025233745574951,0.09620500355958939,-0.021450765430927277,0.08518077433109283,0.3321787118911743,0.939117431640625
24.27778830000898,-0.33892813324928284,0.8028000593185425,0.09616928547620773,-0.02180047519505024,0.08478089421987534,0.332618772983551,0.9389896988868713
24.281819700001506,-0.3391721844673157,0.8030818700790405,0.0961165800690651,-0.022132044658064842,0.08463232219219208,0.3329538404941559,0.9388766288757324
24.286307500005933,-0.3394010365009308,0.8033885955810547,0.09608350694179535,-0.02265467867255211,0.08443096280097961,0.3331567347049713,0.9388102889060974
24.290105500011123,-0.3394010365009308,0.8033885955810547,0.09608350694179535,-0.02265467867255211,0.08443096280097961,0.3331567347049713,0.9388102889060974
24.29428750000079,-0.3399403691291809,0.804031252861023,0.09595312923192978,-0.023196348920464516,0.085781030356884,0.33149102330207825,0.9392642974853516
24.29882820000057,-0.3401888906955719,0.8043316602706909,0.09589100629091263,-0.022927505895495415,0.08647049218416214,0.3311209976673126,0.9393381476402283
24.30300860000716,-0.3404410481452942,0.8046506643295288,0.09586254507303238,-0.023045293986797333,0.08620724827051163,0.3311011791229248,0.9393664598464966
24.307077999998,-0.3406856060028076,0.8049687147140503,0.09580002725124359,-0.023259028792381287,0.08629974722862244,0.33051586151123047,0.939558744430542
24.31129040000087,-0.34095966815948486,0.8053447604179382,0.09574944525957108,-0.022639041766524315,0.08622922003269196,0.3295649290084839,0.9399144053459167
24.31556580000324,-0.3412637710571289,0.8057644367218018,0.0956677794456482,-0.022551266476511955,0.08638301491737366,0.32987284660339355,0.9397943615913391
24.32003540000005,-0.34151625633239746,0.8061211705207825,0.09562112390995026,-0.022383088245987892,0.08669793605804443,0.32955241203308105,0.9398817420005798
24.324001400003908,-0.3417890667915344,0.8065077662467957,0.09560386091470718,-0.02273358218371868,0.087867870926857,0.32934626936912537,0.9398369789123535
24.328134100011084,-0.342072993516922,0.8068376779556274,0.09549057483673096,-0.023871900513768196,0.08895767480134964,0.3286758065223694,0.939940869808197
24.332398400001694,-0.3423677384853363,0.807248055934906,0.09546409547328949,-0.02486327290534973,0.08859740197658539,0.32861095666885376,0.9399719834327698
24.33598560000246,-0.3426534831523895,0.8076626062393188,0.09541288018226624,-0.02415766753256321,0.08889425545930862,0.32758110761642456,0.940321683883667
24.340157600003295,-0.34289658069610596,0.8080599904060364,0.09534073621034622,-0.02383298985660076,0.08887404203414917,0.32732024788856506,0.9404227137565613
24.347396600001957,-0.3431442677974701,0.8084510564804077,0.095280721783638,-0.024065380915999413,0.0884956642985344,0.328153520822525,0.9401620626449585
24.352978700000676,-0.34375128149986267,0.8092630505561829,0.09509539604187012,-0.02387145161628723,0.0902974084019661,0.32633721828460693,0.9406278133392334
24.357097600004636,-0.3440777659416199,0.8096516132354736,0.09496553242206573,-0.0245192963629961,0.09081707894802094,0.3262840211391449,0.9405794739723206
24.36144459999923,-0.344343364238739,0.8100376129150391,0.09489124268293381,-0.02457231841981411,0.09123251587152481,0.32579392194747925,0.9407078623771667
24.365393200001563,-0.34458085894584656,0.8104729652404785,0.09485680609941483,-0.02508305385708809,0.09144159406423569,0.3261922299861908,0.9405360221862793
24.369342600009986,-0.34484291076660156,0.8109174966812134,0.09482908248901367,-0.025819584727287292,0.09144192934036255,0.3263329565525055,0.9404671788215637
24.373601800005417,-0.34513014554977417,0.8114771842956543,0.09476134181022644,-0.02506306767463684,0.09209238737821579,0.3249325454235077,0.9409089684486389
24.37774090000312,-0.3453991115093231,0.8119159936904907,0.09465260058641434,-0.02539006434381008,0.09290861338376999,0.32394924759864807,0.9411590695381165
24.38280950000626,-0.34566962718963623,0.8123415112495422,0.0945645421743393,-0.025398189201951027,0.0934409350156784,0.3231698274612427,0.9413740038871765
24.386417300003814,-0.34599581360816956,0.8127590417861938,0.09445587545633316,-0.026143327355384827,0.09380161762237549,0.32208067178726196,0.9416910409927368
24.390245800008415,-0.3462551534175873,0.8132381439208984,0.0943952426314354,-0.026372388005256653,0.09420660138130188,0.32106447219848633,0.9419910907745361
24.39486190000025,-0.34650495648384094,0.813701868057251,0.09432967007160187,-0.02575443685054779,0.0945906713604927,0.3206777572631836,0.9421014785766602
24.40252309999778,-0.34703972935676575,0.8147050142288208,0.09417200088500977,-0.026806924492120743,0.0959276556968689,0.3217948377132416,0.9415557980537415
24.407580900005996,-0.3473271131515503,0.8151712417602539,0.09407108277082443,-0.026827912777662277,0.09670356661081314,0.3201141059398651,0.9420486688613892
24.41142820000823,-0.34762006998062134,0.8156843185424805,0.09397738426923752,-0.027131792157888412,0.09764336049556732,0.3194737136363983,0.9421603679656982
24.415348399998038,-0.3479081988334656,0.8161492347717285,0.09391289949417114,-0.0267130546271801,0.09748207032680511,0.31917694211006165,0.9422897100448608
24.419303100003162,-0.34817028045654297,0.8165964484214783,0.09385997802019119,-0.02626471407711506,0.09778062254190445,0.31855371594429016,0.9424821734428406
24.42333650001092,-0.34844931960105896,0.817104160785675,0.09377671033143997,-0.026757312938570976,0.09840232878923416,0.31789568066596985,0.9426258206367493
24.42752080000355,-0.3487151861190796,0.8176088929176331,0.09368697553873062,-0.026860911399126053,0.09874080866575241,0.3181249797344208,0.9425100684165955
24.431777800011332,-0.34901437163352966,0.8180586695671082,0.09357428550720215,-0.026590224355459213,0.1001431941986084,0.31743767857551575,0.9426015615463257
24.436037700012093,-0.3493253290653229,0.8185415863990784,0.09347832202911377,-0.028403284028172493,0.1010185182094574,0.3180396854877472,0.9422522187232971
24.440286600001855,-0.34964150190353394,0.8190457820892334,0.09339728951454163,-0.028066692873835564,0.10117113590240479,0.31696704030036926,0.9426073431968689
24.44442510000954,-0.34991687536239624,0.819526731967926,0.0932990089058876,-0.02852807380259037,0.101413294672966,0.317475289106369,0.9423964023590088
24.44844700000249,-0.35020461678504944,0.8199953436851501,0.09318798780441284,-0.028090329840779305,0.10221566259860992,0.3176184296607971,0.9422746896743774
24.45262000001094,-0.3504617214202881,0.8204704523086548,0.09309844672679901,-0.02749660424888134,0.10330574959516525,0.3164847791194916,0.9425547122955322
24.457502300007036,-0.35077372193336487,0.8209683299064636,0.0929969921708107,-0.0266815684735775,0.10432827472686768,0.31482425332069397,0.9430215358734131
24.461130800002138,-0.3510713577270508,0.8214564919471741,0.09290143102407455,-0.02790329046547413,0.10482898354530334,0.3150193691253662,0.9428653717041016
24.46521500000381,-0.35134950280189514,0.821968674659729,0.09284879267215729,-0.028569376096129417,0.10496355593204498,0.31533193588256836,0.9427260160446167
24.469441900000675,-0.3516792953014374,0.822425127029419,0.092756487429142,-0.028771305456757545,0.10529450327157974,0.31534844636917114,0.94267737865448
24.473580300007598,-0.35202986001968384,0.822909951210022,0.09265069663524628,-0.02931850031018257,0.1062292605638504,0.31484708189964294,0.942723274230957
24.478336000000127,-0.35233843326568604,0.8233641982078552,0.09252892434597015,-0.02935062162578106,0.10685431957244873,0.3144766390323639,0.942775309085846
24.482107900010305,-0.35264331102371216,0.8238324522972107,0.09242135286331177,-0.0292661190032959,0.10726255178451538,0.3148864805698395,0.9425947666168213
24.486456500002532,-0.35294899344444275,0.8242908716201782,0.09230536967515945,-0.02959759160876274,0.10750304907560349,0.3149465024471283,0.9425369501113892
24.490597800002433,-0.35324230790138245,0.8247550129890442,0.0922364592552185,-0.029450254514813423,0.10813745856285095,0.3132014274597168,0.9430503249168396
24.494478100008564,-0.35356155037879944,0.825247585773468,0.09212160855531693,-0.0295772235840559,0.10915350914001465,0.31204429268836975,0.9433128237724304
24.498694300011266,-0.3538566529750824,0.8257187604904175,0.09205682575702667,-0.0290036890655756,0.10983836650848389,0.3114030063152313,0.9434630274772644
24.502727200000663,-0.3541579842567444,0.8261622190475464,0.09195910394191742,-0.029793089255690575,0.11126655340194702,0.3109668791294098,0.9434149861335754
24.50697790000413,-0.3545095920562744,0.8265938758850098,0.09183584898710251,-0.030014032498002052,0.112270288169384,0.30967557430267334,0.9437137246131897
24.51136660001066,-0.3548235595226288,0.827035665512085,0.09172748774290085,-0.030551034957170486,0.11235220730304718,0.3096415102481842,0.943697988986969
24.515278999999282,-0.3551483750343323,0.8274779319763184,0.09163322299718857,-0.029921364039182663,0.11269601434469223,0.3101796805858612,0.9435003399848938
24.51955350000935,-0.35545745491981506,0.8278872966766357,0.09151281416416168,-0.0301870908588171,0.11314180493354797,0.3101402819156647,0.943451464176178
24.523477399998228,-0.3557797372341156,0.828310489654541,0.0914110541343689,-0.030191609635949135,0.11372330039739609,0.30900537967681885,0.9437538385391235
24.52759420000075,-0.35609570145606995,0.8287256360054016,0.09132398664951324,-0.030060099437832832,0.1146845817565918,0.3075031042098999,0.9441323280334473
24.53158710000571,-0.3564097285270691,0.8291171193122864,0.09120011329650879,-0.030124297365546227,0.11531589925289154,0.3069981634616852,0.9442176222801208
24.536275600010413,-0.35672441124916077,0.8295732736587524,0.09115293622016907,-0.030147677287459373,0.11559532582759857,0.30751946568489075,0.9440131187438965
24.540395600008196,-0.3570755422115326,0.8299902677536011,0.09105545282363892,-0.029813459143042564,0.11613363027572632,0.307360976934433,0.9440091848373413
24.544361200009007,-0.357423335313797,0.8303897976875305,0.09095708280801773,-0.029566271230578423,0.11715706437826157,0.3060759902000427,0.9443080425262451
24.548778100011987,-0.3577280044555664,0.8307786583900452,0.09087954461574554,-0.030897701159119606,0.11803976446390152,0.3056977689266205,0.9442780017852783
24.552714600009494,-0.3580699563026428,0.8311648368835449,0.09079933911561966,-0.029688332229852676,0.11917936056852341,0.3040981888771057,0.9446900486946106
24.556947200006107,-0.35841286182403564,0.8315427303314209,0.09072621911764145,-0.029401745647192,0.11929265409708023,0.30413317680358887,0.944673478603363
24.561057200000505,-0.3588005304336548,0.8319323062896729,0.09062893688678741,-0.029749177396297455,0.11894433200359344,0.30387529730796814,0.944789469242096
24.565232300010393,-0.3591788411140442,0.8323110938072205,0.09055150300264359,-0.030131347477436066,0.11906493455171585,0.3035396337509155,0.9448699951171875
24.56970390000788,-0.3595372140407562,0.832647442817688,0.0904623344540596,-0.029597915709018707,0.12015889585018158,0.30261948704719543,0.9450435638427734
24.57384870000533,-0.35988107323646545,0.8329780101776123,0.09033114463090897,-0.029992233961820602,0.12115320563316345,0.3023156225681305,0.9450013637542725
24.57822500000475,-0.36023369431495667,0.8333317637443542,0.09025777131319046,-0.03028290718793869,0.12091323733329773,0.30276796221733093,0.944878101348877
24.58237960000406,-0.3606249988079071,0.8336880803108215,0.09018108993768692,-0.03026639111340046,0.12107644975185394,0.3024464547634125,0.9449605941772461
24.586369000011473,-0.36104315519332886,0.8340238332748413,0.09010487049818039,-0.02990862727165222,0.12109591066837311,0.30163872241973877,0.9452276229858398
24.590367299999343,-0.3613722026348114,0.834374725818634,0.09003902226686478,-0.029857182875275612,0.12136724591255188,0.3010290861129761,0.9453887939453125
24.59435260000464,-0.3617427945137024,0.8347136974334717,0.08996869623661041,-0.030007150024175644,0.1212882250547409,0.3016979694366455,0.9451810121536255
24.598961299998336,-0.36212387681007385,0.8351786136627197,0.08999358862638474,-0.028117019683122635,0.12118306756019592,0.30128785967826843,0.9453834295272827
24.602908100001514,-0.3625330328941345,0.835609495639801,0.08998692780733109,-0.02814660593867302,0.12050385028123856,0.3026520013809204,0.9450335502624512
24.60769980000623,-0.36289528012275696,0.8358587622642517,0.08981052786111832,-0.028933154419064522,0.12218571454286575,0.30010461807250977,0.9456061124801636
24.611809599999106,-0.36323660612106323,0.8361667990684509,0.08971280604600906,-0.02906898781657219,0.12281464040279388,0.2987026870250702,0.9459642767906189
24.617995500011602,-0.36355116963386536,0.8364242315292358,0.08955902606248856,-0.030774923041462898,0.12379864603281021,0.29843878746032715,0.945865273475647
24.62305860000197,-0.364291787147522,0.8371458649635315,0.089451365172863,-0.031927675008773804,0.12448898702859879,0.2978597581386566,0.9459189772605896
24.62952430000587,-0.3646591007709503,0.8376054167747498,0.0895797535777092,-0.02981390804052353,0.12362045794725418,0.29759156703948975,0.9461862444877625
24.632952800006024,-0.3649965524673462,0.8379219770431519,0.08947889506816864,-0.029927635565400124,0.12422262877225876,0.29659008979797363,0.9464182257652283
24.636369900006684,-0.3653664290904999,0.8382046818733215,0.08938675373792648,-0.02962990663945675,0.12473384290933609,0.29643911123275757,0.9464076161384583
24.6405686000071,-0.3657204806804657,0.8385921120643616,0.08937699347734451,-0.02901586890220642,0.12458493560552597,0.2971077561378479,0.9462366104125977
24.644421900011366,-0.36605411767959595,0.8388437628746033,0.08918846398591995,-0.02985261380672455,0.12657885253429413,0.29489243030548096,0.946638822555542
24.64853310000035,-0.36644041538238525,0.8391404747962952,0.08911126106977463,-0.030160142108798027,0.12660907208919525,0.294428288936615,0.9467695355415344
24.653030600005877,-0.3667740225791931,0.8394488096237183,0.08904559165239334,-0.02990616485476494,0.12708577513694763,0.2931041121482849,0.9471244812011719
24.657148600002984,-0.36713117361068726,0.8397643566131592,0.08903291076421738,-0.02943720482289791,0.12636330723762512,0.29366534948349,0.947062075138092
24.661122300007264,-0.3674915134906769,0.8400938510894775,0.08899760246276855,-0.028802694752812386,0.12710429728031158,0.2924414575099945,0.9473610520362854
24.66528840000683,-0.36783701181411743,0.840387761592865,0.08893859386444092,-0.029262404888868332,0.12775380909442902,0.2926252782344818,0.9472028017044067
24.66936810000334,-0.36822208762168884,0.8406623601913452,0.0888669416308403,-0.02962459623813629,0.12837345898151398,0.29216641187667847,0.9472494125366211
24.673632500009262,-0.36857908964157104,0.8409823775291443,0.08888956159353256,-0.02909582108259201,0.12762266397476196,0.2930821478366852,0.9470843076705933
24.67783500000951,-0.3688969910144806,0.8412706851959229,0.08884946256875992,-0.029013121500611305,0.12797120213508606,0.29294347763061523,0.9470828175544739
24.68199560001085,-0.36924391984939575,0.841486394405365,0.08866571635007858,-0.029580214992165565,0.12948007881641388,0.2912429869174957,0.9473845362663269
24.686199400006444,-0.3695955276489258,0.8417458534240723,0.08857504278421402,-0.030191238969564438,0.1290815770626068,0.291250079870224,0.9474174976348877
24.690199100004975,-0.3699396252632141,0.8420342803001404,0.08852101117372513,-0.029666515067219734,0.13063302636146545,0.28967973589897156,0.9477028250694275
24.6945340000093,-0.3702590763568878,0.8423077464103699,0.08851683139801025,-0.029522158205509186,0.13005845248699188,0.2902023196220398,0.9476264119148254
24.69858270000259,-0.3705664575099945,0.8425660133361816,0.08845812827348709,-0.029646726325154305,0.13046033680438995,0.2902686893939972,0.9475470185279846
24.702705900010187,-0.37087032198905945,0.8428295254707336,0.08842245489358902,-0.02976500429213047,0.1308192014694214,0.2903149724006653,0.9474796652793884
24.70718840000336,-0.37117791175842285,0.8431179523468018,0.08834405243396759,-0.029970917850732803,0.13099215924739838,0.29007741808891296,0.9475220441818237
24.711046800002805,-0.37148788571357727,0.8433653712272644,0.0882706269621849,-0.029829805716872215,0.13141043484210968,0.28890183568000793,0.9478276371955872
24.715342200011946,-0.37182188034057617,0.8436187505722046,0.08817952126264572,-0.02949860319495201,0.1321791410446167,0.28856000304222107,0.9478352069854736
24.721940400006133,-0.37211674451828003,0.8439421653747559,0.08822496235370636,-0.029535437002778053,0.13129805028438568,0.29024675488471985,0.9474415183067322
24.725575300006312,-0.3723827004432678,0.8441504836082458,0.08812420815229416,-0.03015211597084999,0.1326783299446106,0.2884828448295593,0.9477684497833252
24.729478799999924,-0.3726372718811035,0.8444304466247559,0.08808243274688721,-0.029852919280529022,0.1335788518190384,0.2870158851146698,0.9480968117713928
24.733543000009377,-0.3728986978530884,0.8447350263595581,0.0879996046423912,-0.02981502190232277,0.13391591608524323,0.2870140075683594,0.9480509757995605
24.737071700001252,-0.3731883466243744,0.8450306057929993,0.0879412293434143,-0.02995557337999344,0.13360393047332764,0.28760895133018494,0.9479101896286011
24.74052200000733,-0.3734707832336426,0.8452621102333069,0.0878395140171051,-0.029736043885350227,0.13437630236148834,0.28663191199302673,0.9481039047241211
24.744370500004152,-0.37373700737953186,0.8454930186271667,0.08770722150802612,-0.029859265312552452,0.13577187061309814,0.28629007935523987,0.9480044841766357
24.748789700010093,-0.37401413917541504,0.8457385897636414,0.08763881772756577,-0.030462758615612984,0.13559584319591522,0.2858538329601288,0.9481420516967773
24.752750500003458,-0.3742745518684387,0.8460181951522827,0.08762425184249878,-0.029958264902234077,0.13585029542446136,0.28463271260261536,0.9484890699386597
24.75684380000166,-0.3745101988315582,0.8462612628936768,0.0875488668680191,-0.030190998688340187,0.13623708486557007,0.2839682400226593,0.948625385761261
24.761044500002754,-0.3747522830963135,0.8465171456336975,0.08748329430818558,-0.029804179444909096,0.13671539723873138,0.2835262417793274,0.948701024055481
24.765374100010376,-0.3749927580356598,0.8467502593994141,0.08742103725671768,-0.029898200184106827,0.13697315752506256,0.2832953631877899,0.9487297534942627
24.769461100004264,-0.37525391578674316,0.8469703793525696,0.08731653541326523,-0.029453547671437263,0.13765862584114075,0.2827099561691284,0.9488191604614258
24.77355830000306,-0.3754979372024536,0.847217321395874,0.0872240886092186,-0.02883584424853325,0.1387958973646164,0.2819208800792694,0.9489072561264038
24.778682600008324,-0.3757202923297882,0.84748774766922,0.08715042471885681,-0.029349995777010918,0.1391698569059372,0.28227686882019043,0.9487307667732239
24.78231570000935,-0.3759958744049072,0.8477404117584229,0.08708961308002472,-0.02896108664572239,0.13852070271968842,0.28256893157958984,0.9487507939338684
24.786026600006153,-0.3762192726135254,0.8479849696159363,0.08697965741157532,-0.02907823584973812,0.13892285525798798,0.28267207741737366,0.9486576914787292
24.790440800003125,-0.37641531229019165,0.8482005000114441,0.08686362951993942,-0.029521871358156204,0.1400974988937378,0.2823377847671509,0.9485707879066467
24.79474029999983,-0.37661370635032654,0.8484316468238831,0.08676619827747345,-0.02951900102198124,0.1407070755958557,0.2816334068775177,0.9486900568008423
24.798788600004627,-0.37681156396865845,0.8486361503601074,0.08670450001955032,-0.029108891263604164,0.1415744423866272,0.28065815567970276,0.9488627314567566
24.803044700005557,-0.37703537940979004,0.8488397002220154,0.08659341931343079,-0.028792673721909523,0.14249461889266968,0.2802111804485321,0.9488667249679565
24.806876100003137,-0.3772495687007904,0.8490599393844604,0.08652089536190033,-0.028694594278931618,0.14306798577308655,0.2806202471256256,0.948662519454956
24.812028700005612,-0.3774549067020416,0.8493022322654724,0.08640724420547485,-0.02854716219007969,0.14383989572525024,0.2791576683521271,0.9489817023277283
24.816199900000356,-0.37763282656669617,0.8495176434516907,0.0863184705376625,-0.02877870202064514,0.144274041056633,0.2787984311580658,0.9490143060684204
24.81988480000291,-0.37781277298927307,0.8497631549835205,0.08622459322214127,-0.029085485264658928,0.14467544853687286,0.2791052758693695,0.9488537311553955
24.82422530000622,-0.3780174255371094,0.8500187993049622,0.08612288534641266,-0.029472190886735916,0.144852876663208,0.27911219000816345,0.9488126039505005
24.82799440000963,-0.3780174255371094,0.8500187993049622,0.08612288534641266,-0.029472190886735916,0.144852876663208,0.27911219000816345,0.9488126039505005
24.832340599998133,-0.3783809244632721,0.8504904508590698,0.08590499311685562,-0.028752386569976807,0.14619296789169312,0.27821066975593567,0.9488940238952637
24.835958499999833,-0.37857717275619507,0.8507201671600342,0.08577123284339905,-0.028568239882588387,0.14751920104026794,0.27701136469841003,0.9490452408790588
24.840424699999858,-0.37875840067863464,0.8509734869003296,0.08566302806138992,-0.028536567464470863,0.14819218218326569,0.2763529121875763,0.9491331577301025
24.84435939999821,-0.3789123296737671,0.8511976599693298,0.08555906265974045,-0.028702234849333763,0.14879365265369415,0.2762526869773865,0.9490633010864258
24.84850940000615,-0.3790622353553772,0.8514406681060791,0.08543635904788971,-0.028336767107248306,0.1493547558784485,0.27529177069664,0.9492653012275696
24.853165900000022,-0.37922582030296326,0.8517102003097534,0.08532634377479553,-0.028459951281547546,0.14994214475154877,0.27528882026672363,0.949169933795929
24.85759670000698,-0.37937048077583313,0.8519784808158875,0.08518657088279724,-0.028587471693754196,0.15060167014598846,0.2749979794025421,0.9491459727287292
24.86110720000579,-0.37951168417930603,0.8522469997406006,0.08504234254360199,-0.029193660244345665,0.15148083865642548,0.2749952971935272,0.9489884376525879
24.865322400000878,-0.37967586517333984,0.8524892926216125,0.08490490913391113,-0.029184693470597267,0.15199044346809387,0.274651437997818,0.9490066766738892
24.86981889999879,-0.3798658549785614,0.8527153730392456,0.0847570151090622,-0.028914431110024452,0.15230973064899445,0.2736245095729828,0.9492604732513428
24.873667799998657,-0.38003048300743103,0.8529666066169739,0.0846039354801178,-0.028843168169260025,0.15264412760734558,0.27295824885368347,0.9494006633758545
24.877671700000064,-0.3801973760128021,0.8532162308692932,0.08445821702480316,-0.02869289554655552,0.15334390103816986,0.27252721786499023,0.9494163393974304
24.881720400007907,-0.3803718090057373,0.8534735441207886,0.08431065082550049,-0.028940999880433083,0.15392708778381348,0.2736614942550659,0.9489880204200745
24.886001400009263,-0.38052400946617126,0.8537067174911499,0.08417656272649765,-0.029089273884892464,0.1544235795736313,0.27368393540382385,0.9488963484764099
24.890348200002336,-0.3806983232498169,0.8539426922798157,0.08402030169963837,-0.029119715094566345,0.15497176349163055,0.27312639355659485,0.9489667415618896
24.894435900001554,-0.3808501064777374,0.8541848063468933,0.08385484665632248,-0.029338300228118896,0.15554691851139069,0.2731490433216095,0.9488593339920044
24.89844770000491,-0.3809792399406433,0.8544427752494812,0.08368272334337234,-0.02973240241408348,0.15659840404987335,0.27314379811286926,0.9486755728721619
24.902874200008227,-0.3811267018318176,0.8546842336654663,0.08355021476745605,-0.02934439294040203,0.15705567598342896,0.2729312479496002,0.9486732482910156
24.907271000003675,-0.38127967715263367,0.8549293875694275,0.0833980068564415,-0.028650065883994102,0.15751411020755768,0.2720556855201721,0.9488699436187744
24.911008100010804,-0.3814433515071869,0.8551869988441467,0.08324581384658813,-0.02867484837770462,0.15766996145248413,0.27279719710350037,0.9486304521560669
24.915489100007107,-0.38158565759658813,0.8554656505584717,0.0830918699502945,-0.028447262942790985,0.15808437764644623,0.2723146378993988,0.9487069249153137
24.91938310000114,-0.3817582130432129,0.8557043671607971,0.08294636011123657,-0.029113678261637688,0.15864907205104828,0.2730245888233185,0.948388397693634
24.92390680000244,-0.3818911910057068,0.8559497594833374,0.08278374373912811,-0.029605591669678688,0.15945333242416382,0.2730671167373657,0.9482259750366211
24.927830200002063,-0.3820154368877411,0.8562174439430237,0.08255492150783539,-0.02985473722219467,0.16083529591560364,0.27206146717071533,0.9482738375663757
24.932472500004224,-0.38211777806282043,0.8564841151237488,0.08239159733057022,-0.02957281842827797,0.16138297319412231,0.2711154520511627,0.9484605193138123
24.93640220000816,-0.3822264075279236,0.8567432761192322,0.0822409987449646,-0.029260948300361633,0.16193465888500214,0.27041569352149963,0.948576033115387
24.940167000007932,-0.3823447823524475,0.8569850921630859,0.0820893794298172,-0.029116300866007805,0.16251951456069946,0.2697604298591614,0.9486669301986694
24.9445424000005,-0.3824743330478668,0.8572542071342468,0.08191439509391785,-0.029064660891890526,0.16286957263946533,0.26964521408081055,0.9486412405967712
24.949380100006238,-0.38260844349861145,0.8574965000152588,0.08173584192991257,-0.02971869520843029,0.1631905436515808,0.2698521614074707,0.9485069513320923
24.952994999999646,-0.3827340602874756,0.8577589392662048,0.0815354585647583,-0.029851358383893967,0.16360488533973694,0.2695237696170807,0.9485247731208801
24.95712900000217,-0.3828393220901489,0.8580251336097717,0.08136270195245743,-0.030326079577207565,0.1646730601787567,0.2690940499305725,0.9484469294548035
24.961083600006532,-0.3829534947872162,0.8582583069801331,0.08119039237499237,-0.03001510724425316,0.165249764919281,0.268844872713089,0.9484272003173828
24.96537800000806,-0.3830721378326416,0.8584852814674377,0.0810202956199646,-0.029454955831170082,0.165924072265625,0.2678433358669281,0.9486103653907776
24.9694734000077,-0.3832024335861206,0.8587061762809753,0.08083547651767731,-0.029851512983441353,0.16658277809619904,0.26822784543037415,0.9483737945556641
24.973947800011956,-0.38331106305122375,0.8589248061180115,0.0806722640991211,-0.029813898727297783,0.1669875979423523,0.2679753601551056,0.9483751654624939
24.978488400010974,-0.3834519386291504,0.8591522574424744,0.08051653951406479,-0.030107880011200905,0.16733157634735107,0.26839974522590637,0.9481852054595947
24.98195190000115,-0.3835976719856262,0.8593543767929077,0.08031367510557175,-0.03056679293513298,0.16771136224269867,0.26865553855895996,0.9480310082435608
24.986172100005206,-0.383736252784729,0.8595554828643799,0.08013537526130676,-0.03040413185954094,0.1682538241147995,0.2681037187576294,0.9480963945388794
24.99046420000377,-0.38386276364326477,0.859757125377655,0.07993678003549576,-0.03087303414940834,0.16922657191753387,0.2674134075641632,0.9481030106544495
24.994906899999478,-0.38402989506721497,0.8599342703819275,0.0797489657998085,-0.030568260699510574,0.16915427148342133,0.267607182264328,0.9480711221694946
24.99924030000693,-0.3841635286808014,0.8601077198982239,0.07958497107028961,-0.030422508716583252,0.1694415658712387,0.2676696479320526,0.948006808757782
25.00269510000362,-0.38429954648017883,0.8602689504623413,0.07942744344472885,-0.030373577028512955,0.16975700855255127,0.26767659187316895,0.9479500651359558
25.0069067000004,-0.38444092869758606,0.8604305982589722,0.07926907390356064,-0.030771754682064056,0.17005109786987305,0.2678331732749939,0.9478402733802795
25.01130070000363,-0.38460472226142883,0.8605791330337524,0.07911620289087296,-0.030889030545949936,0.17021101713180542,0.26825395226478577,0.9476887583732605
25.01531740000064,-0.3847885727882385,0.8607324361801147,0.07894479483366013,-0.030770469456911087,0.17105935513973236,0.2683837413787842,0.9475030899047852
25.019457500005956,-0.3849707543849945,0.8608904480934143,0.0787510871887207,-0.031131785362958908,0.17152605950832367,0.2688918709754944,0.9472628235816956
25.02349150000373,-0.3851354420185089,0.8610113263130188,0.07859029620885849,-0.03084835596382618,0.17165786027908325,0.26895514130592346,0.9472302794456482
25.027715600008378,-0.3852783739566803,0.861167311668396,0.07848063111305237,-0.030397603288292885,0.171901673078537,0.2687314748764038,0.9472640752792358
25.031775700001162,-0.38544538617134094,0.8612855076789856,0.07833787798881531,-0.03020322695374489,0.17182908952236176,0.2682524621486664,0.9474192261695862
25.035820500008413,-0.38559937477111816,0.8613930940628052,0.07822006195783615,-0.03033561445772648,0.17190665006637573,0.26819154620170593,0.9474181532859802
25.040257100001327,-0.3857508897781372,0.8615182638168335,0.07809743285179138,-0.030077172443270683,0.17207133769989014,0.26841798424720764,0.9473324418067932
25.044346300011966,-0.3859158456325531,0.861626386642456,0.0779685527086258,-0.02968871407210827,0.17242051661014557,0.2677832841873169,0.9474607110023499
25.048542400007136,-0.3861076533794403,0.8617314100265503,0.07783062756061554,-0.0296027772128582,0.1725814789533615,0.26745548844337463,0.9475266933441162
25.05261930001143,-0.38630226254463196,0.8618530631065369,0.07768024504184723,-0.029773276299238205,0.17293833196163177,0.2673712968826294,0.9474800825119019
25.056907200007117,-0.3864772915840149,0.8619514107704163,0.07755859941244125,-0.02944440022110939,0.17313127219676971,0.2678115665912628,0.9473307132720947
25.061472800007323,-0.38666579127311707,0.8620365262031555,0.0774504616856575,-0.029285697266459465,0.17339232563972473,0.26754966378211975,0.9473620057106018
25.065245800011326,-0.38682857155799866,0.8621169924736023,0.07734885066747665,-0.029406001791357994,0.1733946055173874,0.267391175031662,0.9474025368690491
25.069505799998296,-0.3870219886302948,0.8621825575828552,0.07724086195230484,-0.029254652559757233,0.17292363941669464,0.2668311893939972,0.9476511478424072
25.073583200006397,-0.38718661665916443,0.8622456192970276,0.07714629173278809,-0.02937796711921692,0.17307929694652557,0.2667045593261719,0.9476546049118042
25.077830300011556,-0.3873645067214966,0.8622831702232361,0.07704487442970276,-0.02967633679509163,0.17284001410007477,0.26679518818855286,0.9476634860038757
25.081895800001803,-0.3875539004802704,0.86231929063797,0.07694213092327118,-0.029658852145075798,0.17330338060855865,0.2662898600101471,0.9477214813232422
25.086102500004927,-0.38775160908699036,0.8623417615890503,0.07685479521751404,-0.029666490852832794,0.1735990345478058,0.26583755016326904,0.9477941989898682
25.090585300000384,-0.38799622654914856,0.8623800873756409,0.0767245665192604,-0.030664632096886635,0.17337282001972198,0.2657449245452881,0.9478297829627991
25.094496500008972,-0.38821670413017273,0.8623744249343872,0.07666601240634918,-0.031090540811419487,0.17314429581165314,0.2659989595413208,0.9477863907814026
25.09849240000767,-0.3884480595588684,0.862368106842041,0.07660181075334549,-0.030965862795710564,0.17311961948871613,0.26587414741516113,0.9478299617767334
25.102726099998108,-0.38870474696159363,0.8623465299606323,0.07654137909412384,-0.0307296309620142,0.17285114526748657,0.2658534049987793,0.9478924870491028
25.106895400007488,-0.3889574706554413,0.8622905611991882,0.07648124545812607,-0.0297971460968256,0.1726337969303131,0.26485928893089294,0.9482401609420776
25.111025200007134,-0.3891814351081848,0.8622459173202515,0.07644090801477432,-0.02949543111026287,0.17265962064266205,0.26443028450012207,0.9483645558357239
25.115076100002625,-0.3894163966178894,0.862201988697052,0.07640650123357773,-0.029160890728235245,0.17256991565227509,0.2641953229904175,0.9484567046165466
25.11935020000965,-0.3896765410900116,0.862133800983429,0.076358363032341,-0.028492987155914307,0.17253729701042175,0.2636221647262573,0.9486424326896667
25.123511400001007,-0.3899446427822113,0.8620381951332092,0.07630906999111176,-0.028073003515601158,0.17228057980537415,0.26322123408317566,0.9488129615783691
25.12766769999871,-0.39021801948547363,0.861944317817688,0.07627192884683609,-0.0293158870190382,0.17164723575115204,0.26418039202690125,0.948623538017273
25.13182880000386,-0.3904738128185272,0.8618663549423218,0.07626544684171677,-0.029252994805574417,0.1711902767419815,0.2643905282020569,0.948649525642395
25.136147800003528,-0.3907431662082672,0.8617614507675171,0.07624009251594543,-0.02913418598473072,0.17082437872886658,0.2642825245857239,0.9487491846084595
25.140256400001817,-0.3910159766674042,0.8616409301757812,0.07625233381986618,-0.028719192370772362,0.17074184119701385,0.26356637477874756,0.9489758610725403
25.144379600009415,-0.39127153158187866,0.8615255355834961,0.07621454447507858,-0.02812454290688038,0.17087557911872864,0.26340094208717346,0.9490156173706055
25.148383799998555,-0.3915252685546875,0.8614012598991394,0.07621634006500244,-0.0277833454310894,0.17062680423259735,0.2630000710487366,0.9491814970970154
25.152467300009448,-0.39178070425987244,0.8612680435180664,0.0762244239449501,-0.027950579300522804,0.17040066421031952,0.26348236203193665,0.9490834474563599
25.156531400003587,-0.39206674695014954,0.861164391040802,0.07620856910943985,-0.027774175629019737,0.1697961539030075,0.263274610042572,0.9492546319961548
25.160856900009094,-0.3923671245574951,0.8610454201698303,0.07618862390518188,-0.028219588100910187,0.16925552487373352,0.26363298296928406,0.949238657951355
25.165861600005883,-0.3926658034324646,0.8608712553977966,0.07619402557611465,-0.02905004844069481,0.16867506504058838,0.264004647731781,0.9492135047912598
25.169528099999297,-0.39293015003204346,0.8607237935066223,0.07617844641208649,-0.02920873649418354,0.16870905458927155,0.26394447684288025,0.9492194056510925
25.175808100000722,-0.39319586753845215,0.86055988073349,0.07617420703172684,-0.0290391743183136,0.16838406026363373,0.2636512219905853,0.9493638277053833
25.179652800012263,-0.39347630739212036,0.8603858947753906,0.0761619359254837,-0.02844967134296894,0.16838981211185455,0.2631622552871704,0.9495162963867188
25.183820100006415,-0.39377257227897644,0.8602252006530762,0.07617811113595963,-0.028087396174669266,0.16799378395080566,0.2629529535770416,0.9496551752090454
25.187808500006213,-0.3940470516681671,0.8600555062294006,0.07621224969625473,-0.02790791355073452,0.16752468049526215,0.2632758319377899,0.9496538639068604
25.19192070000281,-0.39435821771621704,0.8599191904067993,0.07622488588094711,-0.027584664523601532,0.16705770790576935,0.2627109885215759,0.9499019384384155
25.196997600010945,-0.394677996635437,0.859733521938324,0.07623899728059769,-0.027542514726519585,0.16658717393875122,0.26285725831985474,0.9499454498291016
25.202832800001488,-0.3953210413455963,0.8593313694000244,0.07627681642770767,-0.028161780908703804,0.16563831269741058,0.26412826776504517,0.9497406482696533
25.20757389999926,-0.39563703536987305,0.8591278791427612,0.07630256563425064,-0.027443571016192436,0.1648736298084259,0.2643139064311981,0.9498430490493774
25.211009000006015,-0.39598119258880615,0.858923614025116,0.07631910592317581,-0.027195362374186516,0.16482782363891602,0.2642643451690674,0.9498719573020935
25.21509350000997,-0.3963222801685333,0.8587110042572021,0.07639779150485992,-0.026999080553650856,0.16464748978614807,0.26462095975875854,0.9498094916343689
25.21964100000332,-0.39669111371040344,0.8585082292556763,0.07645116001367569,-0.026777882128953934,0.16398851573467255,0.26426994800567627,0.9500274062156677
25.22355690000404,-0.3970709443092346,0.8583047389984131,0.07651179283857346,-0.026898281648755074,0.16338157653808594,0.26491326093673706,0.9499493837356567
25.22817460000806,-0.39745789766311646,0.8580467700958252,0.07656575739383698,-0.026387078687548637,0.16248475015163422,0.26552996039390564,0.9499454498291016
25.23185860000376,-0.39783158898353577,0.8578336834907532,0.07661174982786179,-0.02608758769929409,0.16137148439884186,0.2667190730571747,0.9498103260993958
25.235964300009073,-0.3981935679912567,0.857624888420105,0.07667974382638931,-0.02617308869957924,0.16113419830799103,0.26759907603263855,0.9496007561683655
25.240132999999332,-0.3985782265663147,0.8573989272117615,0.0767468810081482,-0.02588651143014431,0.16094987094402313,0.2677241563796997,0.9496046304702759
25.244360100012273,-0.39899197220802307,0.8572410345077515,0.0767802894115448,-0.026601679623126984,0.16061051189899445,0.26817119121551514,0.9495161771774292
25.2491158000048,-0.39938801527023315,0.8570343852043152,0.07684192806482315,-0.02623051404953003,0.15990473330020905,0.2679581940174103,0.9497057199478149
25.25271000000066,-0.39974942803382874,0.8568395376205444,0.07688511162996292,-0.02628435380756855,0.15972988307476044,0.26822149753570557,0.9496592283248901
25.257479300009436,-0.40017059445381165,0.8566911220550537,0.07694464176893234,-0.025639217346906662,0.1591767966747284,0.2681407332420349,0.9497925639152527
25.261051800000132,-0.400575190782547,0.8564881086349487,0.07697030156850815,-0.02528471313416958,0.15858539938926697,0.26808038353919983,0.9499180912971497
25.265209400007734,-0.40097564458847046,0.8562918305397034,0.07702228426933289,-0.025295652449131012,0.1579567939043045,0.26842328906059265,0.9499256014823914
25.269562000001315,-0.4013853967189789,0.856144368648529,0.07701434940099716,-0.02521073818206787,0.15773488581180573,0.26864418387413025,0.9499022960662842
25.273574800012284,-0.4018142521381378,0.8559970855712891,0.07701252400875092,-0.0247433353215456,0.15748591721057892,0.267892986536026,0.9501680731773376
25.27801239999826,-0.4022561311721802,0.8558680415153503,0.07705113291740417,-0.02558518759906292,0.15724267065525055,0.26805493235588074,0.9501404166221619
25.282119900002726,-0.4027380049228668,0.8557103276252747,0.0770556852221489,-0.026581967249512672,0.15625408291816711,0.2690230906009674,0.9500024318695068
25.286289399999077,-0.4032132923603058,0.8555478453636169,0.07706396281719208,-0.026833180338144302,0.1554696410894394,0.2693379521369934,0.9500349164009094
25.290396000011242,-0.4037124514579773,0.8553922176361084,0.07711104303598404,-0.0274359118193388,0.15486519038677216,0.27030524611473083,0.9498416185379028
25.294289099998423,-0.404204785823822,0.855220377445221,0.07710888236761093,-0.027262937277555466,0.15449312329292297,0.27035656571388245,0.9498925805091858
25.29852710000705,-0.40476566553115845,0.8550675511360168,0.07713363319635391,-0.027237720787525177,0.15387262403964996,0.27083620429039,0.9498574137687683
25.302795600000536,-0.40528976917266846,0.8549244403839111,0.07716880738735199,-0.027473116293549538,0.1529352217912674,0.27089589834213257,0.9499850273132324
25.307358300007763,-0.4058402478694916,0.8547647595405579,0.07720612734556198,-0.02833181992173195,0.15190282464027405,0.27167075872421265,0.949904203414917
25.311534300009953,-0.40638625621795654,0.8545371890068054,0.07724854350090027,-0.028473934158682823,0.15117625892162323,0.2732580006122589,0.9495604634284973
25.315207999999984,-0.40694496035575867,0.8543643355369568,0.07726109027862549,-0.02800983376801014,0.1504097282886505,0.2729654610157013,0.9497801065444946
25.319912799997837,-0.4075474739074707,0.8542221188545227,0.07728534936904907,-0.02813274785876274,0.1495841145515442,0.2728075087070465,0.9499521851539612
25.32403190000332,-0.4080905318260193,0.8541001081466675,0.07734797894954681,-0.027922101318836212,0.1489402800798416,0.27286842465400696,0.9500421285629272
25.332542400006787,-0.40927350521087646,0.8537889122962952,0.0774054154753685,-0.02808624505996704,0.14698582887649536,0.27443328499794006,0.9498909711837769
25.33691370001179,-0.40927350521087646,0.8537889122962952,0.0774054154753685,-0.02808624505996704,0.14698582887649536,0.27443328499794006,0.9498909711837769
25.340799500001594,-0.40927350521087646,0.8537889122962952,0.0774054154753685,-0.02808624505996704,0.14698582887649536,0.27443328499794006,0.9498909711837769
25.344102400005795,-0.40927350521087646,0.8537889122962952,0.0774054154753685,-0.02808624505996704,0.14698582887649536,0.27443328499794006,0.9498909711837769
25.348721700007445,-0.41160881519317627,0.8534538149833679,0.07748892903327942,-0.028841886669397354,0.14424361288547516,0.2735118865966797,0.9505541920661926
25.352899400008027,-0.4121609926223755,0.8534033298492432,0.0775013193488121,-0.029301105067133904,0.14385442435741425,0.27359750866889954,0.950574517250061
25.356835099999444,-0.41276007890701294,0.8533356189727783,0.07746566832065582,-0.0292106494307518,0.14286628365516663,0.2727941870689392,0.9509570598602295
25.361130300007062,-0.413377046585083,0.8532747626304626,0.07741956412792206,-0.030196094885468483,0.14244337379932404,0.2732209861278534,0.9508671760559082
25.365482900000643,-0.4139508008956909,0.8532235622406006,0.07744870334863663,-0.030329504981637,0.14209184050559998,0.27254974842071533,0.9511082172393799
25.369488500000443,-0.4145590662956238,0.8531996607780457,0.07745927572250366,-0.03027862310409546,0.14145535230636597,0.2715321481227875,0.9514955878257751
25.37422750001133,-0.41516703367233276,0.8531747460365295,0.07742033153772354,-0.030557898804545403,0.14068028330802917,0.2703571617603302,0.9519361257553101
25.379316400008975,-0.4158017933368683,0.8531277179718018,0.07737746089696884,-0.030918996781110764,0.14028577506542206,0.2707364559173584,0.9518749117851257
25.382827900000848,-0.4164360463619232,0.8530964255332947,0.07738315314054489,-0.03144088387489319,0.13926775753498077,0.27217838168144226,0.9515959620475769
25.38632669999788,-0.417092502117157,0.8530247807502747,0.07730252295732498,-0.031222304329276085,0.13875609636306763,0.2719286382198334,0.951749324798584
25.39018760000181,-0.4177198112010956,0.8529844284057617,0.07730277627706528,-0.03228246048092842,0.13733044266700745,0.2731061279773712,0.9515836238861084
25.39456080000673,-0.4183953106403351,0.8529741168022156,0.0772864893078804,-0.03267023339867592,0.1370178610086441,0.2726910710334778,0.9517344236373901
25.398472100001527,-0.4190657138824463,0.8529690504074097,0.07726208865642548,-0.033044129610061646,0.1361885517835617,0.27299556136131287,0.9517531991004944
25.40275660000043,-0.41975727677345276,0.8529530763626099,0.07726544141769409,-0.03280363604426384,0.13520659506320953,0.2726514935493469,0.9520002007484436
25.407310399998096,-0.420431911945343,0.8528968095779419,0.07720956206321716,-0.03338126838207245,0.1348370462656021,0.2733136713504791,0.9518426060676575
25.41100490000099,-0.4211236834526062,0.8528658151626587,0.07712601125240326,-0.03333880752325058,0.13346342742443085,0.2735983431339264,0.9519559144973755
25.415188700004364,-0.42185014486312866,0.8528771996498108,0.07709769904613495,-0.033132925629615784,0.1323106586933136,0.27404898405075073,0.9519943594932556
25.419275600012043,-0.42253929376602173,0.8528544902801514,0.0771087184548378,-0.03350639343261719,0.13138777017593384,0.27482879161834717,0.9518843293190002
25.423930800010567,-0.4232436418533325,0.8528773188591003,0.07703812420368195,-0.034833818674087524,0.1310230940580368,0.27536463737487793,0.9517320990562439
25.42962880000414,-0.4239954948425293,0.8528643846511841,0.07696673274040222,-0.034951429814100266,0.1298777163028717,0.27521154284477234,0.9519290328025818
25.434015000006184,-0.42466431856155396,0.8528372049331665,0.0769294798374176,-0.034450650215148926,0.1288342922925949,0.27526623010635376,0.9520732760429382
25.43790540000191,-0.4254210889339447,0.8528110384941101,0.07686945796012878,-0.03472441807389259,0.12829703092575073,0.27524417638778687,0.9521421790122986
25.441896300006192,-0.42615365982055664,0.8528392314910889,0.076777383685112,-0.035594094544649124,0.12704169750213623,0.27651461958885193,0.9519103765487671
25.44632430000638,-0.426828533411026,0.8528704047203064,0.07673614472150803,-0.036112796515226364,0.1262151151895523,0.27643218636512756,0.9520246386528015
25.451094900010503,-0.4275173246860504,0.852902352809906,0.07669886946678162,-0.03665624558925629,0.12521588802337646,0.27716484665870667,0.9519227743148804
25.45639520000259,-0.42894551157951355,0.8528910279273987,0.07649577409029007,-0.03707987070083618,0.12363336980342865,0.2769210636615753,0.9521841406822205
25.460747800010722,-0.4296351969242096,0.8529403805732727,0.07643865793943405,-0.037037838250398636,0.12306194752454758,0.2762264013290405,0.9524615406990051
25.464888000002247,-0.43034443259239197,0.852952778339386,0.0763518437743187,-0.03765438124537468,0.12280286103487015,0.27657192945480347,0.9523705244064331
25.46932730000117,-0.4310372471809387,0.8529894948005676,0.07628774642944336,-0.03814870864152908,0.1217433288693428,0.2766021490097046,0.9524781107902527
25.47340560000157,-0.4316854476928711,0.8529873490333557,0.07620018720626831,-0.03923449665307999,0.12051048129796982,0.2773111164569855,0.9523846507072449
25.47785300000396,-0.4323791563510895,0.8529938459396362,0.07614949345588684,-0.03833872824907303,0.12008806318044662,0.27677565813064575,0.9526301622390747
25.481917600001907,-0.43310651183128357,0.8529863357543945,0.07602275907993317,-0.03929265961050987,0.11914011836051941,0.27661460638046265,0.9527571201324463
25.486385700001847,-0.4337480068206787,0.8529338836669922,0.07594569772481918,-0.039707161486148834,0.11793304234743118,0.27696493268013,0.9527883529663086
25.490464400005294,-0.4344303011894226,0.8529443144798279,0.0759076252579689,-0.03947089985013008,0.11755859851837158,0.27750906348228455,0.9526861310005188
25.49443250001059,-0.43513524532318115,0.852902889251709,0.07577058672904968,-0.040150877088308334,0.11710301041603088,0.27752479910850525,0.9527091383934021
25.498631900001783,-0.4357760548591614,0.8528690934181213,0.07565031945705414,-0.04023410379886627,0.1160779520869255,0.2772536277770996,0.9529100060462952
25.50280410000414,-0.43644049763679504,0.8528144955635071,0.07561546564102173,-0.04103996232151985,0.11482684314250946,0.27779603004455566,0.9528692960739136
25.50716610001109,-0.43711626529693604,0.8527247905731201,0.0755067765712738,-0.04254715517163277,0.11408061534166336,0.27782243490219116,0.9528852105140686
25.511371400003554,-0.43777647614479065,0.8526641726493835,0.07546508312225342,-0.04241117835044861,0.11367612332105637,0.277316153049469,0.9530870318412781
25.515539300002274,-0.4384158253669739,0.8525841236114502,0.07537943869829178,-0.04328785464167595,0.11306767910718918,0.2779299318790436,0.9529411792755127
25.519418800002313,-0.43910786509513855,0.8525221943855286,0.07528281211853027,-0.043161943554878235,0.11189363151788712,0.2787999212741852,0.9528312683105469
25.523435600000084,-0.439801961183548,0.8525593876838684,0.07529857009649277,-0.041373543441295624,0.1112942099571228,0.27775606513023376,0.9532856345176697
25.527579900008277,-0.4404342472553253,0.8525468707084656,0.07528495788574219,-0.041159939020872116,0.11065631359815598,0.2778501510620117,0.9533417224884033
25.531844900004216,-0.4410589933395386,0.8525185585021973,0.07520977407693863,-0.04226549342274666,0.10939725488424301,0.2774393558502197,0.9535582065582275
25.536107400010224,-0.44173410534858704,0.8524478077888489,0.07513126730918884,-0.041756369173526764,0.10921570658683777,0.27661633491516113,0.9538405537605286
25.54030540000531,-0.4423500597476959,0.8523298501968384,0.07503759115934372,-0.0412694476544857,0.10889860987663269,0.2761583924293518,0.9540306329727173
25.54432140001154,-0.44295239448547363,0.8522613048553467,0.07497333735227585,-0.041850075125694275,0.10848613828420639,0.2758980393409729,0.9541277289390564
25.54848720000882,-0.44356438517570496,0.8521825671195984,0.07491537928581238,-0.04263539984822273,0.10710474103689194,0.2760409116744995,0.9542075991630554
25.55268170000636,-0.44416165351867676,0.8520728945732117,0.07482964545488358,-0.04419577866792679,0.10660997033119202,0.2773948907852173,0.953799307346344
25.556491000010283,-0.44416165351867676,0.8520728945732117,0.07482964545488358,-0.04419577866792679,0.10660997033119202,0.2773948907852173,0.953799307346344
25.560850300011225,-0.44539904594421387,0.8519601821899414,0.07473434507846832,-0.04567093029618263,0.10568377375602722,0.27687379717826843,0.9539843201637268
25.565239300005487,-0.446014940738678,0.8518421649932861,0.07463850826025009,-0.044890083372592926,0.10573261231184006,0.2759639322757721,0.9542796015739441
25.56943630000751,-0.4466419517993927,0.8517583608627319,0.0745910257101059,-0.04449378326535225,0.1044817715883255,0.27586060762405396,0.9544656872749329
25.573448900002404,-0.4472448527812958,0.851697564125061,0.07455909252166748,-0.0447889119386673,0.10392943769693375,0.2750164270401001,0.9547558426856995
25.57758470000408,-0.44788724184036255,0.851579487323761,0.07448570430278778,-0.045466430485248566,0.10347222536802292,0.2753065228462219,0.9546898007392883
25.581614399998216,-0.44847214221954346,0.8514708876609802,0.07443583011627197,-0.045026812702417374,0.10296288132667542,0.2762554883956909,0.9544915556907654
25.585706700003357,-0.44910717010498047,0.8513827919960022,0.07439356297254562,-0.04592520371079445,0.10153431445360184,0.2764453589916229,0.9545468091964722
25.58981550000317,-0.44977742433547974,0.8512102961540222,0.0742781013250351,-0.04614253342151642,0.10071440786123276,0.2758745551109314,0.954788327217102
25.594070400009514,-0.450402170419693,0.8511545062065125,0.07425449788570404,-0.04541262611746788,0.10082437843084335,0.2755091190338135,0.9549172520637512
25.59831210000266,-0.4510146677494049,0.8510674238204956,0.07423210889101028,-0.0459972620010376,0.0999283492565155,0.276267409324646,0.9547643065452576
25.602533800003584,-0.45162132382392883,0.8509215116500854,0.07415879517793655,-0.0456487275660038,0.09870322048664093,0.27642616629600525,0.9548625946044922
25.606599200007622,-0.4522218108177185,0.8507871031761169,0.07406610995531082,-0.045870937407016754,0.09849817305803299,0.2760131061077118,0.9549925923347473
25.611161900000297,-0.4528855085372925,0.8506109118461609,0.07403816282749176,-0.04606064036488533,0.09772281348705292,0.2758235037326813,0.9551178216934204
25.61583180000889,-0.45351868867874146,0.8505085110664368,0.0739978775382042,-0.04650963470339775,0.0970328152179718,0.2763517498970032,0.9550136923789978
25.621095000009518,-0.454098105430603,0.8503829836845398,0.07401242852210999,-0.04678761959075928,0.09650011360645294,0.27645835280418396,0.9550232291221619
25.625210800004425,-0.4547213315963745,0.8502112030982971,0.07395859807729721,-0.047071829438209534,0.09492046386003494,0.2769213914871216,0.9550334811210632
25.631675299999188,-0.45593833923339844,0.8500011563301086,0.07381583750247955,-0.048216234892606735,0.09350455552339554,0.2771642804145813,0.9550456404685974
25.635966000001645,-0.4565417468547821,0.8498440980911255,0.07376433163881302,-0.047517240047454834,0.09307757765054703,0.27617496252059937,0.9554089307785034
25.64022460000706,-0.4571254551410675,0.8496840000152588,0.07368084043264389,-0.04788321256637573,0.0919802114367485,0.2769104838371277,0.9552839398384094
25.645113600010518,-0.4577064514160156,0.849575936794281,0.07360672950744629,-0.04772098734974861,0.0915122702717781,0.2758845090866089,0.955633819103241
25.649043299999903,-0.45830240845680237,0.849431037902832,0.07355105131864548,-0.048508670181035995,0.09046650677919388,0.2764464318752289,0.9555313587188721
25.652781299999333,-0.4589093029499054,0.8493260741233826,0.07352718710899353,-0.048493675887584686,0.08964699506759644,0.2763582766056061,0.9556347727775574
25.657215400002315,-0.45945942401885986,0.8491938710212708,0.07344421744346619,-0.048698339611291885,0.08965998142957687,0.27538159489631653,0.9559050798416138
25.661054000011063,-0.46003928780555725,0.8490056991577148,0.07332655787467957,-0.04894718527793884,0.08866388350725174,0.27607935667037964,0.9557840824127197
25.665133200003766,-0.46058857440948486,0.8488937616348267,0.07328731566667557,-0.048816241323947906,0.08785897493362427,0.2758531868457794,0.9559303522109985
25.669304700000794,-0.4611930847167969,0.8487852215766907,0.0731688067317009,-0.049585454165935516,0.08611050248146057,0.27624914050102234,0.955935537815094
25.67356200001086,-0.4617306590080261,0.8486790060997009,0.07312304526567459,-0.04958618804812431,0.08575256913900375,0.27625444531440735,0.955966055393219
25.677618300003815,-0.46226567029953003,0.8484936952590942,0.07307204604148865,-0.04891279339790344,0.08562552183866501,0.2759656012058258,0.9560956358909607
25.68166349999956,-0.46284982562065125,0.848338782787323,0.07295331358909607,-0.04856376349925995,0.08535663038492203,0.2753347158432007,0.956319272518158
25.68597540000337,-0.4634023606777191,0.8481898903846741,0.07291978597640991,-0.04864468425512314,0.08391617238521576,0.27518004179000854,0.9564871788024902
25.690119899998535,-0.46391135454177856,0.8481022715568542,0.07285317033529282,-0.04850831255316734,0.08326209336519241,0.2748818099498749,0.9566369652748108
25.694638900007703,-0.4644489884376526,0.8479846715927124,0.07278842478990555,-0.04933769628405571,0.08267682045698166,0.275747686624527,0.9563961625099182
25.69858940000995,-0.4650368094444275,0.8478751182556152,0.07267685234546661,-0.048596009612083435,0.08192162215709686,0.27510884404182434,0.9566830992698669
25.702871600005892,-0.4655150771141052,0.8477265238761902,0.07260393351316452,-0.049526214599609375,0.08084847778081894,0.27608922123908997,0.9564441442489624
25.707137400007923,-0.46600863337516785,0.8475799560546875,0.07251722365617752,-0.05035380646586418,0.0806518942117691,0.2766161262989044,0.9562653303146362
25.711083900008816,-0.46648356318473816,0.8474363088607788,0.07243070751428604,-0.05000658333301544,0.08008477836847305,0.27656289935112,0.9563466310501099
25.71556650000275,-0.46699899435043335,0.8473060727119446,0.07232144474983215,-0.04950471967458725,0.07868741452693939,0.2764974534511566,0.9565075635910034
25.720993300012196,-0.46749529242515564,0.8472437262535095,0.0722547098994255,-0.04952482134103775,0.07849350571632385,0.27623143792152405,0.9565993547439575
25.72444410000753,-0.46792784333229065,0.8471338748931885,0.07215316593647003,-0.050186220556497574,0.07782468944787979,0.27709516882896423,0.9563696384429932
25.728105900008813,-0.46837756037712097,0.8470191955566406,0.07206409424543381,-0.050127170979976654,0.07748539000749588,0.2776753604412079,0.9562320709228516
25.732059100002516,-0.4688034951686859,0.8468775153160095,0.07191792130470276,-0.05034147948026657,0.07773327082395554,0.27702006697654724,0.9563906788825989
25.736328300001333,-0.46924450993537903,0.8468107581138611,0.07185986638069153,-0.049733586609363556,0.07736433297395706,0.2756965756416321,0.9568347334861755
25.74020400000154,-0.46965330839157104,0.8466905355453491,0.07172120362520218,-0.0495443269610405,0.07651304453611374,0.2750997245311737,0.9570847749710083
25.744370000000345,-0.47006484866142273,0.8465514779090881,0.07161442190408707,-0.04950649291276932,0.07578164339065552,0.2759952247142792,0.9568870663642883
25.748598899997887,-0.470480740070343,0.8464583158493042,0.0715126320719719,-0.04983971640467644,0.07494980841875076,0.277007132768631,0.9566428661346436
25.75272550000227,-0.4708714187145233,0.8463913202285767,0.07141504436731339,-0.05017761513590813,0.07484329491853714,0.2765763998031616,0.9567582011222839
25.756866100011393,-0.4712934195995331,0.846247673034668,0.07129769027233124,-0.05090747028589249,0.07482095807790756,0.27689212560653687,0.9566301107406616
25.76179509999929,-0.4716487228870392,0.8461318612098694,0.07119056582450867,-0.05030571296811104,0.0747387483716011,0.2762458920478821,0.9568551182746887
25.765308900008677,-0.4719977378845215,0.84598308801651,0.0710831955075264,-0.05024400353431702,0.07406994700431824,0.2764209508895874,0.9568597674369812
25.76941620001162,-0.47235438227653503,0.8458573818206787,0.07099069654941559,-0.05008712410926819,0.07315971702337265,0.2762308120727539,0.9569929838180542
25.773426200001268,-0.47267547249794006,0.8457189798355103,0.07091569155454636,-0.05044584721326828,0.07261235266923904,0.2763548493385315,0.9569799900054932
25.77784770001017,-0.4730859100818634,0.8455756902694702,0.07079779356718063,-0.05121569707989693,0.07258890569210052,0.27779504656791687,0.9565237760543823
25.781873800005997,-0.473445326089859,0.8454103469848633,0.07073865830898285,-0.050454121083021164,0.07134433835744858,0.2785930037498474,0.9564257860183716
25.785974099999294,-0.4737643599510193,0.8452604413032532,0.07062918692827225,-0.04991637542843819,0.07197733223438263,0.27761659026145935,0.9566905498504639
25.790162900011637,-0.47410333156585693,0.845077395439148,0.07052821666002274,-0.050151556730270386,0.0709448978304863,0.27811288833618164,0.9566110968589783
25.79427110000688,-0.47437867522239685,0.8449327349662781,0.07047590613365173,-0.04989473521709442,0.07054287940263748,0.2775620222091675,0.9568142890930176
25.79851469999994,-0.4746507704257965,0.8447849750518799,0.07038307189941406,-0.049420684576034546,0.07041190564632416,0.27737462520599365,0.9569029211997986
25.802491000009468,-0.47494083642959595,0.8446471691131592,0.0702948197722435,-0.049011826515197754,0.07006224244832993,0.2769392728805542,0.9570757150650024
25.806621600000653,-0.4752332270145416,0.8444902300834656,0.07017894089221954,-0.04857788234949112,0.06976568698883057,0.2770063281059265,0.9571000933647156
25.811091900002793,-0.47554680705070496,0.8443485498428345,0.07006840407848358,-0.047925934195518494,0.06962575763463974,0.2770807147026062,0.9571216106414795
25.815139300000737,-0.475833535194397,0.84422367811203,0.0699324756860733,-0.04844082146883011,0.06876204907894135,0.27809545397758484,0.9568637609481812
25.819293400010793,-0.4760817587375641,0.8441415429115295,0.06984370201826096,-0.04777629300951958,0.06876121461391449,0.27698376774787903,0.9572195410728455
25.82382430000871,-0.4763249158859253,0.8440386652946472,0.06976637989282608,-0.04819871857762337,0.06826000660657883,0.2770359218120575,0.9572192430496216
25.8284324999986,-0.47653728723526,0.8439420461654663,0.06968605518341064,-0.04817305877804756,0.06800723820924759,0.27690598368644714,0.9572760462760925
25.832787700011977,-0.47673964500427246,0.8438113331794739,0.06955581903457642,-0.04745541140437126,0.06779199838638306,0.27674245834350586,0.9573744535446167
25.836674000005587,-0.47694066166877747,0.8437215685844421,0.06948105245828629,-0.04764661565423012,0.06739869713783264,0.27665501832962036,0.9574180841445923
25.8414247000037,-0.47712817788124084,0.843632698059082,0.069386325776577,-0.04765041917562485,0.06721597909927368,0.27629998326301575,0.9575332403182983
25.84590530001151,-0.4773413836956024,0.8435124158859253,0.069239541888237,-0.04748472943902016,0.06745564192533493,0.27515408396720886,0.9578545093536377
25.853790100009064,-0.47770917415618896,0.8432995676994324,0.06903636455535889,-0.04825630411505699,0.06729406118392944,0.27611446380615234,0.9575508832931519
25.857522999998764,-0.4779146909713745,0.8432177901268005,0.06892275810241699,-0.04841136559844017,0.0667475089430809,0.27586477994918823,0.957653284072876
25.861221800005296,-0.4781494140625,0.8431397080421448,0.06882374733686447,-0.049245379865169525,0.06616785377264023,0.2771701216697693,0.9572739601135254
25.86575090000406,-0.47838178277015686,0.8429936766624451,0.0686558187007904,-0.04892958700656891,0.06542059034109116,0.2773781716823578,0.9572812914848328
25.869877600009204,-0.47858598828315735,0.8428541421890259,0.06854604929685593,-0.047875382006168365,0.06508788466453552,0.276345431804657,0.9576558470726013
25.873878700003843,-0.47881364822387695,0.8427572846412659,0.0684480220079422,-0.04736262559890747,0.06448782235383987,0.2758978009223938,0.957850992679596
25.877764900011243,-0.47904491424560547,0.8426182270050049,0.06830959767103195,-0.04773066192865372,0.06499554961919785,0.2762853503227234,0.957686722278595
25.882122000009986,-0.4792419373989105,0.8425034880638123,0.06820853799581528,-0.047833215445280075,0.0649624690413475,0.27656397223472595,0.9576034545898438
25.88626280000608,-0.4794537127017975,0.842384397983551,0.06812024861574173,-0.0479268841445446,0.06465421617031097,0.2768842279911041,0.9575270414352417
25.891983400011668,-0.4796748459339142,0.8422535061836243,0.06800652295351028,-0.04787948727607727,0.0643424317240715,0.2772478759288788,0.9574451446533203
25.89544370000658,-0.47989028692245483,0.8421154618263245,0.06790575385093689,-0.0475749745965004,0.0639006569981575,0.27738478779792786,0.9574503302574158
25.89891720000014,-0.48010680079460144,0.8419542908668518,0.06779961287975311,-0.04725946485996246,0.06351305544376373,0.2774198055267334,0.9574815630912781
25.902774200003478,-0.4803353250026703,0.8417659997940063,0.06767504662275314,-0.04769003391265869,0.06280234456062317,0.278145432472229,0.9572965502738953
25.906795000002603,-0.480518639087677,0.8416104316711426,0.06762350350618362,-0.04752364754676819,0.06197856739163399,0.2786468267440796,0.9572126865386963
25.910994700010633,-0.4807780086994171,0.8414117097854614,0.06748572736978531,-0.047500740736722946,0.06168345734477043,0.2788976728916168,0.9571598172187805
25.915205199999036,-0.4809781312942505,0.8411856889724731,0.06734980642795563,-0.04702005907893181,0.06112348660826683,0.2795811593532562,0.9570200443267822
25.919425100000808,-0.4811548590660095,0.8410046100616455,0.06725559383630753,-0.04602416604757309,0.060863763093948364,0.2792622745037079,0.9571781754493713
25.923497900002985,-0.48136046528816223,0.8408432602882385,0.06716081500053406,-0.04595718905329704,0.06017790734767914,0.2793023884296417,0.9572129845619202
25.927525500010233,-0.4815608561038971,0.8406751751899719,0.06704437732696533,-0.0463671013712883,0.05995086207985878,0.27975761890411377,0.9570745229721069
25.93173850000312,-0.48175662755966187,0.8404755592346191,0.06693749874830246,-0.046614158898591995,0.05944853276014328,0.2800915837287903,0.9569962620735168
25.935959499998717,-0.48197412490844727,0.8402895927429199,0.06682340800762177,-0.04581207036972046,0.05891285836696625,0.2798318564891815,0.9571440815925598
25.939944400000968,-0.4821590185165405,0.8400478959083557,0.06671008467674255,-0.045701365917921066,0.05931776762008667,0.27942630648612976,0.9572428464889526
25.944072900005267,-0.4823436737060547,0.8398464918136597,0.06662750989198685,-0.045644115656614304,0.059058111160993576,0.27963125705718994,0.9572017788887024
25.948625400007586,-0.4825340807437897,0.8396036028862,0.06658846139907837,-0.04468361288309097,0.05824201926589012,0.27871447801589966,0.9575644135475159
25.95273150000139,-0.48274001479148865,0.8393941521644592,0.06647748500108719,-0.04505845904350281,0.05755242705345154,0.27900731563568115,0.9575031995773315
25.956851599999936,-0.48293596506118774,0.8392000794410706,0.06640585511922836,-0.045504581183195114,0.057279519736766815,0.2788499891757965,0.9575443267822266
25.961028900012025,-0.4831358790397644,0.8389487862586975,0.06627507507801056,-0.044619008898735046,0.056762322783470154,0.27895092964172363,0.9575873613357544
25.965245600003982,-0.4833798408508301,0.8386610746383667,0.06608746200799942,-0.044652216136455536,0.056377165019512177,0.27843281626701355,0.9577593207359314
25.96928740000294,-0.483595073223114,0.8384342789649963,0.06598129123449326,-0.044349607080221176,0.05643368884921074,0.27806606888771057,0.9578766822814941
25.973401399998693,-0.4837978184223175,0.8381901979446411,0.06587144732475281,-0.044326409697532654,0.056307654827833176,0.27868226170539856,0.957706093788147
25.9779855000088,-0.4840095341205597,0.8378859162330627,0.06573563814163208,-0.043036866933107376,0.05542070046067238,0.27834612131118774,0.9579142928123474
25.981822000001557,-0.4842127561569214,0.8376291394233704,0.06562186032533646,-0.04279966652393341,0.054839808493852615,0.27875185012817383,0.9578403830528259
25.986170400006813,-0.48443078994750977,0.8373580574989319,0.0654897689819336,-0.04243442416191101,0.05525929853320122,0.2778106927871704,0.9581059217453003
25.99016840000695,-0.48463746905326843,0.8370954394340515,0.06538672745227814,-0.042643968015909195,0.05480450391769409,0.2783176302909851,0.9579756855964661
25.99439490000077,-0.4849264919757843,0.8367871642112732,0.06521587818861008,-0.0426609180867672,0.0537099651992321,0.279509574174881,0.9576898217201233
25.998506700008875,-0.48515307903289795,0.8365052938461304,0.0650886669754982,-0.04219638556241989,0.05355204641819,0.2793671190738678,0.957760751247406
26.002658500001417,-0.4854166507720947,0.8362389802932739,0.06500576436519623,-0.04242319613695145,0.05254204571247101,0.2804444432258606,0.9574918746948242
26.00733449999825,-0.4856685698032379,0.835919976234436,0.06485124677419662,-0.042105142027139664,0.052772406488657,0.2793106436729431,0.9578245282173157
26.011188900010893,-0.4858827590942383,0.8356139659881592,0.06471200287342072,-0.042059436440467834,0.052244365215301514,0.27963781356811523,0.9577599763870239
26.015171000006376,-0.48611631989479065,0.8353328704833984,0.06462424248456955,-0.04229570925235748,0.051132407039403915,0.27907171845436096,0.9579747319221497
26.019508600002155,-0.4863443374633789,0.835067868232727,0.06448278576135635,-0.0423031784594059,0.050149016082286835,0.2789538502693176,0.9580606818199158
26.023468400002457,-0.4865710139274597,0.834786057472229,0.06432241946458817,-0.04165344685316086,0.049848973751068115,0.27839794754981995,0.9582664370536804
26.02776760001143,-0.486783504486084,0.8345009684562683,0.06416890770196915,-0.041492708027362823,0.05040483549237251,0.2775755524635315,0.9584829211235046
26.032210300007137,-0.4870380759239197,0.8341936469078064,0.06401342153549194,-0.04051681607961655,0.04978782311081886,0.27813416719436646,0.9583950042724609
26.0359790000075,-0.4872399866580963,0.8339497447013855,0.06388208270072937,-0.04041347652673721,0.04952439293265343,0.27802473306655884,0.9584448337554932
26.040390300011495,-0.48745518922805786,0.8337413668632507,0.06375666707754135,-0.040480393916368484,0.04925534874200821,0.2779178023338318,0.9584868550300598
26.044421700004023,-0.48765838146209717,0.8335332274436951,0.06364020705223083,-0.040457721799612045,0.049276262521743774,0.27758553624153137,0.9585829377174377
26.050591999999597,-0.4878638684749603,0.8332719802856445,0.06346284598112106,-0.04019999876618385,0.04907037690281868,0.2766066789627075,0.9588873386383057
26.055423300000257,-0.4880894720554352,0.8330292105674744,0.06331115961074829,-0.04025522992014885,0.04874211549758911,0.27731165289878845,0.9586981534957886
26.059835799998837,-0.4883299171924591,0.8328387141227722,0.06320887804031372,-0.040021006017923355,0.04803227633237839,0.27725836634635925,0.958759069442749
26.065500100012287,-0.48873013257980347,0.8324254155158997,0.06294319033622742,-0.03956182301044464,0.04796368628740311,0.27601245045661926,0.9591410160064697
26.06981130001077,-0.4889739751815796,0.8321722149848938,0.06278571486473083,-0.03847093880176544,0.04748380929231644,0.2755146026611328,0.9593523740768433
26.073774800010142,-0.48917338252067566,0.831925630569458,0.06256765127182007,-0.03832341730594635,0.047628868371248245,0.2753244638442993,0.9594057202339172
26.077710199999274,-0.4893670380115509,0.831741988658905,0.06243418529629707,-0.038210730999708176,0.04716450348496437,0.27530431747436523,0.9594389796257019
26.08193929999834,-0.4895445704460144,0.8315780162811279,0.062302008271217346,-0.038189321756362915,0.04701704904437065,0.2749970853328705,0.9595351219177246
26.085966800004826,-0.48973071575164795,0.83140629529953,0.06215421110391617,-0.03826321288943291,0.046786509454250336,0.2751585841178894,0.9594971537590027
26.090299300005427,-0.4899357855319977,0.8312584757804871,0.06198987364768982,-0.03747636452317238,0.04631727561354637,0.2741648852825165,0.9598352909088135
26.094396100001177,-0.49011141061782837,0.8311086297035217,0.061816826462745667,-0.03742222860455513,0.04678664728999138,0.2732696533203125,0.960070013999939
26.098528200003784,-0.4903275966644287,0.830923318862915,0.061634182929992676,-0.03787250816822052,0.04620731994509697,0.274777889251709,0.9596497416496277
26.103901300011785,-0.4905025362968445,0.8308103680610657,0.06149429455399513,-0.03841710463166237,0.04583604261279106,0.27496618032455444,0.9595919847488403
26.108588000002783,-0.49066832661628723,0.8307090997695923,0.0613408163189888,-0.03872331604361534,0.04531709849834442,0.27505943179130554,0.9595776796340942
26.112530200000037,-0.4908216595649719,0.8306199312210083,0.061201635748147964,-0.03880634903907776,0.04543209820985794,0.2752333879470825,0.9595189690589905
26.11599720000231,-0.4909563660621643,0.8305390477180481,0.06108380854129791,-0.038968704640865326,0.04537206515669823,0.2752646505832672,0.9595062136650085
26.119419499998912,-0.4911216199398041,0.8304262757301331,0.06091553717851639,-0.03784069046378136,0.04512985050678253,0.2745026648044586,0.9597811102867126
26.12343970000802,-0.491319864988327,0.8303199410438538,0.060767386108636856,-0.03810061514377594,0.04422392696142197,0.27640944719314575,0.9592656493186951
26.127481900010025,-0.4914657175540924,0.8301984667778015,0.06058357656002045,-0.03830704092979431,0.04453425481915474,0.275969535112381,0.9593697190284729
26.131723400001647,-0.49161410331726074,0.8300873637199402,0.060452818870544434,-0.03763510286808014,0.044028010219335556,0.27564096450805664,0.9595140218734741
26.136070400010794,-0.49174290895462036,0.8300139904022217,0.06031612306833267,-0.037391357123851776,0.04391179978847504,0.27548715472221375,0.9595730900764465
26.140184200005024,-0.4918661117553711,0.8299352526664734,0.060170728713274,-0.03728659823536873,0.04347739741206169,0.2755216062068939,0.959587037563324
26.14428449999832,-0.49198561906814575,0.8298794031143188,0.060032911598682404,-0.037613529711961746,0.04326196759939194,0.2755618691444397,0.959572434425354
26.148702500009676,-0.49209481477737427,0.8298045992851257,0.05989982187747955,-0.03710629418492317,0.04306028038263321,0.2751973569393158,0.9597058892250061
26.152793800007203,-0.49221402406692505,0.8297351002693176,0.05976608395576477,-0.03695772588253021,0.04317810758948326,0.2753109335899353,0.9596737623214722
26.158494700008305,-0.49232444167137146,0.8296345472335815,0.05963575839996338,-0.03750056028366089,0.042691320180892944,0.27592921257019043,0.9594969153404236
26.16274830000475,-0.4924273192882538,0.8295771479606628,0.0595165453851223,-0.03729395195841789,0.04248904809355736,0.2758081555366516,0.9595487117767334
26.166889700005413,-0.49252039194107056,0.8294791579246521,0.05937961861491203,-0.037768714129924774,0.04287015646696091,0.27573105692863464,0.9595353007316589
26.17089790001046,-0.49261775612831116,0.8294129371643066,0.05926041305065155,-0.037615686655044556,0.04275329038500786,0.27571702003479004,0.959550678730011
26.174443199997768,-0.4927002787590027,0.8293659687042236,0.059169404208660126,-0.03764721006155014,0.04270828142762184,0.2756463885307312,0.9595716595649719
26.177894000007655,-0.4927930235862732,0.82929527759552,0.05906079709529877,-0.03794252127408981,0.04256788641214371,0.27619388699531555,0.9594088792800903
26.18201260000933,-0.4928763210773468,0.8292438983917236,0.05898308381438255,-0.037957482039928436,0.042291369289159775,0.2763444185256958,0.9593771696090698
26.18605760000355,-0.4929698705673218,0.829209566116333,0.05890172719955444,-0.037764158099889755,0.04236670956015587,0.2766400873661041,0.9592962265014648
26.19026400000439,-0.49304649233818054,0.8291530609130859,0.05880904197692871,-0.037346865981817245,0.04212139919400215,0.2765842378139496,0.959339439868927
26.195118000003276,-0.49312660098075867,0.8291061520576477,0.05871143937110901,-0.03708817809820175,0.04187208414077759,0.2763153910636902,0.9594378471374512
26.199788199999603,-0.493190199136734,0.8290671110153198,0.05862179771065712,-0.03692395240068436,0.0420750230550766,0.27647528052330017,0.9593892693519592
26.203245100012282,-0.49323761463165283,0.8290287256240845,0.05853839963674545,-0.03673242777585983,0.042149536311626434,0.27628928422927856,0.9594469666481018
26.20745510001143,-0.49328553676605225,0.8289787173271179,0.05843959376215935,-0.037181556224823,0.04198822006583214,0.27681469917297363,0.9592852592468262
26.215216399999917,-0.4933824837207794,0.8289279937744141,0.05825822427868843,-0.03727531060576439,0.042126212269067764,0.27665451169013977,0.9593217968940735
26.21944670000812,-0.4934327304363251,0.8289034962654114,0.0581606924533844,-0.03748581185936928,0.04217969998717308,0.27674779295921326,0.959284245967865
26.223611900000833,-0.49348604679107666,0.8288535475730896,0.058039404451847076,-0.037752605974674225,0.042677510529756546,0.2762327194213867,0.9594002366065979
26.227779900000314,-0.49353036284446716,0.8288283348083496,0.05794978141784668,-0.03793216869235039,0.04262346774339676,0.2761552035808563,0.9594178795814514
26.231782300004852,-0.4935731291770935,0.8288158774375916,0.05786287039518356,-0.03802848979830742,0.042599208652973175,0.2761784791946411,0.9594084620475769
26.235785099997884,-0.4936169981956482,0.8287968635559082,0.05778747797012329,-0.03808381408452988,0.04256594926118851,0.2760438919067383,0.9594465494155884
26.24036780001188,-0.49366968870162964,0.8287813663482666,0.05770009383559227,-0.03814995661377907,0.042298100888729095,0.27594298124313354,0.9594848155975342
26.24407320001046,-0.49366968870162964,0.8287813663482666,0.05770009383559227,-0.03814995661377907,0.042298100888729095,0.27594298124313354,0.9594848155975342
26.24843089999922,-0.4937945306301117,0.82872474193573,0.05751887708902359,-0.038265716284513474,0.041817255318164825,0.27606281638145447,0.9594667553901672
26.25264089999837,-0.49384602904319763,0.8287051320075989,0.057462893426418304,-0.03818554803729057,0.04169312119483948,0.2759900987148285,0.959496259689331
26.25710919999983,-0.49389535188674927,0.8286915421485901,0.05740979313850403,-0.03814200311899185,0.04161249101161957,0.27600374817848206,0.9594975709915161
26.261295100004645,-0.49394798278808594,0.8286566734313965,0.057340022176504135,-0.03748995065689087,0.041420068591833115,0.2757110595703125,0.9596157670021057
26.265183499999694,-0.49399566650390625,0.8286404013633728,0.05729528144001961,-0.03746704384684563,0.04115763679146767,0.275837779045105,0.9595915079116821
26.27021460000833,-0.49404168128967285,0.8286218643188477,0.05724675580859184,-0.037199415266513824,0.041149336844682693,0.2755934000015259,0.9596724510192871
26.274242600004072,-0.494098961353302,0.8285986185073853,0.057186588644981384,-0.037227828055620193,0.040778517723083496,0.2755974233150482,0.9596860408782959
26.278130300008343,-0.49414196610450745,0.8285934329032898,0.05714071914553642,-0.03724667802453041,0.040715113282203674,0.27556076645851135,0.9596985578536987
26.28336610000406,-0.494182825088501,0.8285894393920898,0.057099681347608566,-0.037047725170850754,0.040694788098335266,0.27549025416374207,0.9597273468971252
26.28687809999974,-0.49421927332878113,0.8285700678825378,0.057040732353925705,-0.03742620721459389,0.040390804409980774,0.27586907148361206,0.9596166610717773
26.29082580000977,-0.49427154660224915,0.8285855650901794,0.056986983865499496,-0.036790646612644196,0.0406135655939579,0.27495884895324707,0.9598930478096008
26.29750950000016,-0.49431711435317993,0.8285866975784302,0.056943174451589584,-0.03674783185124397,0.040544986724853516,0.2749340534210205,0.959904670715332
26.302580500007025,-0.49443018436431885,0.8285818696022034,0.056847501546144485,-0.036949265748262405,0.040418121963739395,0.27514100074768066,0.9598429799079895
26.30675920000067,-0.4944775402545929,0.8285888433456421,0.05680381879210472,-0.03711162880063057,0.04037167876958847,0.27530086040496826,0.9597928524017334
26.311071100004483,-0.4945218861103058,0.8285875916481018,0.05675997585058212,-0.03733038157224655,0.04030752554535866,0.2754521071910858,0.9597436785697937
26.315145200002007,-0.49458980560302734,0.8286030292510986,0.05672338977456093,-0.03759242221713066,0.04021937772631645,0.27609533071517944,0.9595523476600647
26.319536599999992,-0.49464303255081177,0.8286110758781433,0.05668843165040016,-0.03763115406036377,0.040234021842479706,0.276067852973938,0.9595580697059631
26.323784799998975,-0.49469810724258423,0.8286166787147522,0.056657951325178146,-0.037812069058418274,0.04007438197731972,0.2762902081012726,0.9594936370849609
26.328181000004406,-0.4947636127471924,0.8285895586013794,0.05658017098903656,-0.0383581779897213,0.040794532746076584,0.276142954826355,0.9594839811325073
26.33201110000664,-0.4948154389858246,0.8285934329032898,0.05654919892549515,-0.0384901762008667,0.04069403186440468,0.27638646960258484,0.9594128727912903
26.336057300009998,-0.49486076831817627,0.8285977244377136,0.056510403752326965,-0.038825321942567825,0.04057461768388748,0.2766306698322296,0.9593340754508972
26.34058490001189,-0.49490684270858765,0.8286035656929016,0.056475915014743805,-0.03903847560286522,0.040487755089998245,0.2768026292324066,0.9592794179916382
26.344395799998892,-0.49496886134147644,0.8286113142967224,0.05643919110298157,-0.03946724906563759,0.040147215127944946,0.2770913243293762,0.9591928720474243
26.34863230001065,-0.4950143098831177,0.8286232948303223,0.05640597641468048,-0.039802126586437225,0.04000183194875717,0.27737683057785034,0.9591026306152344
26.353112099997816,-0.49505937099456787,0.828633189201355,0.05637684464454651,-0.04017413780093193,0.039774637669324875,0.2775639295578003,0.9590424299240112
26.357115200007684,-0.49513891339302063,0.8286401033401489,0.05631887540221214,-0.04045490920543671,0.03953346610069275,0.27739042043685913,0.9590907692909241
26.36120490000758,-0.49518346786499023,0.8286482095718384,0.05629292502999306,-0.040664419531822205,0.03936372324824333,0.27758339047431946,0.9590330123901367
26.366534900007537,-0.49522915482521057,0.8286571502685547,0.05626553297042847,-0.040838561952114105,0.03929193690419197,0.27769899368286133,0.9589951634407043
26.36989130001166,-0.4952736496925354,0.8286607265472412,0.05624297261238098,-0.040996015071868896,0.0391572043299675,0.27780023217201233,0.9589645862579346
26.37374580001051,-0.49531444907188416,0.8286581039428711,0.05621740221977234,-0.04116453602910042,0.03910832852125168,0.2778284549713135,0.9589512348175049
26.378445399997872,-0.49537572264671326,0.8286499381065369,0.05618445947766304,-0.041254673153162,0.03862152248620987,0.27796173095703125,0.9589284062385559
26.382550499998615,-0.49544021487236023,0.8286538124084473,0.056163180619478226,-0.04138052836060524,0.0386832021176815,0.2784824073314667,0.9587695002555847
26.38623020000523,-0.4954833984375,0.8286521434783936,0.05614333599805832,-0.04157216474413872,0.038709890097379684,0.2785482704639435,0.9587408900260925
26.39018390000274,-0.495531290769577,0.8286545872688293,0.05612337961792946,-0.04176253825426102,0.038617413491010666,0.2785358726978302,0.9587399959564209
26.394353100011358,-0.4955717623233795,0.8286409974098206,0.05610697343945503,-0.04195491969585419,0.03845695033669472,0.2786930501461029,0.9586923718452454
26.398451100001694,-0.49561870098114014,0.8286329507827759,0.05609319731593132,-0.041982442140579224,0.03851862624287605,0.27858835458755493,0.9587190747261047
26.40292630001204,-0.495662659406662,0.8286107778549194,0.05607764050364494,-0.04207992181181908,0.038403600454330444,0.27873799204826355,0.9586760401725769
26.407607700006338,-0.49572253227233887,0.8285925984382629,0.056058309972286224,-0.04188300669193268,0.03834805637598038,0.27850040793418884,0.9587559103965759
26.41142870001204,-0.4957762062549591,0.8285568952560425,0.05601692199707031,-0.04157232865691185,0.03806741535663605,0.27853459119796753,0.9587706923484802
26.4154789000022,-0.49582287669181824,0.8285357356071472,0.055993326008319855,-0.041639819741249084,0.03797071799635887,0.27870842814445496,0.9587210416793823
26.41927189999842,-0.4958780109882355,0.8285093903541565,0.055960118770599365,-0.041689347475767136,0.03785068169236183,0.27866339683532715,0.9587367177009583
26.42338930000551,-0.49593645334243774,0.8284927606582642,0.05592125281691551,-0.04195351153612137,0.0377153679728508,0.2788500189781189,0.958676278591156
26.42766240000492,-0.4960119426250458,0.8284379839897156,0.055863019078969955,-0.04242856428027153,0.03749649226665497,0.2798228859901428,0.958380401134491
26.43173760001082,-0.49608826637268066,0.8284206986427307,0.0558440126478672,-0.042402010411024094,0.037158746272325516,0.2804827392101288,0.9582018852233887
26.43587290000869,-0.4961647689342499,0.8284077644348145,0.05580303817987442,-0.042182665318250656,0.0373062826693058,0.2800920307636261,0.9583200812339783
26.440234599998803,-0.4962320029735565,0.828383207321167,0.05575711280107498,-0.042276348918676376,0.03729156032204628,0.2802170515060425,0.9582799077033997
26.444383300011395,-0.49629664421081543,0.8283654451370239,0.055715907365083694,-0.04242445155978203,0.03720990568399429,0.2804130017757416,0.9582192897796631
26.448372500002733,-0.4963630437850952,0.8283427357673645,0.05567594990134239,-0.042476583272218704,0.037124983966350555,0.2804751396179199,0.958202064037323
26.452562700011185,-0.4964367151260376,0.8283233046531677,0.05561758577823639,-0.04254632070660591,0.0372147262096405,0.28061625361442566,0.9581541419029236
26.457104900007835,-0.49649766087532043,0.8282945156097412,0.05557161569595337,-0.042535968124866486,0.03713316097855568,0.28032034635543823,0.9582444429397583
26.461088500000187,-0.49655625224113464,0.8282935619354248,0.05551620572805405,-0.0425344854593277,0.03697122260928154,0.28049999475479126,0.9581981301307678
26.465178400001605,-0.49662065505981445,0.8282783627510071,0.05547838658094406,-0.042860157787799835,0.036516789346933365,0.2808571755886078,0.9580965042114258
26.469507000001613,-0.496684730052948,0.8282756805419922,0.05541520193219185,-0.04263794422149658,0.03649068623781204,0.28046196699142456,0.9582231044769287
26.47357750000083,-0.49674054980278015,0.8282453417778015,0.05532580614089966,-0.0429505780339241,0.03696787357330322,0.2799644470214844,0.9583364129066467
26.477867599998717,-0.4967978596687317,0.8282382488250732,0.055253200232982635,-0.0430455356836319,0.036632467061281204,0.2798684239387512,0.9583730697631836
26.481887600006303,-0.4968428611755371,0.8282465934753418,0.05518938601016998,-0.04317658394575119,0.036507878452539444,0.2799653708934784,0.9583436250686646
26.486119699999108,-0.49688127636909485,0.8282506465911865,0.05512469261884689,-0.0433119460940361,0.03650853410363197,0.2797895073890686,0.9583888649940491
26.49151680000068,-0.4969218969345093,0.8282726407051086,0.055035728961229324,-0.04349946230649948,0.036640897393226624,0.2801254391670227,0.9582770466804504
26.494900800011237,-0.496964693069458,0.8282896280288696,0.054964687675237656,-0.04348058998584747,0.03670547157526016,0.2798989415168762,0.958341658115387
26.49902660000953,-0.49700480699539185,0.8282964825630188,0.054896894842386246,-0.043584153056144714,0.03669976070523262,0.27978795766830444,0.9583695530891418
26.502885100009735,-0.4970718324184418,0.8283050656318665,0.054812923073768616,-0.04393475130200386,0.03615393489599228,0.2798040211200714,0.9583696722984314
26.506982700011577,-0.49711573123931885,0.8283118605613708,0.05474143475294113,-0.044199418276548386,0.036063943058252335,0.2800837457180023,0.9582791328430176
26.512604200004716,-0.49714621901512146,0.8282865881919861,0.05463108420372009,-0.04333405941724777,0.03594737499952316,0.27992644906044006,0.9583690166473389
26.516262600009213,-0.49719083309173584,0.8282801508903503,0.0545474998652935,-0.04316265881061554,0.035855360329151154,0.27984216809272766,0.9584048390388489
26.519719300005818,-0.49724870920181274,0.8282565474510193,0.05444994196295738,-0.04366069659590721,0.035681407898664474,0.28055521845817566,0.95818030834198
26.52337680000346,-0.4973021447658539,0.8282514810562134,0.054369520395994186,-0.04368405416607857,0.03562384843826294,0.2806209921836853,0.9581620097160339
26.527855500011356,-0.49736568331718445,0.8282543420791626,0.05426780506968498,-0.0437411405146122,0.035526927560567856,0.2808496654033661,0.9580960273742676
26.532166600009077,-0.49742335081100464,0.828248918056488,0.054184574633836746,-0.04374264180660248,0.03546414524316788,0.2809268832206726,0.9580757021903992
26.53606940001191,-0.4974942207336426,0.8282269239425659,0.054096248000860214,-0.04378502815961838,0.03514057397842407,0.2811442017555237,0.958021879196167
26.540298500010977,-0.49755361676216125,0.8282116055488586,0.054011020809412,-0.04391465708613396,0.03498692065477371,0.2813703715801239,0.9579552412033081
26.54425710000214,-0.4976159334182739,0.8282002806663513,0.05391479283571243,-0.04415731504559517,0.03502870351076126,0.2817329168319702,0.9578360319137573
26.54876430000877,-0.4976682662963867,0.8281958699226379,0.05383023992180824,-0.04422556236386299,0.03487095236778259,0.28181153535842896,0.9578154683113098
26.552768100009416,-0.4977385997772217,0.8281798362731934,0.05372956767678261,-0.04428156092762947,0.03443870693445206,0.2820006012916565,0.9577729105949402
26.55714830000943,-0.4978044629096985,0.8281739950180054,0.05363428592681885,-0.04429462179541588,0.034360893070697784,0.2818383276462555,0.9578227996826172
26.565287500008708,-0.49793022871017456,0.8281537294387817,0.05342192202806473,-0.0441657118499279,0.03487604856491089,0.28175461292266846,0.9578347206115723
26.569516100003966,-0.4979904890060425,0.828147292137146,0.053332094103097916,-0.043978411704301834,0.03488026559352875,0.2819911539554596,0.9577736854553223
26.575000900003943,-0.4980175793170929,0.8281486630439758,0.05324496328830719,-0.04383603483438492,0.034772858023643494,0.28145352005958557,0.9579421281814575
26.578851700003725,-0.4980778992176056,0.8281639218330383,0.053154509514570236,-0.04387262836098671,0.03481043130159378,0.2816625237464905,0.9578776955604553
26.582447599997977,-0.4981272220611572,0.8281912207603455,0.05305801331996918,-0.04422850161790848,0.03461206704378128,0.2816340923309326,0.9578769207000732
26.586498800010304,-0.4981672465801239,0.8281887769699097,0.05291202291846275,-0.04347572475671768,0.03433121368288994,0.2812473475933075,0.9580351114273071
26.590529100009007,-0.49821147322654724,0.8282132744789124,0.052811071276664734,-0.043360549956560135,0.03425214812159538,0.28094497323036194,0.9581318497657776
26.594675600004848,-0.4982619881629944,0.8282197713851929,0.05268536135554314,-0.04385906085371971,0.033915188163518906,0.28147754073143005,0.9579647779464722
26.598757300002035,-0.49830201268196106,0.8282615542411804,0.052570175379514694,-0.04361404851078987,0.033898476511240005,0.2808306813240051,0.9581664204597473
26.603187700005947,-0.498348206281662,0.8282961249351501,0.05244959518313408,-0.04378054663538933,0.033820778131484985,0.2808822691440582,0.9581463932991028
26.60683330000029,-0.49840137362480164,0.8283243775367737,0.052322596311569214,-0.04389113560318947,0.03379601985216141,0.2808869779109955,0.9581409096717834
26.61114660000021,-0.4984543025493622,0.8283522129058838,0.052208252251148224,-0.04390084743499756,0.03380933776497841,0.2808285355567932,0.9581571221351624
26.616668100003153,-0.49853071570396423,0.828372597694397,0.052082426846027374,-0.04384443908929825,0.03352338448166847,0.28079918026924133,0.9581783413887024
26.620058800006518,-0.49861687421798706,0.8284062743186951,0.051943715661764145,-0.044524166733026505,0.033198095858097076,0.2811151146888733,0.9580656290054321
26.624241000012262,-0.498689204454422,0.828438937664032,0.05182647705078125,-0.04438615217804909,0.03310118988156319,0.2809133231639862,0.9581345915794373
26.62785679999797,-0.4987718462944031,0.82848060131073,0.051684703677892685,-0.04455924779176712,0.03310094028711319,0.28170305490493774,0.9578946232795715
26.63193200000387,-0.4988391101360321,0.8285056352615356,0.051581013947725296,-0.04470311105251312,0.0329536534845829,0.2818395793437958,0.957852840423584
26.637359700005618,-0.4989089369773865,0.8285431265830994,0.05147312954068184,-0.04478045925498009,0.03270791843533516,0.28236570954322815,0.9577026963233948
26.640843900007894,-0.4989892244338989,0.8285750150680542,0.051368940621614456,-0.045134205371141434,0.032323647290468216,0.28258392214775085,0.9576348066329956
26.64448970000376,-0.49904948472976685,0.8285989761352539,0.051264893263578415,-0.045468274503946304,0.03197828680276871,0.28303438425064087,0.9574975371360779
26.648452100009308,-0.4991496205329895,0.8286259174346924,0.051105912774801254,-0.04552190750837326,0.032200925052165985,0.28230956196784973,0.9577015042304993
26.652883000002475,-0.4992189109325409,0.8286604285240173,0.05099138990044594,-0.04570503905415535,0.03197391703724861,0.2823871374130249,0.9576775431632996
26.65713930000493,-0.49928295612335205,0.828676700592041,0.05085871368646622,-0.04518110677599907,0.031533800065517426,0.28251323103904724,0.9576797485351562
26.661020800005645,-0.49935469031333923,0.8286999464035034,0.05074365809559822,-0.04521789401769638,0.031260084360837936,0.2826322615146637,0.9576518535614014
26.665319000007003,-0.4994342029094696,0.8287287950515747,0.05062702298164368,-0.04484310373663902,0.031236981973052025,0.2822737991809845,0.9577760696411133
26.669444700004533,-0.499515175819397,0.8287449479103088,0.050483278930187225,-0.04546353220939636,0.03059331141412258,0.2830040156841278,0.9575520753860474
26.674087999999756,-0.49957776069641113,0.8287789225578308,0.05036415159702301,-0.04554300755262375,0.030505087226629257,0.2830650508403778,0.957533061504364
26.677923900002497,-0.4996477961540222,0.8288135528564453,0.05023454502224922,-0.045162104070186615,0.030434200540184975,0.28264015913009644,0.9576788544654846
26.682023300003493,-0.499713271856308,0.8288499116897583,0.05011123791337013,-0.04528577998280525,0.03046507202088833,0.28305959701538086,0.9575481414794922
26.68629380001221,-0.4997962713241577,0.8288635611534119,0.04998139292001724,-0.045075565576553345,0.030053816735744476,0.28296729922294617,0.9575982689857483
26.690242100012256,-0.49985024333000183,0.8289034366607666,0.04987862706184387,-0.04507362097501755,0.029961027204990387,0.28305134177207947,0.9575764536857605
26.694569200000842,-0.49991169571876526,0.8289329409599304,0.04978466033935547,-0.045386672019958496,0.029863109812140465,0.28312376141548157,0.9575433135032654
26.698564700011048,-0.49997320771217346,0.8289591073989868,0.04970721900463104,-0.045620985329151154,0.029754366725683212,0.2832193672657013,0.9575073719024658
26.70279300000402,-0.500038743019104,0.8290085196495056,0.04958854243159294,-0.046158697456121445,0.029539767652750015,0.2833559215068817,0.9574477672576904
26.707188700005645,-0.5001267194747925,0.8290306925773621,0.04950779303908348,-0.0464797243475914,0.029429137706756592,0.28402048349380493,0.9572386741638184
26.71103910000238,-0.5001950860023499,0.829056441783905,0.04942695051431656,-0.046477507799863815,0.0292595773935318,0.2840687930583954,0.957229733467102
26.715355500011356,-0.5002635717391968,0.8290762901306152,0.04933468997478485,-0.04619114473462105,0.02897782064974308,0.28390276432037354,0.9573013782501221
26.719418300010148,-0.5003300309181213,0.8290930390357971,0.04926063492894173,-0.04609135165810585,0.02874569408595562,0.2838056981563568,0.9573419094085693
26.723440800007666,-0.500393271446228,0.8291120529174805,0.04918847978115082,-0.04594574123620987,0.02863217517733574,0.2836579978466034,0.9573960900306702
26.72766319999937,-0.5004793405532837,0.8291037082672119,0.049101389944553375,-0.0456022284924984,0.02798168919980526,0.2836403548717499,0.9574369788169861
26.731815600011032,-0.5005318522453308,0.8291345834732056,0.04902878776192665,-0.0460154227912426,0.02793801762163639,0.2837238609790802,0.9573938250541687
26.73597380000865,-0.5005703568458557,0.8291531801223755,0.04895026236772537,-0.046283137053251266,0.02776312083005905,0.2838152050971985,0.9573589563369751
26.740195999998832,-0.5006433129310608,0.8291763067245483,0.04886443912982941,-0.04546510800719261,0.027603980153799057,0.2830004394054413,0.9576438665390015
26.744257300000754,-0.5007025003433228,0.8291934132575989,0.04879046231508255,-0.045440979301929474,0.027740752324461937,0.2830653786659241,0.9576218128204346
26.748446900004637,-0.5007482767105103,0.8292011022567749,0.04872206971049309,-0.045609112828969955,0.02763368934392929,0.28315404057502747,0.9575907588005066
26.7526416000037,-0.5008154511451721,0.8291895985603333,0.04862300306558609,-0.04607117176055908,0.02799924835562706,0.28278371691703796,0.9576674103736877
26.756918200000655,-0.500889003276825,0.8291758298873901,0.04853310436010361,-0.04647952690720558,0.02778557874262333,0.2832552492618561,0.9575145840644836
26.761042500002077,-0.5009485483169556,0.8292059898376465,0.048455674201250076,-0.046593450009822845,0.027806175872683525,0.2838937044143677,0.9573193192481995
26.765148700011196,-0.5010000467300415,0.8292226195335388,0.048388153314590454,-0.0466872975230217,0.027913741767406464,0.28389179706573486,0.9573122262954712
26.76926870000898,-0.5010426044464111,0.8292409181594849,0.04832898825407028,-0.04684324562549591,0.02772238850593567,0.2838394045829773,0.9573256373405457
26.773340700005065,-0.5010841488838196,0.829269289970398,0.04827748239040375,-0.04669104143977165,0.02757759764790535,0.28358909487724304,0.9574114084243774
26.77785080000467,-0.5011308789253235,0.8292837738990784,0.04822016879916191,-0.04677253216505051,0.027424301952123642,0.28355276584625244,0.95742267370224
26.78326979999838,-0.5011762976646423,0.8293021321296692,0.04817267134785652,-0.04689554125070572,0.027263527736067772,0.2835960388183594,0.9574083685874939
26.78676909999922,-0.5012301802635193,0.8293268084526062,0.04812492057681084,-0.04717822000384331,0.026959171518683434,0.28362518548965454,0.9573944807052612
26.790273000005982,-0.5012720823287964,0.8293367028236389,0.048070017248392105,-0.04723936319351196,0.02664894051849842,0.2836579978466034,0.9573904275894165
26.794311900011962,-0.501318633556366,0.8293576240539551,0.04803035035729408,-0.047270435839891434,0.026444731280207634,0.28371304273605347,0.9573782086372375
26.799119600007543,-0.5013579726219177,0.8293758630752563,0.04799699783325195,-0.04722519591450691,0.026291094720363617,0.2836350202560425,0.9574078917503357
26.80285300000105,-0.5013912916183472,0.82939213514328,0.04796268790960312,-0.04715048521757126,0.026157580316066742,0.28359344601631165,0.9574275612831116
26.807158299998264,-0.5014253258705139,0.8294146060943604,0.047930218279361725,-0.04708000645041466,0.02596752531826496,0.2836037874221802,0.9574330449104309
26.81198769999901,-0.5014578104019165,0.8294296264648438,0.04789755493402481,-0.04709305986762047,0.025864019989967346,0.28358158469200134,0.9574418067932129
26.81551090000721,-0.5014998316764832,0.8294665813446045,0.04784882813692093,-0.04686541482806206,0.025392301380634308,0.283175528049469,0.9575857520103455
26.81940750000649,-0.5015276074409485,0.8294928073883057,0.04783077910542488,-0.04680563881993294,0.025420304387807846,0.2830934524536133,0.9576122760772705
26.823567500003264,-0.5015482902526855,0.8295191526412964,0.047799818217754364,-0.04679413139820099,0.025360742583870888,0.28292354941368103,0.9576645493507385
26.82780040000216,-0.5015732645988464,0.8295450210571289,0.04776950180530548,-0.04675722122192383,0.02533671259880066,0.28284671902656555,0.9576897025108337
26.83199200000672,-0.5015861392021179,0.8295758962631226,0.04775027185678482,-0.04683055356144905,0.02528131939470768,0.2828313410282135,0.9576922059059143
26.837934499999392,-0.5016123652458191,0.8296083807945251,0.04772588238120079,-0.04678851738572121,0.02524605207145214,0.28272780776023865,0.9577256441116333
26.842009200001485,-0.5016433000564575,0.82963627576828,0.0477035716176033,-0.04660778492689133,0.02528827264904976,0.28237372636795044,0.9578378796577454
26.846115799999097,-0.5016604661941528,0.8296646475791931,0.047684360295534134,-0.04674164950847626,0.025189155712723732,0.28233131766319275,0.9578464031219482
26.85023570001067,-0.5016748309135437,0.8296922445297241,0.047661419957876205,-0.04690730571746826,0.025077736005187035,0.2823655903339386,0.9578312039375305
26.853807000006782,-0.5016927123069763,0.8297210335731506,0.047634221613407135,-0.046981699764728546,0.025019966065883636,0.28238674998283386,0.9578227996826172
26.861088200006634,-0.501722514629364,0.8297762274742126,0.047581035643815994,-0.04731721058487892,0.024830922484397888,0.28231653571128845,0.957831859588623
26.86543010000605,-0.5017403960227966,0.8298089504241943,0.04755223169922829,-0.047452401369810104,0.024734720587730408,0.2823418080806732,0.9578202366828918
26.8695149999985,-0.5017629861831665,0.8298428654670715,0.0475270040333271,-0.04771138355135918,0.02460220269858837,0.2824416756629944,0.9577813148498535
26.873688500010758,-0.5017819404602051,0.8298720121383667,0.047506049275398254,-0.04790370538830757,0.02453606203198433,0.2825031578540802,0.9577553272247314
26.877662300001248,-0.5018028616905212,0.8298993110656738,0.047488730400800705,-0.048044465482234955,0.02433963492512703,0.28258612751960754,0.9577287435531616
26.881747100007487,-0.5018200278282166,0.8299325704574585,0.0474667027592659,-0.04823557287454605,0.024208446964621544,0.2826468050479889,0.9577045440673828
26.886003200008417,-0.5018367767333984,0.8299611806869507,0.04745272174477577,-0.048280395567417145,0.024190112948417664,0.2825928032398224,0.9577187895774841
26.89023350000207,-0.5018561482429504,0.8299984335899353,0.04744177311658859,-0.04849938675761223,0.024068117141723633,0.28267112374305725,0.9576876163482666
26.89438730000984,-0.5018684267997742,0.8300397396087646,0.04742749035358429,-0.04863067343831062,0.02396458014845848,0.2827225923538208,0.9576683640480042
26.898474800007534,-0.5018863677978516,0.8300783634185791,0.047425590455532074,-0.048702672123909,0.02388925850391388,0.28263041377067566,0.9576937556266785
26.902889600009075,-0.5018994212150574,0.8301173448562622,0.047420013695955276,-0.04889313876628876,0.02377985045313835,0.2827083170413971,0.957663893699646
26.907420800009277,-0.5019150972366333,0.8301542401313782,0.04742120951414108,-0.04900052398443222,0.023662813007831573,0.28280043601989746,0.9576340317726135
26.911014800003613,-0.5019236207008362,0.8302072882652283,0.0474223792552948,-0.049120236188173294,0.023477785289287567,0.2831762135028839,0.9575214385986328
26.91561530000763,-0.501928448677063,0.8302384614944458,0.0474187396466732,-0.049207814037799835,0.023416269570589066,0.2832021713256836,0.957510769367218
26.919325599999866,-0.5019357204437256,0.8302737474441528,0.04740991070866585,-0.04930509254336357,0.02338038757443428,0.2830427289009094,0.9575538039207458
26.923491200010176,-0.501939594745636,0.8303241729736328,0.04740842431783676,-0.04977309703826904,0.023236198350787163,0.28317493200302124,0.9574940204620361
26.928001600012067,-0.5019370913505554,0.8303526043891907,0.04739358276128769,-0.04990813136100769,0.02319890446960926,0.2831362783908844,0.9574992656707764
26.93203930000891,-0.5019453167915344,0.8303892016410828,0.04738304018974304,-0.049953196197748184,0.023167243227362633,0.2831738293170929,0.9574865698814392
26.93612420000136,-0.5019449591636658,0.8304194211959839,0.04737381264567375,-0.050184763967990875,0.023073211312294006,0.28321418166160583,0.9574648141860962
26.9401446999982,-0.5019509196281433,0.8304541110992432,0.04735809937119484,-0.050241339951753616,0.023092901334166527,0.283159077167511,0.9574777483940125
26.944422600005055,-0.5019588470458984,0.8304929733276367,0.04733996465802193,-0.05015682801604271,0.023058775812387466,0.2828436493873596,0.9575762152671814
26.948461799998768,-0.5019648671150208,0.8305189609527588,0.04731840267777443,-0.050255633890628815,0.022999968379735947,0.28282463550567627,0.9575780630111694
26.952716900006635,-0.5019722580909729,0.8305699825286865,0.0473131500184536,-0.05099165067076683,0.02302646078169346,0.28297045826911926,0.9574954509735107
26.960655600007158,-0.5020095109939575,0.8306084275245667,0.047270335257053375,-0.05129700526595116,0.022895002737641335,0.28318971395492554,0.9574174284934998
26.96485250000842,-0.502030074596405,0.8306230306625366,0.047256361693143845,-0.05142328143119812,0.022741517052054405,0.28358301520347595,0.9572978615760803
26.96897010000248,-0.5020470023155212,0.8306413888931274,0.04724474996328354,-0.051472071558237076,0.02278977632522583,0.28364643454551697,0.9572752714157104
26.973115300002974,-0.5020829439163208,0.8306730389595032,0.047209903597831726,-0.051981281489133835,0.0227337796241045,0.28445446491241455,0.9570092558860779
26.97754900000291,-0.5021158456802368,0.8306877017021179,0.04717988520860672,-0.05205057933926582,0.02268945425748825,0.28455859422683716,0.9569756388664246
26.981505300005665,-0.5021280646324158,0.8307049870491028,0.047160495072603226,-0.05216998606920242,0.022587517276406288,0.28483882546424866,0.9568881988525391
26.985777800000506,-0.5021425485610962,0.8307158350944519,0.04713797941803932,-0.05228077992796898,0.022662876173853874,0.28497323393821716,0.9568403363227844
26.989919100000407,-0.5021648406982422,0.830737292766571,0.047104667872190475,-0.05259208381175995,0.022426744922995567,0.28495651483535767,0.9568338394165039
26.993988900008844,-0.5021752119064331,0.8307779431343079,0.047056108713150024,-0.052785493433475494,0.022621793672442436,0.2857988476753235,0.9565672874450684
26.99848059999931,-0.5021790266036987,0.8307956457138062,0.047029513865709305,-0.05279539152979851,0.022670112550258636,0.28573840856552124,0.9565836191177368
27.002481000003172,-0.5021789073944092,0.8308175206184387,0.04700315371155739,-0.05284464359283447,0.02268831804394722,0.28570958971977234,0.9565891027450562
27.00666590000037,-0.5021743178367615,0.830836832523346,0.04697851464152336,-0.05294954776763916,0.0227789469063282,0.28568825125694275,0.956587553024292
27.010969000009936,-0.5021681785583496,0.8308554291725159,0.04695212468504906,-0.05300462990999222,0.022710613906383514,0.285498708486557,0.956642746925354
27.01518610000494,-0.5021592974662781,0.8308780789375305,0.04692825302481651,-0.05307536944746971,0.022693833336234093,0.2855629622936249,0.9566199779510498
27.01931920000061,-0.5021495819091797,0.8308865427970886,0.04690272733569145,-0.05303788557648659,0.022699562832713127,0.28539079427719116,0.9566733241081238
27.023362000007182,-0.5021291375160217,0.8308862447738647,0.04687569662928581,-0.05303405225276947,0.02262248285114765,0.2848256230354309,0.9568437337875366
27.02758390000963,-0.5021176338195801,0.8308966755867004,0.04684720188379288,-0.05304257571697235,0.022618168964982033,0.2846437096595764,0.9568975567817688
27.03224310000951,-0.5021015405654907,0.8308969140052795,0.046813007444143295,-0.05313166230916977,0.022496478632092476,0.2845069169998169,0.9569361209869385
27.036033600001247,-0.5020821690559387,0.8308907151222229,0.04678390920162201,-0.05303183197975159,0.022360291332006454,0.2843252122402191,0.956998884677887
27.040323699999135,-0.502069354057312,0.8308828473091125,0.04674939811229706,-0.05296594277024269,0.02230103127658367,0.2841813266277313,0.9570466876029968
27.044295300001977,-0.5020508766174316,0.8308711051940918,0.046714577823877335,-0.0531170554459095,0.022226698696613312,0.28415971994400024,0.9570464491844177
27.04836840000644,-0.5020225644111633,0.830849289894104,0.04668194055557251,-0.05290459096431732,0.022324973717331886,0.2839370667934418,0.9571220278739929
27.052645600007963,-0.5020039081573486,0.8308253884315491,0.04664984717965126,-0.052806269377470016,0.022333631291985512,0.28377097845077515,0.9571764469146729
27.056952500002808,-0.5019842386245728,0.8308014869689941,0.04661850258708,-0.052962783724069595,0.022293101996183395,0.2837778329849243,0.9571667909622192
27.061000100002275,-0.5019545555114746,0.8307651281356812,0.046567074954509735,-0.05280954763293266,0.022464847192168236,0.2832997143268585,0.9573127627372742
27.06495340001129,-0.5019343495368958,0.8307392597198486,0.04653582349419594,-0.05273320525884628,0.022424668073654175,0.28330856561660767,0.9573152661323547
27.069666200011852,-0.501910924911499,0.8307033181190491,0.0465005598962307,-0.05278690904378891,0.02240847982466221,0.28318655490875244,0.9573488235473633
27.073689700002433,-0.5018893480300903,0.8306711316108704,0.046471577137708664,-0.05269759148359299,0.0223243348300457,0.2829919457435608,0.9574132561683655
27.07953410000482,-0.50186687707901,0.8306372761726379,0.04644365608692169,-0.05254808068275452,0.022265233099460602,0.2829055190086365,0.9574483633041382
27.08407779999834,-0.5018433928489685,0.8306066393852234,0.04642155393958092,-0.05238594487309456,0.022302767261862755,0.2827819585800171,0.9574929475784302
27.08832120000443,-0.5018184185028076,0.8305714726448059,0.04640314728021622,-0.05234997719526291,0.022180670872330666,0.2828635275363922,0.9574736952781677
27.0924662000034,-0.5017931461334229,0.830540120601654,0.046388451009988785,-0.05213228240609169,0.022159891203045845,0.28271037340164185,0.9575312733650208
27.097172800000408,-0.5017647743225098,0.8304949998855591,0.04637199640274048,-0.05200817063450813,0.022071005776524544,0.2828105092048645,0.9575105309486389
27.10260690000723,-0.5016968846321106,0.8304104804992676,0.0463409349322319,-0.0518721304833889,0.02187325246632099,0.2828754782676697,0.9575031995773315
27.106671900008223,-0.5016642808914185,0.8303725719451904,0.04632379114627838,-0.05167495459318161,0.021861830726265907,0.2829159200191498,0.9575021266937256
27.11128720000852,-0.5016254186630249,0.8303287625312805,0.046300653368234634,-0.05151448771357536,0.02184353768825531,0.28275424242019653,0.9575589299201965
27.116047700008494,-0.5015774369239807,0.8302753567695618,0.04627107083797455,-0.05169038102030754,0.021540381014347076,0.2827771306037903,0.9575495719909668
27.119803800000227,-0.5015428066253662,0.8302226662635803,0.04622995853424072,-0.051413923501968384,0.021694285795092583,0.28285542130470276,0.9575379490852356
27.12796040000103,-0.5014733672142029,0.8301141262054443,0.046157076954841614,-0.05062107369303703,0.021416237577795982,0.28232118487358093,0.9577440619468689
27.13201719999779,-0.5014398694038391,0.8300721049308777,0.046129610389471054,-0.05069464445114136,0.021373242139816284,0.28218913078308105,0.9577800035476685
27.137488200009102,-0.5013941526412964,0.8300284147262573,0.046083029359579086,-0.05062260851264,0.021498175337910652,0.2822205126285553,0.9577718377113342
27.14095929999894,-0.5013640522956848,0.8299922347068787,0.046040236949920654,-0.05048017576336861,0.02153615653514862,0.28187811374664307,0.9578793048858643
27.144458200011286,-0.501331627368927,0.8299494385719299,0.045997511595487595,-0.05053134635090828,0.02153238281607628,0.28188708424568176,0.957874059677124
27.148826000004192,-0.501283586025238,0.8298859000205994,0.04595685005187988,-0.05049622058868408,0.021493932232260704,0.28086379170417786,0.9581772685050964
27.15281440000399,-0.5012450218200684,0.8298265933990479,0.04589878022670746,-0.05099571868777275,0.02119617350399494,0.28146693110466003,0.9579805135726929
27.1574219000031,-0.5012145638465881,0.8297834992408752,0.04586588963866234,-0.0509907566010952,0.021212542429566383,0.28130868077278137,0.9580268859863281
27.161078500008443,-0.5011763572692871,0.8297220468521118,0.04582168534398079,-0.050690773874521255,0.02120319753885269,0.28125473856925964,0.9580588340759277
27.16519739999785,-0.5011454224586487,0.8296613693237305,0.045771338045597076,-0.050569795072078705,0.0210214052349329,0.28144940733909607,0.9580121040344238
27.1692250000051,-0.501110315322876,0.8296028971672058,0.045735932886600494,-0.05045202374458313,0.021043429151177406,0.28140854835510254,0.9580297470092773
27.173389000003226,-0.5010990500450134,0.8294996619224548,0.045688364654779434,-0.050292033702135086,0.021642299368977547,0.2809196710586548,0.9581682682037354
27.17784260000917,-0.5010648965835571,0.8294444680213928,0.0456589013338089,-0.05002976953983307,0.0216258242726326,0.2809750437736511,0.9581661820411682
27.182268600008683,-0.5010262131690979,0.8293865323066711,0.045628517866134644,-0.05009262263774872,0.021692931652069092,0.28122299909591675,0.9580885767936707
27.186263800002052,-0.5009763836860657,0.829318106174469,0.04559710621833801,-0.05019177496433258,0.021972889080643654,0.28149157762527466,0.9579982161521912
27.190325300005497,-0.500950038433075,0.8292511701583862,0.04557500407099724,-0.05009917914867401,0.02203180082142353,0.2814403772354126,0.9580166935920715
27.19504030000826,-0.5008996725082397,0.8291910886764526,0.045563388615846634,-0.04984547570347786,0.022044992074370384,0.2815093696117401,0.9580093622207642
27.198614799999632,-0.500860869884491,0.8291232585906982,0.04553380236029625,-0.049867913126945496,0.02206393890082836,0.28172633051872253,0.9579439759254456
27.202766600006726,-0.500817060470581,0.8290660381317139,0.04551009088754654,-0.049794234335422516,0.022047629579901695,0.2818024754524231,0.9579257965087891
27.207213300003787,-0.5007810592651367,0.8290114402770996,0.04548308625817299,-0.04969621077179909,0.02214018814265728,0.2818154990673065,0.9579249024391174
27.21115840000857,-0.500737190246582,0.828953206539154,0.0454522967338562,-0.04979155957698822,0.02207600511610508,0.2819983959197998,0.9578676223754883
27.215536500007147,-0.5006882548332214,0.8288778066635132,0.04541909694671631,-0.04965905100107193,0.02225595712661743,0.28176701068878174,0.9579384922981262
27.221068099999684,-0.5006349086761475,0.8288240432739258,0.04538556933403015,-0.04964761808514595,0.02219219133257866,0.2817724645137787,0.9579389691352844
27.226554900000338,-0.5005826950073242,0.8287491798400879,0.04537051543593407,-0.049464985728263855,0.022014329209923744,0.28134825825691223,0.9580771327018738
27.23187780000444,-0.5004745721817017,0.8286144733428955,0.04532115161418915,-0.04992998391389847,0.021632088348269463,0.2820740044116974,0.9578482508659363
27.235995499999262,-0.5004087686538696,0.8285518884658813,0.04530254751443863,-0.04974737390875816,0.02172406204044819,0.28208374977111816,0.957852840423584
27.24028700000781,-0.5003539323806763,0.8284884691238403,0.045279815793037415,-0.04970279335975647,0.02161206118762493,0.2821832299232483,0.9578283429145813
27.244379800002207,-0.5002903938293457,0.828417181968689,0.04524407163262367,-0.04997408390045166,0.021358633413910866,0.2827003300189972,0.9576674103736877
27.248466500008362,-0.5002493262290955,0.828339695930481,0.04522417485713959,-0.049856483936309814,0.021000675857067108,0.2828942537307739,0.9576241970062256
27.252538200002164,-0.5001973509788513,0.8282790780067444,0.04520278796553612,-0.04970512539148331,0.021008366718888283,0.28273820877075195,0.9576780200004578
27.256769300001906,-0.5001444816589355,0.8281861543655396,0.045169759541749954,-0.0488649420440197,0.02092304825782776,0.2826268970966339,0.957755982875824
27.26239240000723,-0.5000728964805603,0.8281224966049194,0.04513424262404442,-0.048312023282051086,0.021127348765730858,0.282317191362381,0.9578709006309509
27.265752700011944,-0.5000194311141968,0.8280646204948425,0.04509551078081131,-0.04792328551411629,0.020975740626454353,0.2821151316165924,0.9579532742500305
27.269529299999704,-0.49995478987693787,0.8280091881752014,0.045072462409734726,-0.04801898077130318,0.020872650668025017,0.2822205424308777,0.9579196572303772
27.273506600002293,-0.49989771842956543,0.8279622197151184,0.04506231099367142,-0.047898951917886734,0.020823229104280472,0.282112181186676,0.9579586386680603
27.277725000007194,-0.49982917308807373,0.8279131650924683,0.045046117156744,-0.047772567719221115,0.02072129212319851,0.28166425228118896,0.9580990076065063
27.281698999999207,-0.4997684359550476,0.8278741836547852,0.04503829404711723,-0.04772457107901573,0.020661266520619392,0.2816276550292969,0.958113431930542
27.28583290000097,-0.4997103214263916,0.8278284668922424,0.04502071067690849,-0.04757881909608841,0.020692583173513412,0.2814403474330902,0.9581750631332397
27.29022629999963,-0.49964776635169983,0.8277732729911804,0.045009538531303406,-0.047573063522577286,0.02070755884051323,0.2811249792575836,0.9582675695419312
27.29628560000856,-0.4995880126953125,0.8277252912521362,0.04499990865588188,-0.04747254401445389,0.02070648781955242,0.2809350788593292,0.9583283066749573
27.303214400002616,-0.49948036670684814,0.827635645866394,0.04499228298664093,-0.047305237501859665,0.020790312439203262,0.2809146046638489,0.9583407640457153
27.306987300005858,-0.4994271993637085,0.8275808691978455,0.04498577490448952,-0.04706835001707077,0.020849794149398804,0.2809886336326599,0.9583293795585632
27.311584299997776,-0.4993700683116913,0.8275354504585266,0.04499439150094986,-0.047013964504003525,0.020854726433753967,0.28122806549072266,0.9582617282867432
27.31580430000031,-0.49931931495666504,0.8274908661842346,0.04499955102801323,-0.046793099492788315,0.020999383181333542,0.2811001241207123,0.9583069682121277
27.31984260000172,-0.49926114082336426,0.8274309039115906,0.04500807076692581,-0.04699414223432541,0.020883865654468536,0.28154128789901733,0.9581701159477234
27.323990600008983,-0.4992009401321411,0.8273681998252869,0.045037053525447845,-0.04685854911804199,0.021194851025938988,0.281785786151886,0.9580979943275452
27.32767810000223,-0.49913501739501953,0.8273111581802368,0.04506301134824753,-0.04679087921977043,0.020881349220871925,0.28161510825157166,0.9581584334373474
27.331979000009596,-0.49907946586608887,0.8272609114646912,0.04507417231798172,-0.046912968158721924,0.020784765481948853,0.2817665934562683,0.9581100344657898
27.33552459999919,-0.49907946586608887,0.8272609114646912,0.04507417231798172,-0.046912968158721924,0.020784765481948853,0.2817665934562683,0.9581100344657898
27.340277800001786,-0.4989550709724426,0.8271907567977905,0.04510683938860893,-0.046616680920124054,0.020991673693060875,0.28150543570518494,0.9581966996192932
27.345536699998775,-0.4988948404788971,0.8271437883377075,0.04512622207403183,-0.04654731974005699,0.021007198840379715,0.28143543004989624,0.958220362663269
27.3528529000032,-0.4987573027610779,0.8270154595375061,0.04515460133552551,-0.04692172631621361,0.02104269526898861,0.2808201313018799,0.9583818316459656
27.357027899997775,-0.49870219826698303,0.8269785642623901,0.045162301510572433,-0.04649534448981285,0.02106606587767601,0.2804103195667267,0.9585220217704773
27.361756800004514,-0.49864113330841064,0.8269343972206116,0.0451752170920372,-0.04644305258989334,0.021205609664320946,0.2805810272693634,0.9584715366363525
27.365557199998875,-0.4985882043838501,0.8268678784370422,0.04519542306661606,-0.04683838039636612,0.021107573062181473,0.28116124868392944,0.9582844972610474
27.369679700001143,-0.4985174536705017,0.8268291354179382,0.04523060843348503,-0.04716876894235611,0.021002519875764847,0.2816096842288971,0.9581388235092163
27.37445380000281,-0.49846288561820984,0.8267861008644104,0.04524524137377739,-0.04699806123971939,0.021051552146673203,0.2816566228866577,0.9581323862075806
27.378362000003108,-0.49840956926345825,0.8267543315887451,0.04525243863463402,-0.046975329518318176,0.021090852096676826,0.2815527617931366,0.9581631422042847
27.38223000000289,-0.49834945797920227,0.8267185091972351,0.04525761678814888,-0.04719723388552666,0.02091541886329651,0.28181585669517517,0.9580787420272827
27.386288699999568,-0.49829795956611633,0.8266918063163757,0.0452716127038002,-0.04719271883368492,0.020929481834173203,0.28169307112693787,0.958114743232727
27.39036850001139,-0.498233437538147,0.8266640305519104,0.04528481140732765,-0.047124866396188736,0.02092680148780346,0.28188446164131165,0.9580618143081665
27.394464099998004,-0.4981847405433655,0.826647937297821,0.04530055448412895,-0.047086432576179504,0.021049771457910538,0.28155872225761414,0.9581568837165833
27.400597600004403,-0.4981330931186676,0.8266388177871704,0.04533163458108902,-0.04723886400461197,0.021008942276239395,0.2815028429031372,0.9581666588783264
27.40488620000542,-0.49808740615844727,0.826625406742096,0.04536669701337814,-0.047412749379873276,0.020979613065719604,0.2814100384712219,0.9581859111785889
27.409070900001097,-0.49804118275642395,0.8266154527664185,0.04540318623185158,-0.04752666875720024,0.021069029346108437,0.2814248502254486,0.9581739902496338
27.413787299999967,-0.4979889988899231,0.8266087770462036,0.04543858766555786,-0.0477941632270813,0.020940130576491356,0.28169018030166626,0.9580855369567871
27.418075100009446,-0.4979330003261566,0.8265973925590515,0.045473597943782806,-0.047599323093891144,0.021107245236635208,0.2815547287464142,0.9581313729286194
27.42314389999956,-0.4978412687778473,0.826564371585846,0.04556099697947502,-0.04748646542429924,0.021192152053117752,0.28136593103408813,0.9581906199455261
27.427416800011997,-0.49779537320137024,0.8265511989593506,0.04560033977031708,-0.04747337847948074,0.02118471823632717,0.28130826354026794,0.9582083225250244
27.43169110000599,-0.4977577030658722,0.8265515565872192,0.04566722363233566,-0.04816297069191933,0.02136092074215412,0.28136780858039856,0.9581525325775146
27.435822400002507,-0.4977160096168518,0.8265250325202942,0.04571527987718582,-0.04814913868904114,0.021284926682710648,0.2814076542854309,0.9581432342529297
27.44444150000345,-0.4975900948047638,0.8264561295509338,0.045840177685022354,-0.0477512963116169,0.021096250042319298,0.2805182635784149,0.9584280252456665
27.448533600007067,-0.4975515604019165,0.8264298439025879,0.04588407650589943,-0.04784221574664116,0.021015681326389313,0.2806752622127533,0.958379328250885
27.452564999999595,-0.49751707911491394,0.8264093995094299,0.045932427048683167,-0.0478689931333065,0.0210062637925148,0.2807314097881317,0.958361804485321
27.45774940001138,-0.49746525287628174,0.8263895511627197,0.0459928922355175,-0.04787169396877289,0.02124752104282379,0.28081291913986206,0.958332359790802
27.461117900005775,-0.4974351227283478,0.8263693451881409,0.04603530839085579,-0.04784679785370827,0.021172061562538147,0.2808710038661957,0.9583183526992798
27.4652017000044,-0.49740949273109436,0.8263568878173828,0.04608195647597313,-0.047963012009859085,0.021035397425293922,0.28101614117622375,0.9582729339599609
27.47077270000591,-0.49737319350242615,0.8263586163520813,0.04614948853850365,-0.04773528501391411,0.02090567722916603,0.28052598237991333,0.9584307074546814
27.474219200012158,-0.49735593795776367,0.8263477683067322,0.04619355499744415,-0.047813814133405685,0.020827921107411385,0.2804912328720093,0.9584386944770813
27.477768099997775,-0.49734416604042053,0.8263418674468994,0.04623395949602127,-0.047942157834768295,0.020881561562418938,0.2805532217025757,0.9584129452705383
27.481859799998347,-0.4973253011703491,0.8263322114944458,0.04628893360495567,-0.048010919243097305,0.020788684487342834,0.28048834204673767,0.9584305882453918
27.485999600001378,-0.4973057210445404,0.8263325691223145,0.04634265974164009,-0.0479704849421978,0.020768797025084496,0.28034794330596924,0.9584740400314331
27.49015060000238,-0.49729833006858826,0.8263325095176697,0.04641573503613472,-0.048045482486486435,0.02069672755897045,0.28041893243789673,0.9584511518478394
27.494324900006177,-0.4972692131996155,0.8263484239578247,0.046485383063554764,-0.04805299639701843,0.020617570728063583,0.28035402297973633,0.958471417427063
27.49869240001135,-0.497251957654953,0.8263580203056335,0.04655612260103226,-0.04796825721859932,0.020633501932024956,0.28020304441452026,0.9585195183753967
27.50271660000726,-0.497251957654953,0.8263580203056335,0.04655612260103226,-0.04796825721859932,0.020633501932024956,0.28020304441452026,0.9585195183753967
27.507070100007695,-0.49722447991371155,0.8263776302337646,0.04672899842262268,-0.04812899976968765,0.020601550117135048,0.2805277109146118,0.9584171175956726
27.511322600010317,-0.49721115827560425,0.8264142870903015,0.04684199392795563,-0.04785515367984772,0.020014969632029533,0.2809062600135803,0.9583324790000916
27.515188500008662,-0.49719372391700745,0.8264320492744446,0.04692808538675308,-0.047839969396591187,0.02004527673125267,0.2808764576911926,0.9583412408828735
27.519333100004587,-0.4971795678138733,0.8264719247817993,0.04703159257769585,-0.04725151136517525,0.020360596477985382,0.2802186906337738,0.9585564136505127
27.523400899997796,-0.49717003107070923,0.826480507850647,0.047120045870542526,-0.0470915324985981,0.020540783181786537,0.2801169753074646,0.9585901498794556
27.527715500007616,-0.49716025590896606,0.8264950513839722,0.0471963994204998,-0.047136783599853516,0.020579885691404343,0.2800444960594177,0.9586082100868225
27.532142100011697,-0.4971475899219513,0.8265194296836853,0.04728592932224274,-0.047269441187381744,0.020742064341902733,0.28002795577049255,0.9586030840873718
27.535994700010633,-0.497139036655426,0.8265302181243896,0.047357939183712006,-0.04739546403288841,0.02077452279627323,0.2799324691295624,0.958624005317688
27.540289500000654,-0.4971275329589844,0.8265384435653687,0.04743852838873863,-0.047767575830221176,0.02084827609360218,0.28002214431762695,0.9585777521133423
27.54428510001162,-0.49711835384368896,0.8265501856803894,0.04750395193696022,-0.047917068004608154,0.020800206810235977,0.28015995025634766,0.9585310220718384
27.548961300009978,-0.49711015820503235,0.8265711665153503,0.047582074999809265,-0.04765141010284424,0.02096259407699108,0.27955013513565063,0.9587187767028809
27.555601700005354,-0.497102826833725,0.8265758752822876,0.047647565603256226,-0.04769434407353401,0.020963575690984726,0.27946147322654724,0.9587424397468567
27.560859900011565,-0.49709922075271606,0.8265741467475891,0.04781040921807289,-0.047722600400447845,0.021003205329179764,0.2794785797595978,0.9587352275848389
27.56496370000241,-0.49709922075271606,0.8265741467475891,0.04781040921807289,-0.047722600400447845,0.021003205329179764,0.2794785797595978,0.9587352275848389
27.569717000005767,-0.4970889687538147,0.826576828956604,0.04788610711693764,-0.04790730029344559,0.02086726948618889,0.27977752685546875,0.958641767501831
27.578666600005818,-0.49706974625587463,0.826603353023529,0.048114098608493805,-0.04801446944475174,0.02045176923274994,0.27959689497947693,0.958698034286499
27.583226400005515,-0.49706974625587463,0.826603353023529,0.048114098608493805,-0.04801446944475174,0.02045176923274994,0.27959689497947693,0.958698034286499
27.58884890000627,-0.49705764651298523,0.8266136050224304,0.048183511942625046,-0.04836789518594742,0.020369600504636765,0.2799116373062134,0.9585901498794556
27.59269520000089,-0.4970478415489197,0.8266541957855225,0.04832933470606804,-0.04809024557471275,0.020382637158036232,0.2789488434791565,0.9588844776153564
27.59687490000215,-0.49704015254974365,0.826688289642334,0.048398543149232864,-0.04816288873553276,0.02040434256196022,0.27884700894355774,0.9589099884033203
27.600510400006897,-0.49702417850494385,0.8267055153846741,0.048471953719854355,-0.04811862111091614,0.02036687545478344,0.27860164642333984,0.9589843153953552
27.604126899997937,-0.49699413776397705,0.8267508149147034,0.048552654683589935,-0.04850049316883087,0.02081083320081234,0.27854716777801514,0.958971381187439
27.61055199999828,-0.4969596564769745,0.8268261551856995,0.04873448610305786,-0.048405084758996964,0.020669953897595406,0.2785874307155609,0.9589675664901733
27.61499360000016,-0.49695292115211487,0.82687908411026,0.04885165020823479,-0.04807376116514206,0.020631173625588417,0.2785196900367737,0.9590047001838684
27.61928820000321,-0.49694356322288513,0.8269034028053284,0.04892707243561745,-0.04798656702041626,0.020774735137820244,0.27848127484321594,0.9590172171592712
27.623600000006263,-0.4969231188297272,0.8269237875938416,0.04901072755455971,-0.04772033542394638,0.020956259220838547,0.2784311771392822,0.9590409994125366
27.62756459999946,-0.4969075620174408,0.8269352316856384,0.04909178614616394,-0.047974828630685806,0.020991019904613495,0.27880609035491943,0.9589186906814575
27.631904000008944,-0.4968959093093872,0.8269564509391785,0.04917394369840622,-0.04806194081902504,0.02100939303636551,0.2788916230201721,0.9588890671730042
27.63612809999904,-0.4968798756599426,0.8269684314727783,0.04924684390425682,-0.04811764508485794,0.02105863019824028,0.27903589606285095,0.9588431715965271
27.64024249999784,-0.49686241149902344,0.8269924521446228,0.04933507740497589,-0.04836123064160347,0.02113041840493679,0.27927109599113464,0.9587608575820923
27.644396800009417,-0.4968361556529999,0.8269863128662109,0.04944828897714615,-0.04799407348036766,0.021020110696554184,0.27878478169441223,0.9589232802391052
27.648342200001935,-0.496816486120224,0.8270328044891357,0.049552954733371735,-0.0488811619579792,0.021275009959936142,0.2791491150856018,0.9587668776512146
27.65289219999977,-0.4968162477016449,0.8270564079284668,0.04964597523212433,-0.049335408955812454,0.021211037412285805,0.2792024314403534,0.9587293863296509
27.657990799998515,-0.49680519104003906,0.8270806074142456,0.04972406104207039,-0.04918907210230827,0.02130129188299179,0.2790690064430237,0.9587737917900085
27.661365600011777,-0.49679118394851685,0.8270949125289917,0.0498015321791172,-0.04915871471166611,0.0213788915425539,0.27900898456573486,0.9587910771369934
27.66570070000307,-0.4967717230319977,0.8271183371543884,0.04986898601055145,-0.04911880940198898,0.02138841338455677,0.27893462777137756,0.9588145613670349
27.66948300000513,-0.4967521131038666,0.8271393775939941,0.049935851246118546,-0.04924768954515457,0.021334143355488777,0.2788904905319214,0.9588220119476318
27.67350930000248,-0.49674004316329956,0.8271622061729431,0.050008635967969894,-0.04908916726708412,0.02132214792072773,0.27860894799232483,0.9589123129844666
27.677652600003057,-0.4967225193977356,0.8271775245666504,0.05007895082235336,-0.04918283969163895,0.021350959315896034,0.27855080366134644,0.9589236974716187
27.68195050000213,-0.49670323729515076,0.8271896243095398,0.05015348270535469,-0.04923729598522186,0.021299239248037338,0.27858561277389526,0.9589119553565979
27.690541700008907,-0.4966579079627991,0.8272256851196289,0.05029420182108879,-0.04907270148396492,0.021377429366111755,0.27817991375923157,0.9590364098548889
27.694398000006913,-0.4966297745704651,0.8272244930267334,0.05038059130311012,-0.048998892307281494,0.021112602204084396,0.2776433527469635,0.9592015743255615
27.69895120000001,-0.49659615755081177,0.8272577524185181,0.05048109591007233,-0.0487346276640892,0.02049405872821808,0.2780759930610657,0.9591030478477478
27.702710099998512,-0.49654969573020935,0.8272830843925476,0.05058731138706207,-0.048111993819475174,0.020592819899320602,0.2772101163864136,0.9593830108642578
27.707011700011208,-0.49652019143104553,0.8273063898086548,0.05065686255693436,-0.04829023778438568,0.020690174773335457,0.2772049307823181,0.9593734741210938
27.711516100011067,-0.49649524688720703,0.8272936344146729,0.05072948709130287,-0.04837869107723236,0.02049981988966465,0.27739620208740234,0.9593178629875183
27.715405300012208,-0.49647602438926697,0.8272932767868042,0.05080212652683258,-0.048370979726314545,0.02051021158695221,0.2773470878601074,0.9593322277069092
27.719394600004307,-0.4964490532875061,0.8273088932037354,0.05088135227560997,-0.048501864075660706,0.0204861368983984,0.27737313508987427,0.9593185186386108
27.723469600008684,-0.4964141249656677,0.8273293972015381,0.05096990615129471,-0.048392318189144135,0.020901676267385483,0.2771667242050171,0.9593747854232788
27.727685200006817,-0.49638766050338745,0.8273283839225769,0.0510527677834034,-0.048249658197164536,0.02106129564344883,0.2770478427410126,0.9594128727912903
27.73178820000612,-0.49635961651802063,0.8273366689682007,0.051133643835783005,-0.048205118626356125,0.02104179374873638,0.2771335542201996,0.9593906998634338
27.735959300000104,-0.4963535964488983,0.8273633718490601,0.05125050991773605,-0.048625968396663666,0.021264037117362022,0.27701568603515625,0.9593985676765442
27.740185800008476,-0.4963286519050598,0.8273659348487854,0.051329415291547775,-0.04859346151351929,0.021377287805080414,0.2770844101905823,0.9593779444694519
27.744216400009464,-0.49630555510520935,0.8273624777793884,0.05141114816069603,-0.048485007137060165,0.021452564746141434,0.2770947515964508,0.959378719329834
27.74829290001071,-0.49627286195755005,0.827385425567627,0.0515018105506897,-0.048053137958049774,0.021628396585583687,0.27671027183532715,0.9595074653625488
27.752232900005765,-0.49621039628982544,0.8273732662200928,0.05161290988326073,-0.04832511767745018,0.021636687219142914,0.2768128514289856,0.9594640731811523
27.756557100001373,-0.49617859721183777,0.8273696303367615,0.05169296637177467,-0.048401881009340286,0.021686257794499397,0.2769760191440582,0.9594119787216187
27.760848100006115,-0.49614956974983215,0.8273695111274719,0.05179225653409958,-0.04840230941772461,0.021952470764517784,0.27690741419792175,0.959425687789917
27.764385100002983,-0.49614956974983215,0.8273695111274719,0.05179225653409958,-0.04840230941772461,0.021952470764517784,0.27690741419792175,0.959425687789917
27.768962500005728,-0.4960739016532898,0.8273448348045349,0.05193566158413887,-0.04754622280597687,0.022287599742412567,0.2766949236392975,0.9595220685005188
27.773234899999807,-0.4960431158542633,0.827332615852356,0.05200828239321709,-0.047480106353759766,0.02230001986026764,0.2766950726509094,0.9595249891281128
27.777828899997985,-0.4960136413574219,0.8273290395736694,0.05207592621445656,-0.047172993421554565,0.02217859961092472,0.27660953998565674,0.9595676064491272
27.782047100001364,-0.49598434567451477,0.827329695224762,0.05215708166360855,-0.047263748943805695,0.022483261302113533,0.27645328640937805,0.9596010446548462
27.786086200008867,-0.49595311284065247,0.8273236155509949,0.052222512662410736,-0.047229569405317307,0.02250203676521778,0.27630120515823364,0.9596461057662964
27.790322000000742,-0.49591878056526184,0.8273102045059204,0.052290286868810654,-0.046919893473386765,0.022543711587786674,0.2761361598968506,0.9597079157829285
27.79440290000639,-0.495866596698761,0.8273448348045349,0.05239829048514366,-0.04604785516858101,0.02213076874613762,0.27591559290885925,0.9598231911659241
27.798456300006364,-0.495833158493042,0.8273325562477112,0.052459005266427994,-0.04590383917093277,0.022126642987132072,0.27584031224250793,0.9598517417907715
27.80268310000247,-0.49579304456710815,0.8273048996925354,0.05252509191632271,-0.0457063764333725,0.02224010042846203,0.2754274010658264,0.9599770903587341
27.806717300001765,-0.4957456886768341,0.8273026943206787,0.052604902535676956,-0.045464351773262024,0.021890372037887573,0.2753598392009735,0.9600160717964172
27.811137900003814,-0.49568527936935425,0.8272814154624939,0.052668310701847076,-0.04553556814789772,0.022182127460837364,0.27487480640411377,0.9601449966430664
27.815101100000902,-0.49563688039779663,0.8272662162780762,0.052720922976732254,-0.045519355684518814,0.022175224497914314,0.2748744487762451,0.9601459503173828
27.81942749999871,-0.4955641031265259,0.8272351026535034,0.05279325693845749,-0.045990023761987686,0.022362735122442245,0.2752978503704071,0.9599979519844055
27.8237405000109,-0.49551138281822205,0.8272133469581604,0.052843715995550156,-0.04590314254164696,0.022320646792650223,0.2751477360725403,0.9600460529327393
27.827743700006977,-0.4954521656036377,0.8272010684013367,0.05291023477911949,-0.045823998749256134,0.02214105613529682,0.27479180693626404,0.9601559638977051
27.83241750000161,-0.4954042136669159,0.8271807432174683,0.05296261981129646,-0.045808982104063034,0.022199949249625206,0.2746710777282715,0.9601898193359375
27.83596779999789,-0.4953557252883911,0.8271570205688477,0.05302129685878754,-0.04588255658745766,0.022185007110238075,0.27483803033828735,0.9601389169692993
27.84024470001168,-0.49528637528419495,0.8271065950393677,0.05309038236737251,-0.045334286987781525,0.02222195453941822,0.2741127908229828,0.9603714346885681
27.845892600002117,-0.49523189663887024,0.8270716667175293,0.053154848515987396,-0.04551863297820091,0.022089339792728424,0.274325430393219,0.9603049755096436
27.849489100000937,-0.4951847791671753,0.8270454406738281,0.053211040794849396,-0.04559227451682091,0.022086171433329582,0.2746317684650421,0.9602140784263611
27.85307890000695,-0.49512389302253723,0.8270212411880493,0.05327745899558067,-0.04566898196935654,0.02208157628774643,0.27495965361595154,0.9601166248321533
27.861161699998775,-0.49502304196357727,0.8269516825675964,0.053431641310453415,-0.04568982869386673,0.022392844781279564,0.2756842374801636,0.9599006175994873
27.865126400007284,-0.4949667751789093,0.8269510865211487,0.05353638157248497,-0.045779407024383545,0.02270302176475525,0.2755833566188812,0.9599180817604065
27.86934800000745,-0.4949086606502533,0.8269200921058655,0.05359844118356705,-0.04566787928342819,0.02279997617006302,0.2757478356361389,0.9598737955093384
27.873570499999914,-0.4948440492153168,0.8268716931343079,0.05365131050348282,-0.04557836055755615,0.022941915318369865,0.27554577589035034,0.9599326848983765
27.877750100000412,-0.4947657585144043,0.8268337845802307,0.053696755319833755,-0.04495011270046234,0.023170994594693184,0.27538713812828064,0.9600023627281189
27.883822500007227,-0.4946999251842499,0.826795220375061,0.0537533238530159,-0.04456553980708122,0.023145126178860664,0.2753318250179291,0.9600367546081543
27.887980100000277,-0.4946366548538208,0.8267530202865601,0.05380454659461975,-0.044343508780002594,0.02317730523645878,0.2754971981048584,0.9599988460540771
27.89271739999822,-0.49457186460494995,0.8267183899879456,0.053867556154727936,-0.04406164586544037,0.02325797639787197,0.27529770135879517,0.9600671529769897
27.89696540001023,-0.4945130944252014,0.8266780972480774,0.05392635986208916,-0.043795060366392136,0.02328411489725113,0.27518394589424133,0.9601112604141235
27.90338870001142,-0.49434059858322144,0.8266012072563171,0.05408679321408272,-0.04298580065369606,0.02336839959025383,0.2743862569332123,0.9603740572929382
27.907070900007966,-0.49426645040512085,0.826560378074646,0.05415867641568184,-0.04255125671625137,0.02353530377149582,0.2742266058921814,0.9604349732398987
27.910968900003354,-0.4941866993904114,0.8265144228935242,0.05423086881637573,-0.04205350577831268,0.023721911013126373,0.2743024230003357,0.9604306817054749
27.915557100001024,-0.4941149055957794,0.8264636993408203,0.0543149933218956,-0.04163728654384613,0.023678665980696678,0.2741851806640625,0.9604833722114563
27.919389300004696,-0.49407461285591125,0.8263629078865051,0.054397501051425934,-0.04014647379517555,0.023771563544869423,0.27375081181526184,0.9606683850288391
27.923588100005873,-0.4939832389354706,0.8263275027275085,0.054496534168720245,-0.03970967233181,0.023099998012185097,0.2747024595737457,0.9604312181472778
27.928036299999803,-0.4939122498035431,0.8262690305709839,0.054593294858932495,-0.03897327184677124,0.023481598123908043,0.2747052013874054,0.9604513645172119
27.93191910001042,-0.493821382522583,0.8262285590171814,0.05469607934355736,-0.03758122771978378,0.02375836856663227,0.2740420401096344,0.9606894254684448
27.93598650000058,-0.4937594532966614,0.8261817097663879,0.05476486310362816,-0.03691442310810089,0.023893244564533234,0.27394577860832214,0.9607394337654114
27.940153200004715,-0.49370405077934265,0.8261338472366333,0.05483313277363777,-0.036360256373882294,0.02401481382548809,0.2739482522010803,0.9607568383216858
27.944323400006397,-0.4936397671699524,0.8260837197303772,0.05489122495055199,-0.0360746756196022,0.024016011506319046,0.2741047143936157,0.9607229232788086
27.948597000009613,-0.4935763478279114,0.8260402083396912,0.05495407059788704,-0.035563159734010696,0.02406344749033451,0.2739981412887573,0.9607711434364319
27.95262170000933,-0.4935184121131897,0.8259986639022827,0.05499579757452011,-0.03532388433814049,0.024002842605113983,0.27398404479026794,0.9607855677604675
27.956700200011255,-0.4934489130973816,0.8259528875350952,0.05503539741039276,-0.03517010807991028,0.02389003522694111,0.27393150329589844,0.9608089923858643
27.961076300009154,-0.4933777451515198,0.8259041905403137,0.055071279406547546,-0.03545398265123367,0.0237054955214262,0.2743750512599945,0.9606766104698181
27.965213100003893,-0.49330466985702515,0.8258716464042664,0.05509615316987038,-0.03527788072824478,0.023690499365329742,0.2739221155643463,0.9608126282691956
27.969214299999294,-0.4932241439819336,0.8258443474769592,0.05513382703065872,-0.03523751348257065,0.023953156545758247,0.2736412584781647,0.9608876705169678
27.97329890000401,-0.49315741658210754,0.8258106112480164,0.05514906719326973,-0.03528124466538429,0.023937053978443146,0.27354949712753296,0.9609125256538391
27.977912400005152,-0.4930913746356964,0.8257726430892944,0.05516194924712181,-0.03521363437175751,0.023999445140361786,0.2729353904724121,0.9610881209373474
27.981411300002947,-0.4930913746356964,0.8257726430892944,0.05516194924712181,-0.03521363437175751,0.023999445140361786,0.2729353904724121,0.9610881209373474
27.985913299999083,-0.49293601512908936,0.8256781697273254,0.05521304905414581,-0.03522863984107971,0.0234233345836401,0.27200546860694885,0.9613654017448425
27.990079900002456,-0.49288901686668396,0.8256433010101318,0.055230699479579926,-0.03526715189218521,0.02347412519156933,0.2719694972038269,0.9613728523254395
27.99443109999993,-0.49284446239471436,0.8256047368049622,0.05525095388293266,-0.03514936938881874,0.023548660799860954,0.2719128131866455,0.9613913893699646
27.998779000001377,-0.49278804659843445,0.8255589008331299,0.05524483695626259,-0.03500068560242653,0.02350260503590107,0.2716542184352875,0.9614710211753845
28.002705600010813,-0.49275580048561096,0.825536847114563,0.05528690293431282,-0.0347803570330143,0.02323666587471962,0.2719535529613495,0.9614008665084839
28.006997500007856,-0.49270200729370117,0.8254834413528442,0.05528626590967178,-0.034313131123781204,0.02341960370540619,0.2715429365634918,0.9615292549133301
28.011086600003182,-0.49266523122787476,0.8254523873329163,0.05531276762485504,-0.03422949090600014,0.023408491164445877,0.27158424258232117,0.9615208506584167
28.015251800010446,-0.4926222264766693,0.8254150152206421,0.05535569787025452,-0.03397425636649132,0.02352462336421013,0.2716584801673889,0.961506187915802
28.01942080000299,-0.4925815463066101,0.8253785967826843,0.05537820979952812,-0.0337621346116066,0.023430243134498596,0.27145785093307495,0.9615726470947266
28.023840200010454,-0.49254950881004333,0.8253393769264221,0.05541672185063362,-0.033824123442173004,0.023247504606842995,0.27169087529182434,0.9615089893341064
28.027956800011452,-0.4924914538860321,0.8253084421157837,0.05543506518006325,-0.033497437834739685,0.023073533549904823,0.2709656059741974,0.9617293477058411
28.0333193000115,-0.49244424700737,0.8252747058868408,0.05545898526906967,-0.03325466066598892,0.02312108315527439,0.27095165848731995,0.9617405533790588
28.037130299999262,-0.4924040138721466,0.825235903263092,0.05548568442463875,-0.03289381414651871,0.023095326498150826,0.2705892324447632,0.9618555903434753
28.04435780001222,-0.49234092235565186,0.8251533508300781,0.055535610765218735,-0.032587405294179916,0.023033054545521736,0.2701908349990845,0.9619794487953186
28.048474100010935,-0.4923069477081299,0.8251161575317383,0.055559609085321426,-0.03234566003084183,0.022971879690885544,0.2701721787452698,0.9619943499565125
28.05258240000694,-0.492279976606369,0.8250815868377686,0.05559535697102547,-0.03222760558128357,0.022905949503183365,0.2701830267906189,0.9619967937469482
28.056838900010916,-0.49224427342414856,0.825050950050354,0.055628422647714615,-0.03201664239168167,0.02285619266331196,0.2700892686843872,0.9620314240455627
28.06105300001218,-0.49219563603401184,0.8250064849853516,0.05566304177045822,-0.03243791311979294,0.02252177521586418,0.27081915736198425,0.9618199467658997
28.06701170001179,-0.4921545684337616,0.8249986171722412,0.05572030320763588,-0.03169319033622742,0.022707609459757805,0.2699865996837616,0.9620744585990906
28.071085800009314,-0.49212101101875305,0.8249444365501404,0.05573557689785957,-0.03151838108897209,0.022459624335169792,0.270165354013443,0.9620358347892761
28.076505100005306,-0.492084801197052,0.82491534948349,0.05576790124177933,-0.03125259280204773,0.02246340923011303,0.2698802053928375,0.9621244072914124
28.081498800005647,-0.4920082688331604,0.8248628377914429,0.05588531121611595,-0.0303785540163517,0.022567210718989372,0.269145667552948,0.9623556733131409
28.08579230000032,-0.4919797480106354,0.8248180747032166,0.055929288268089294,-0.029953354969620705,0.02252153679728508,0.2691592574119568,0.9623662829399109
28.090188900008798,-0.49195563793182373,0.8247762322425842,0.05598118156194687,-0.029470296576619148,0.022491376847028732,0.26887720823287964,0.9624607563018799
28.098590400011744,-0.4919140636920929,0.8246808052062988,0.05608222633600235,-0.02839154377579689,0.022378886118531227,0.2687944769859314,0.9625189900398254
28.102851700008614,-0.49190813302993774,0.8246386051177979,0.05613454803824425,-0.02772487886250019,0.022444628179073334,0.2685508131980896,0.962604820728302
28.106910700007575,-0.49187809228897095,0.8245656490325928,0.056207261979579926,-0.02729659341275692,0.022648949176073074,0.2687503397464752,0.9625566601753235
28.111192000011215,-0.49185553193092346,0.8245235681533813,0.05626576021313667,-0.02671058103442192,0.022497819736599922,0.26859065890312195,0.9626211524009705
28.116115000011632,-0.49185025691986084,0.8244823813438416,0.056327760219573975,-0.02614392526447773,0.022445552051067352,0.2685287594795227,0.9626551866531372
28.1197136999981,-0.49183720350265503,0.8244475722312927,0.05638749897480011,-0.025656456127762794,0.022409338504076004,0.2686777412891388,0.9626275300979614
28.124112999998033,-0.4918473958969116,0.824377715587616,0.056476838886737823,-0.02447533793747425,0.02219899743795395,0.2688896954059601,0.9626040458679199
28.127884300003643,-0.4918382465839386,0.8243387341499329,0.05652780085802078,-0.02397550456225872,0.02217303216457367,0.26886090636253357,0.96262526512146
28.137696000005235,-0.4918295741081238,0.8242568373680115,0.056611642241477966,-0.023625658825039864,0.0219438374042511,0.2689715027809143,0.9626082181930542
28.142488099998445,-0.4918304681777954,0.8242228031158447,0.05664470046758652,-0.02340259775519371,0.021889228373765945,0.2689635455608368,0.9626171588897705
28.146194200002356,-0.49183061718940735,0.8241956830024719,0.05666578933596611,-0.023523766547441483,0.021672096103429794,0.26919040083885193,0.9625557661056519
28.150286900010542,-0.49183064699172974,0.8241695165634155,0.056683219969272614,-0.023447085171937943,0.02164449170231819,0.2690231204032898,0.9626049399375916
28.154307700009667,-0.4918295741081238,0.8241339921951294,0.05671297758817673,-0.023390095680952072,0.021552713587880135,0.2686771750450134,0.9627050161361694
28.16105100000277,-0.4918251931667328,0.8241028785705566,0.05674900859594345,-0.023372584953904152,0.0213523767888546,0.26840129494667053,0.962786853313446
28.165659200007212,-0.49182015657424927,0.8240947127342224,0.05676794797182083,-0.02330811507999897,0.021232381463050842,0.2682625353336334,0.9628297686576843
28.169444300001487,-0.4918229579925537,0.8240885138511658,0.05678326636552811,-0.023325981572270393,0.02124250866472721,0.26793137192726135,0.9629213809967041
28.173494900009246,-0.49182063341140747,0.824088454246521,0.056810710579156876,-0.023152384907007217,0.021207476034760475,0.26750436425209045,0.963045060634613
28.177770399997826,-0.49182459712028503,0.8240804672241211,0.05683768540620804,-0.023011039942502975,0.02118350937962532,0.2674293518066406,0.96306973695755
28.18179180000152,-0.4918326139450073,0.8240752816200256,0.05686283856630325,-0.022746141999959946,0.021271122619509697,0.2669594883918762,0.9632044434547424
28.1877053000062,-0.4918418526649475,0.8240646123886108,0.056899625808000565,-0.02259274199604988,0.021308984607458115,0.26686257123947144,0.9632340669631958
28.19184280000627,-0.4918522536754608,0.8240488171577454,0.0569240041077137,-0.022437648847699165,0.02130410633981228,0.26671841740608215,0.9632777571678162
28.195532400000957,-0.4918676018714905,0.8240361213684082,0.05696561187505722,-0.022309811785817146,0.021174674853682518,0.26656630635261536,0.9633256793022156
28.199823100003414,-0.49188563227653503,0.8240357637405396,0.057016149163246155,-0.02169644646346569,0.021353131160140038,0.2660383880138397,0.9634816646575928
28.20327840000391,-0.4918941855430603,0.8240379095077515,0.057088010013103485,-0.021327916532754898,0.02065729722380638,0.2666615843772888,0.9633328318595886
28.207022800008417,-0.4918983280658722,0.8240236043930054,0.057128727436065674,-0.02115601859986782,0.02062653750181198,0.2666623294353485,0.9633370637893677
28.211009000006015,-0.49191293120384216,0.8239930272102356,0.057193297892808914,-0.02080199494957924,0.02045726589858532,0.2663070559501648,0.9634465575218201
28.215084800001932,-0.49192672967910767,0.8239704966545105,0.0572357177734375,-0.020715542137622833,0.020376622676849365,0.26647403836250305,0.9634039998054504
28.21961040000315,-0.4919322729110718,0.8239568471908569,0.0572689026594162,-0.02034984529018402,0.020338580012321472,0.2664789855480194,0.963411271572113
28.22371230000863,-0.49194326996803284,0.8239349722862244,0.057304710149765015,-0.020145732909440994,0.020378444343805313,0.26630890369415283,0.9634617567062378
28.22795300000871,-0.49195459485054016,0.8239231705665588,0.05733419954776764,-0.019894208759069443,0.02030113711953163,0.2662079334259033,0.9634965062141418
28.232591799998772,-0.4919683635234833,0.8239176869392395,0.05736508592963219,-0.01977783627808094,0.020212238654494286,0.266224205493927,0.9634962677955627
28.23603890000959,-0.49197596311569214,0.8239043951034546,0.05739164724946022,-0.019659604877233505,0.020177805796265602,0.26625776290893555,0.9634900689125061
28.241580800007796,-0.4919912815093994,0.8238903880119324,0.05742774158716202,-0.01948605105280876,0.02011813037097454,0.2662791311740875,0.9634889364242554
28.245392099997844,-0.4920066297054291,0.8238961100578308,0.05744241923093796,-0.01959841139614582,0.020073426887392998,0.26622334122657776,0.9635030031204224
28.25138159999915,-0.49201658368110657,0.8238850235939026,0.057466208934783936,-0.01944970153272152,0.019975747913122177,0.26618489623069763,0.9635187387466431
28.256411100010155,-0.4920378029346466,0.8239006996154785,0.05751394107937813,-0.019767262041568756,0.019860826432704926,0.26599523425102234,0.9635669589042664
28.260809600003995,-0.49204742908477783,0.8239073157310486,0.05752680450677872,-0.019944654777646065,0.019808458164334297,0.2659956216812134,0.9635643362998962
28.26544050000666,-0.4920545518398285,0.8239166736602783,0.05754615366458893,-0.020018652081489563,0.01971588470041752,0.266002893447876,0.9635626673698425
28.269699700002093,-0.49206069111824036,0.823927104473114,0.057563506066799164,-0.019966892898082733,0.019748160615563393,0.2657092213630676,0.9636441469192505
28.276520600004005,-0.492063045501709,0.8239384293556213,0.057594940066337585,-0.020104844123125076,0.019606582820415497,0.26568883657455444,0.9636498093605042
28.282201499998337,-0.4920681416988373,0.8239648938179016,0.05766431242227554,-0.02025717869400978,0.019621752202510834,0.2654944956302643,0.9636998176574707
28.286923899999238,-0.492066890001297,0.8239762187004089,0.057697784155607224,-0.020007368177175522,0.019599102437496185,0.2652061879634857,0.9637848734855652
28.290499100010493,-0.4920666217803955,0.8239878416061401,0.05772298574447632,-0.02002757415175438,0.01959686167538166,0.26515108346939087,0.9637997150421143
28.294475800008513,-0.4920583963394165,0.8240267634391785,0.05777972936630249,-0.019362496212124825,0.0198245607316494,0.26428288221359253,0.9640470147132874
28.298634700011462,-0.49207717180252075,0.8240076303482056,0.057782579213380814,-0.020018136128783226,0.019445348531007767,0.2650962769985199,0.9638179540634155
28.303444100005436,-0.4920789301395416,0.8240475654602051,0.05783151090145111,-0.019497744739055634,0.01958402246236801,0.2643028497695923,0.9640437364578247
28.306953999999678,-0.4920789301395416,0.8240475654602051,0.05783151090145111,-0.019497744739055634,0.01958402246236801,0.2643028497695923,0.9640437364578247
28.311166800005594,-0.49210840463638306,0.8240457773208618,0.05787532031536102,-0.01966783218085766,0.019330831244587898,0.264455109834671,0.9640036225318909
28.315400500010583,-0.49212610721588135,0.8240421414375305,0.05789856240153313,-0.019642481580376625,0.01927937939763069,0.26429927349090576,0.964047908782959
28.318893400006345,-0.49212610721588135,0.8240421414375305,0.05789856240153313,-0.019642481580376625,0.01927937939763069,0.26429927349090576,0.964047908782959
28.323129500000505,-0.4921863377094269,0.8240216374397278,0.0579364113509655,-0.020032253116369247,0.01902654394507408,0.2647189199924469,0.9639298319816589
28.329696900007548,-0.4922213554382324,0.8240134716033936,0.05796767771244049,-0.02018509991466999,0.0187124814838171,0.2647946774959564,0.9639120101928711
28.333747600001516,-0.4922484755516052,0.8239736557006836,0.05799558386206627,-0.01962871663272381,0.01841520331799984,0.2646658420562744,0.9639645218849182
28.337871100011398,-0.492258757352829,0.8239647150039673,0.058015357702970505,-0.019610578194260597,0.018267113715410233,0.26478642225265503,0.963934600353241
28.341815699997824,-0.4922643303871155,0.823959469795227,0.05803581699728966,-0.019586579874157906,0.018211686983704567,0.2646530270576477,0.963972806930542
28.346411200007424,-0.4922722578048706,0.8239628672599792,0.05804958939552307,-0.01980089582502842,0.018121927976608276,0.2647494375705719,0.9639436602592468
28.35106060000544,-0.49227526783943176,0.8239696025848389,0.058068159967660904,-0.01988225243985653,0.018081510439515114,0.2647494375705719,0.9639427661895752
28.355156999998144,-0.4922744035720825,0.8239758610725403,0.058080460876226425,-0.019930057227611542,0.017952296882867813,0.2646002769470215,0.9639850854873657
28.360719700009213,-0.4922763705253601,0.8239978551864624,0.058108456432819366,-0.02001662738621235,0.01788783259689808,0.26433050632476807,0.9640584588050842
28.365143500006525,-0.4922754168510437,0.8240143060684204,0.05812770500779152,-0.020019736140966415,0.017884792760014534,0.2641926407814026,0.9640962481498718
28.3686721999984,-0.4922754168510437,0.8240143060684204,0.05812770500779152,-0.020019736140966415,0.017884792760014534,0.2641926407814026,0.9640962481498718
28.37366190001194,-0.49227944016456604,0.8240460753440857,0.05817543715238571,-0.02006702311336994,0.017775800079107285,0.2642371654510498,0.9640851616859436
28.377845700000762,-0.4922904074192047,0.8240616321563721,0.05820370838046074,-0.01999918557703495,0.01778990589082241,0.2643289268016815,0.9640610814094543
28.382324400008656,-0.49229565262794495,0.8240725994110107,0.05822787061333656,-0.019918786361813545,0.01780763268470764,0.26423346996307373,0.9640885591506958
28.386184600007255,-0.4922961890697479,0.8240892291069031,0.05826066806912422,-0.01983114890754223,0.017717747017741203,0.2643178403377533,0.9640689492225647
28.390395800000988,-0.4923042953014374,0.824114203453064,0.05828051269054413,-0.019837938249111176,0.01766110397875309,0.2643314599990845,0.9640660881996155
28.39463790001173,-0.49230387806892395,0.8241243362426758,0.0583060048520565,-0.019871804863214493,0.017597071826457977,0.26442068815231323,0.964042067527771
28.39859690000594,-0.4923012852668762,0.8241322040557861,0.05832470580935478,-0.01993737556040287,0.017516206949949265,0.2644858956336975,0.9640243053436279
28.40290770000138,-0.4922979176044464,0.8241475224494934,0.058341335505247116,-0.0199466310441494,0.01743079163134098,0.2643917500972748,0.9640514850616455
28.407230299999355,-0.49229174852371216,0.8241637945175171,0.058349985629320145,-0.019923320040106773,0.01738956943154335,0.2642529308795929,0.9640908241271973
28.41121170000406,-0.492286741733551,0.8241754174232483,0.05836370214819908,-0.020014116540551186,0.017309697344899178,0.2641681134700775,0.9641135931015015
28.415445700011333,-0.49226802587509155,0.824198305606842,0.058376457542181015,-0.020286567509174347,0.017511654645204544,0.26414287090301514,0.9641112089157104
28.419431600006646,-0.49227532744407654,0.8242126107215881,0.05838407203555107,-0.02038118988275528,0.017470233142375946,0.2640743553638458,0.9641286730766296
28.42392510001082,-0.4922802448272705,0.8242286443710327,0.05838712677359581,-0.0206122025847435,0.017410019412636757,0.2642759084701538,0.9640697240829468
28.42926260000968,-0.4922902286052704,0.8242388367652893,0.05839395523071289,-0.020656049251556396,0.01741804927587509,0.26426658034324646,0.9640710949897766
28.43412890000036,-0.49230456352233887,0.8242518305778503,0.058397889137268066,-0.020641162991523743,0.017452294006943703,0.2641333043575287,0.9641073346138
28.437909300002502,-0.49231764674186707,0.8242887258529663,0.058398254215717316,-0.021383894607424736,0.017420800402760506,0.2644091546535492,0.9640161395072937
28.44205199999851,-0.4923398196697235,0.8243027329444885,0.05840910226106644,-0.021475082263350487,0.017420362681150436,0.2642783224582672,0.9640499949455261
28.446103599999333,-0.4923684000968933,0.8242905735969543,0.05842344090342522,-0.02094830386340618,0.017282580956816673,0.2642558217048645,0.964070200920105
28.45038020001084,-0.49237319827079773,0.8243233561515808,0.05842898041009903,-0.0214542206376791,0.017393440008163452,0.26439499855041504,0.9640190005302429
28.4580311000027,-0.492412269115448,0.8243235349655151,0.05846116319298744,-0.021054035052657127,0.017221659421920776,0.26456424593925476,0.9639844298362732
28.461816100010765,-0.4924153983592987,0.8243517875671387,0.05846885219216347,-0.02164669707417488,0.017342595383524895,0.264758437871933,0.9639157652854919
28.465434900004766,-0.49243462085723877,0.8243371248245239,0.05848096311092377,-0.021119557321071625,0.017238007858395576,0.26470088958740234,0.963945209980011
28.469319800002268,-0.492445707321167,0.8243547081947327,0.05849944055080414,-0.020699787884950638,0.017472457140684128,0.2641235589981079,0.964108407497406
28.47332119999919,-0.49244657158851624,0.8243546485900879,0.05850229784846306,-0.021202679723501205,0.017254967242479324,0.26486748456954956,0.9638972878456116
28.477608700006385,-0.4924454391002655,0.8243691325187683,0.058512765914201736,-0.021164169535040855,0.01738700643181801,0.2647485136985779,0.9639284014701843
28.4833357000025,-0.49245649576187134,0.8243955373764038,0.05852462723851204,-0.020719388499855995,0.01755969598889351,0.2642401158809662,0.9640744924545288
28.487924500004738,-0.49246323108673096,0.8244071006774902,0.058527395129203796,-0.02082465961575508,0.01760547235608101,0.2642635107040405,0.96406489610672
28.49192880000919,-0.4924706816673279,0.8244258761405945,0.058535993099212646,-0.020819325000047684,0.017673207446932793,0.26413753628730774,0.964098334312439
28.49566240000422,-0.4924584925174713,0.8244655132293701,0.05853121727705002,-0.021382519975304604,0.017914924770593643,0.26418912410736084,0.9640673995018005
28.49996060000558,-0.4924566149711609,0.8244918584823608,0.058525435626506805,-0.021801237016916275,0.01786043681204319,0.2642610967159271,0.9640393853187561
28.50362830000813,-0.49246564507484436,0.8245110511779785,0.05851851403713226,-0.02193833887577057,0.017849110066890717,0.26416081190109253,0.9640638828277588
28.512946500006365,-0.49247458577156067,0.8245506286621094,0.058505985885858536,-0.022167101502418518,0.01783011667430401,0.2639755308628082,0.9641098380088806
28.517753500011167,-0.4924852252006531,0.8245630860328674,0.05850216746330261,-0.022417958825826645,0.017738377675414085,0.2639562487602234,0.9641109704971313
28.521384400009993,-0.4924970269203186,0.8245866894721985,0.05849901959300041,-0.022463511675596237,0.017738567665219307,0.26385191082954407,0.9641384482383728
28.525533100008033,-0.4925021231174469,0.8245961666107178,0.058499302715063095,-0.02261047624051571,0.017697427421808243,0.26387691497802734,0.9641289114952087
28.529464000006556,-0.4924963116645813,0.8246391415596008,0.05852648243308067,-0.022131435573101044,0.017874786630272865,0.26316073536872864,0.9643325209617615
28.532905600004597,-0.492503821849823,0.8246504068374634,0.05852615833282471,-0.022201739251613617,0.0179008636623621,0.26300671696662903,0.9643723964691162
28.53652970000985,-0.49254339933395386,0.8246538043022156,0.05853618308901787,-0.022605936974287033,0.017772134393453598,0.2631693482398987,0.9643210768699646
28.540666200002306,-0.4925440847873688,0.8246772885322571,0.05854329466819763,-0.022756682708859444,0.017612876370549202,0.2632705867290497,0.9642928242683411
28.544364700006554,-0.49257490038871765,0.8246784210205078,0.05854880064725876,-0.022833094000816345,0.017654793336987495,0.2631450593471527,0.9643245339393616
28.548583700001473,-0.4925938546657562,0.8246904015541077,0.058555178344249725,-0.02285974659025669,0.01765357330441475,0.263264924287796,0.9642911553382874
28.552675900005852,-0.49261513352394104,0.8247030973434448,0.05856860801577568,-0.022796737030148506,0.017634961754083633,0.263243705034256,0.9642988443374634
28.557068800000707,-0.49264317750930786,0.8247221112251282,0.05859385058283806,-0.022903569042682648,0.017451321706175804,0.26370784640312195,0.9641727805137634
28.56390240001201,-0.49266836047172546,0.8247425556182861,0.05860016122460365,-0.022896725684404373,0.01743626967072487,0.2636447548866272,0.9641904234886169
28.568106700011413,-0.49268263578414917,0.8247478604316711,0.05860081687569618,-0.02283552475273609,0.0174196008592844,0.2634938955307007,0.9642333984375
28.57295040000463,-0.4927140772342682,0.8247690200805664,0.05860918387770653,-0.023082440719008446,0.017251942306756973,0.2635038495063782,0.9642278552055359
28.577221600004123,-0.4927269518375397,0.8247824311256409,0.05861556529998779,-0.023106424137949944,0.01721375621855259,0.26342734694480896,0.9642488360404968
28.58195269999851,-0.49273890256881714,0.8247917294502258,0.058620184659957886,-0.023135462775826454,0.01721997745335102,0.263232946395874,0.9643011689186096
28.585983800003305,-0.49275141954421997,0.8247979879379272,0.05862824618816376,-0.023321038112044334,0.017152706161141396,0.26334434747695923,0.9642674326896667
28.592188000009628,-0.49276626110076904,0.8248007297515869,0.05862950533628464,-0.02347421832382679,0.017047716304659843,0.2634885013103485,0.9642261862754822
28.596106099997996,-0.4927780032157898,0.8247954845428467,0.05862808600068092,-0.023490145802497864,0.016989871859550476,0.2631605565547943,0.9643164277076721
28.600659800009453,-0.4927894175052643,0.8248003721237183,0.05862785503268242,-0.023682307451963425,0.016910776495933533,0.2631140649318695,0.9643258452415466
28.60489640000742,-0.49280497431755066,0.8248000144958496,0.058626025915145874,-0.023805661126971245,0.016826177015900612,0.2631880044937134,0.9643040299415588
28.60909569999785,-0.49283748865127563,0.8248024582862854,0.05862264707684517,-0.02399767003953457,0.016808627173304558,0.2635801136493683,0.9641925096511841
28.6128766000038,-0.49283885955810547,0.8248049020767212,0.058617591857910156,-0.02402741089463234,0.0167252030223608,0.26313507556915283,0.9643147587776184
28.616866700001992,-0.4928668439388275,0.8248109817504883,0.058606214821338654,-0.024031052365899086,0.016396429389715195,0.26294276118278503,0.9643727540969849
28.620218500000192,-0.49288517236709595,0.8248324990272522,0.058629754930734634,-0.024172483012080193,0.01669226586818695,0.26328420639038086,0.9642710089683533
28.62380590000248,-0.492924302816391,0.8248519897460938,0.05859684944152832,-0.024501249194145203,0.01600043475627899,0.2632002532482147,0.964297354221344
28.627685200000997,-0.4929247498512268,0.8248632550239563,0.058599237352609634,-0.024734660983085632,0.0158227626234293,0.2629633843898773,0.964358925819397
28.631745400009095,-0.49294909834861755,0.8248834609985352,0.05862385034561157,-0.02480192296206951,0.016142243519425392,0.26324716210365295,0.964274525642395
28.636241800006246,-0.49299389123916626,0.8249099850654602,0.058629199862480164,-0.025158114731311798,0.01620737463235855,0.26393675804138184,0.9640756249427795
28.64030320000893,-0.49299585819244385,0.8249266743659973,0.0586417019367218,-0.025045692920684814,0.01625068113207817,0.2640133500099182,0.9640569090843201
28.644561200009775,-0.4930054247379303,0.8249670267105103,0.05865974724292755,-0.025805652141571045,0.016401387751102448,0.26409390568733215,0.9640121459960938
28.648506600002293,-0.4930129647254944,0.8249971270561218,0.05867084115743637,-0.025885937735438347,0.016422051936388016,0.26411089301109314,0.9640050530433655
28.652969800008577,-0.49301600456237793,0.8250314593315125,0.058677371591329575,-0.026185113936662674,0.016414908692240715,0.26417165994644165,0.9639804363250732
28.657858100006706,-0.49301135540008545,0.8250607252120972,0.058689042925834656,-0.026286352425813675,0.016443319618701935,0.26422181725502014,0.963963508605957
28.661834200000158,-0.49300268292427063,0.8250941038131714,0.058696817606687546,-0.026397157460451126,0.016432853415608406,0.26437482237815857,0.9639186263084412
28.66544550000981,-0.49298807978630066,0.8251523375511169,0.05874260142445564,-0.026385165750980377,0.01587904430925846,0.26486122608184814,0.9637947082519531
28.66950460000953,-0.4929819703102112,0.8251869082450867,0.05874588340520859,-0.026410510763525963,0.015879500657320023,0.26485782861709595,0.9637949466705322
28.67369979999785,-0.4929563105106354,0.8252382278442383,0.058755356818437576,-0.026545213535428047,0.016203410923480988,0.2649919092655182,0.9637489914894104
28.67773720000696,-0.4929550886154175,0.8252747058868408,0.0587499774992466,-0.026652006432414055,0.01623391918838024,0.26502832770347595,0.9637355804443359
28.681835900002625,-0.492926687002182,0.8253110647201538,0.05874625965952873,-0.026784395799040794,0.01622573286294937,0.2646664083003998,0.9638314843177795
28.686154000009992,-0.49293309450149536,0.8253516554832458,0.05874247848987579,-0.02715347707271576,0.016147835180163383,0.26528528332710266,0.9636523127555847
28.69011219999811,-0.49292922019958496,0.82540363073349,0.05873886123299599,-0.027062643319368362,0.01614966057240963,0.26506009697914124,0.9637167453765869
28.694324299998698,-0.4929271936416626,0.8254591822624207,0.05873731151223183,-0.02740095928311348,0.016003858298063278,0.2656289041042328,0.9635530710220337
28.699097600008827,-0.4929405152797699,0.8254912495613098,0.05871899053454399,-0.02752680703997612,0.015623985789716244,0.26558709144592285,0.9635671973228455
28.70345330001146,-0.49294793605804443,0.8255289196968079,0.058706361800432205,-0.02776458114385605,0.015583755448460579,0.2658206522464752,0.9634966254234314
28.70702539999911,-0.49295181035995483,0.8255618810653687,0.058706093579530716,-0.02800370566546917,0.015451262705028057,0.2659427225589752,0.9634580612182617
28.71095000000787,-0.4929630160331726,0.8255862593650818,0.05869881436228752,-0.028255518525838852,0.015411797910928726,0.26616236567497253,0.9633907079696655
28.715517300006468,-0.49297189712524414,0.8256141543388367,0.05869721621274948,-0.0283266119658947,0.015436040237545967,0.2662496864795685,0.9633641242980957
28.719350500003202,-0.49298226833343506,0.8256369829177856,0.05870082229375839,-0.028543196618556976,0.015292498283088207,0.26651886105537415,0.9632856249809265
28.723361500000465,-0.49299538135528564,0.8256660103797913,0.058710891753435135,-0.02864956669509411,0.015264613553881645,0.26663216948509216,0.963251531124115
28.728079400010756,-0.49300697445869446,0.8256868124008179,0.058714609593153,-0.028714904561638832,0.015290050767362118,0.2668549716472626,0.9631875157356262
28.731959099997766,-0.4930148720741272,0.8257213830947876,0.05873420462012291,-0.028603827580809593,0.015261901542544365,0.2668633759021759,0.9631889462471008
28.736009700005525,-0.4930199086666107,0.8257456421852112,0.058757707476615906,-0.028649957850575447,0.01522839441895485,0.26705682277679443,0.9631345272064209
28.74046910001198,-0.4930368959903717,0.8257814645767212,0.05877620354294777,-0.02847796492278576,0.0152623001486063,0.26697662472724915,0.963161289691925
28.744313600007445,-0.4930349588394165,0.8258146643638611,0.05879073962569237,-0.028459524735808372,0.015280605293810368,0.26698070764541626,0.9631603956222534
28.74859699999797,-0.4930286407470703,0.8258546590805054,0.058807309716939926,-0.02836497686803341,0.01527703832834959,0.2668222486972809,0.9632070660591125
28.75255560000369,-0.49302437901496887,0.8258940577507019,0.05882451683282852,-0.02831360138952732,0.015320077538490295,0.26688963174819946,0.9631892442703247
28.756826900003944,-0.49301114678382874,0.8259343504905701,0.05885116010904312,-0.02828856371343136,0.01532076857984066,0.2667178809642792,0.9632375836372375
28.761096400005044,-0.49297818541526794,0.8260142207145691,0.058909524232149124,-0.027534956112504005,0.01599041186273098,0.26571547985076904,0.9635255932807922
28.765140000003157,-0.49297192692756653,0.8260551691055298,0.058927007019519806,-0.027628488838672638,0.015985289588570595,0.2657529413700104,0.963512659072876
28.769534500010195,-0.4929673671722412,0.8260936737060547,0.05893076956272125,-0.027545329183340073,0.015980489552021027,0.2654978632926941,0.963585376739502
28.77340330000152,-0.4929635524749756,0.8261296153068542,0.05894356593489647,-0.027364127337932587,0.016083909198641777,0.2653232216835022,0.9636369347572327
28.777822700008983,-0.4929666817188263,0.8261578679084778,0.05894935503602028,-0.02750435657799244,0.016175102442502975,0.26545989513397217,0.9635937809944153
28.78198450000491,-0.49296697974205017,0.8261844515800476,0.05894971638917923,-0.027603914961218834,0.01618262007832527,0.2655360996723175,0.9635697603225708
28.786121000011917,-0.49296867847442627,0.8262332677841187,0.05893956869840622,-0.027834508568048477,0.016083355993032455,0.26630187034606934,0.9633535146713257
28.790397100005066,-0.4929737448692322,0.8262556195259094,0.058939091861248016,-0.027872957289218903,0.016103558242321014,0.2661234140396118,0.9634013175964355
28.794289099998423,-0.49298012256622314,0.8262821435928345,0.05893004313111305,-0.028144005686044693,0.016090886667370796,0.26625731587409973,0.9633567333221436
28.798683000000892,-0.49298882484436035,0.8262989521026611,0.05892438068985939,-0.02822078764438629,0.016038507223129272,0.2662936747074127,0.9633452296257019
28.803719200004707,-0.4930020272731781,0.8263201117515564,0.05892479419708252,-0.028312161564826965,0.016024140641093254,0.2662803828716278,0.963346540927887
28.80742930000997,-0.49301496148109436,0.826341450214386,0.05892052501440048,-0.02859608456492424,0.01584717631340027,0.2666999101638794,0.9632250070571899
28.811067400005413,-0.4930409789085388,0.8263543844223022,0.05890040844678879,-0.028765415772795677,0.015495005995035172,0.2667803466320038,0.9632034301757812
28.815126500005135,-0.4930562973022461,0.826375424861908,0.05888643115758896,-0.028927044942975044,0.01555638387799263,0.2668822407722473,0.963169276714325
28.81923980001011,-0.49306997656822205,0.8264020681381226,0.05888748914003372,-0.028969908133149147,0.015489926561713219,0.266947865486145,0.9631509184837341
28.823419400010607,-0.4930758476257324,0.8264278769493103,0.05888086557388306,-0.02919881045818329,0.015361622907221317,0.2670194208621979,0.9631262421607971
28.82766310000443,-0.49308595061302185,0.8264578580856323,0.058872830122709274,-0.029242096468806267,0.015354934148490429,0.26703760027885437,0.9631199240684509
28.832040400011465,-0.4931071996688843,0.8264950513839722,0.05887884646654129,-0.028834721073508263,0.015329238958656788,0.2664279341697693,0.9633015394210815
28.83631040000182,-0.4930991530418396,0.8265491127967834,0.058891069144010544,-0.029669826850295067,0.015675928443670273,0.26694977283477783,0.963126003742218
28.840611999999965,-0.4931413233280182,0.8265445232391357,0.058883361518383026,-0.029165247455239296,0.015187742188572884,0.2668832242488861,0.9631677269935608
28.844516199998907,-0.4931345283985138,0.8266003727912903,0.05889904871582985,-0.0296469796448946,0.015532970428466797,0.2670600116252899,0.9630984663963318
28.849038100001053,-0.49315011501312256,0.8266363739967346,0.058908071368932724,-0.02980678342282772,0.015553420409560204,0.26714611053466797,0.9630693793296814
28.85319680000248,-0.4931642413139343,0.8266736268997192,0.05891886726021767,-0.02993420697748661,0.01551450602710247,0.2672354578971863,0.9630413055419922
28.85863600000448,-0.49317309260368347,0.8267112970352173,0.05892954021692276,-0.02998260408639908,0.01552865095436573,0.2671020030975342,0.9630765914916992
28.86271700001089,-0.4931804835796356,0.8267492055892944,0.05894013121724129,-0.030170874670147896,0.01546656433492899,0.2670896649360657,0.9630751609802246
28.86713120000786,-0.49319106340408325,0.8267917037010193,0.058949485421180725,-0.030303997918963432,0.015487181022763252,0.2669107913970947,0.96312016248703
28.871723300006124,-0.49320000410079956,0.826832115650177,0.05894612520933151,-0.03052358329296112,0.015528605319559574,0.26694774627685547,0.9631023406982422
28.875489600002766,-0.49320465326309204,0.8268682360649109,0.05893910303711891,-0.030647434294223785,0.01550715696066618,0.2668033838272095,0.9631387591362
28.880116200001794,-0.49321603775024414,0.826901912689209,0.058932796120643616,-0.030852651223540306,0.01554839313030243,0.26687830686569214,0.9631107449531555
28.883783099998254,-0.49324285984039307,0.8269410133361816,0.05891675502061844,-0.031223781406879425,0.015752170234918594,0.267524778842926,0.9629161953926086
28.888063899998087,-0.49325764179229736,0.8269887566566467,0.05892177298665047,-0.031787287443876266,0.016019124537706375,0.26749110221862793,0.9629026055335999
28.892295900004683,-0.49327346682548523,0.8270218372344971,0.05891573801636696,-0.03201180696487427,0.015953429043293,0.26758846640586853,0.9628692269325256
28.897200000006706,-0.49329257011413574,0.8270472288131714,0.05891138315200806,-0.03230951353907585,0.015902144834399223,0.2676582336425781,0.9628407955169678
28.90144539999892,-0.49331411719322205,0.8270752429962158,0.0589076466858387,-0.032489992678165436,0.01584000140428543,0.26770737767219543,0.9628220200538635
28.90572510000493,-0.49336087703704834,0.8271055221557617,0.05891824886202812,-0.032992295920848846,0.015573561191558838,0.26781219244003296,0.9627801179885864
28.910717400009162,-0.4934215545654297,0.8271477818489075,0.05890967696905136,-0.03331555426120758,0.015430391766130924,0.2679058313369751,0.9627453088760376
28.91532700000971,-0.49345505237579346,0.8271810412406921,0.05890455096960068,-0.03374992311000824,0.015334523282945156,0.26804646849632263,0.9626924991607666
28.91945570000098,-0.49349939823150635,0.8272092938423157,0.058901917189359665,-0.03411950543522835,0.015019635669887066,0.2681649625301361,0.9626514315605164
28.923524600002565,-0.4935458302497864,0.8272606134414673,0.058894895017147064,-0.03355121240019798,0.015081927180290222,0.2672773599624634,0.9629172682762146
28.9277010000078,-0.49357351660728455,0.8272733092308044,0.0589129775762558,-0.03373181074857712,0.015199634246528149,0.26759985089302063,0.9628195762634277
28.93271970000933,-0.4936099052429199,0.8273137807846069,0.058900099247694016,-0.03352591395378113,0.015045714564621449,0.2671927213668823,0.9629421830177307
28.93773340000189,-0.4936422109603882,0.8273549675941467,0.05890833958983421,-0.033859167248010635,0.014985952526330948,0.2672261595726013,0.9629222750663757
28.94114670000272,-0.4936777353286743,0.8273943066596985,0.0589023232460022,-0.03416426479816437,0.014810017310082912,0.26719745993614197,0.9629221558570862
28.944579600007273,-0.4937073290348053,0.8274397850036621,0.058900900185108185,-0.03455527126789093,0.01470381859689951,0.26724115014076233,0.9628977179527283
28.948952899998403,-0.49373313784599304,0.8274742960929871,0.058898016810417175,-0.0347558967769146,0.014687689952552319,0.26711922883987427,0.962924599647522
28.952715200008242,-0.49375349283218384,0.8275149464607239,0.05888567864894867,-0.0346815325319767,0.014716294594109058,0.26691004633903503,0.9629847407341003
28.95714320000843,-0.49377167224884033,0.8275538086891174,0.05888253450393677,-0.034841567277908325,0.014642581343650818,0.26699718832969666,0.9629559516906738
28.961220800003503,-0.49380046129226685,0.8275965452194214,0.05887480825185776,-0.034757282584905624,0.014774288050830364,0.26673993468284607,0.9630282521247864
28.965671900004963,-0.49382123351097107,0.8276384472846985,0.05886802449822426,-0.034951191395521164,0.0146787753328681,0.26694029569625854,0.9629672765731812
28.969530600006692,-0.4938492774963379,0.8276835083961487,0.05886292830109596,-0.0348825603723526,0.014697047881782055,0.2666662335395813,0.9630454182624817
28.973465800008853,-0.4938763678073883,0.8277218341827393,0.05885171890258789,-0.03495987877249718,0.01475213747471571,0.26650500297546387,0.9630863070487976
28.97802710000542,-0.493905246257782,0.8277594447135925,0.05882865563035011,-0.03519058600068092,0.014809390529990196,0.26689618825912476,0.9629687070846558
28.981793500002823,-0.4939263164997101,0.8277869820594788,0.058812666684389114,-0.03516966477036476,0.014788306318223476,0.2667872905731201,0.9629999995231628
28.985895600009826,-0.4939463138580322,0.8278149366378784,0.05879329890012741,-0.03529614955186844,0.014727299101650715,0.26687541604042053,0.9629718661308289
28.99009279999882,-0.4939684569835663,0.8278440237045288,0.05877475440502167,-0.035421013832092285,0.014763022772967815,0.2668265402317047,0.9629802703857422
28.994150099999388,-0.4939909875392914,0.8278729319572449,0.058759044855833054,-0.03552750125527382,0.014710145071148872,0.2669719159603119,0.9629368782043457
28.998468700010562,-0.4940146803855896,0.8278922438621521,0.058741677552461624,-0.03573884442448616,0.014659390784800053,0.2671131193637848,0.962890625
29.00262470000598,-0.494039922952652,0.8279213309288025,0.058727193623781204,-0.03563743829727173,0.014754993841052055,0.2670179307460785,0.9629194140434265
29.00698660001217,-0.49406757950782776,0.8279444575309753,0.05870690196752548,-0.035736870020627975,0.014719082042574883,0.2670251131057739,0.9629142880439758
29.01233240000147,-0.4940917491912842,0.8279637694358826,0.0586867481470108,-0.03583309426903725,0.014705401845276356,0.26694539189338684,0.9629330039024353
29.01579990000755,-0.4941192865371704,0.8279899954795837,0.0586717315018177,-0.03578970581293106,0.014762846753001213,0.26685062050819397,0.9629599452018738
29.01934820000315,-0.4941452741622925,0.8280191421508789,0.05864325165748596,-0.03616762161254883,0.014718342572450638,0.26709848642349243,0.9628778100013733
29.023519499998656,-0.494199275970459,0.8280260562896729,0.058618173003196716,-0.0366862490773201,0.014595757238566875,0.2674802541732788,0.9627540707588196
29.027674099997967,-0.494217187166214,0.828071653842926,0.058610089123249054,-0.03634508699178696,0.01492729876190424,0.2671187222003937,0.9628623723983765
29.032045500003733,-0.49426114559173584,0.8280762434005737,0.05858295038342476,-0.036730457097291946,0.014853175729513168,0.26746827363967896,0.9627517461776733
29.03611600000295,-0.4942891001701355,0.8281001448631287,0.058579221367836,-0.03673649951815605,0.014797625131905079,0.267483651638031,0.962748110294342
29.0412032000022,-0.4943293035030365,0.8281329870223999,0.05855635553598404,-0.036496322602033615,0.014655016362667084,0.2676845192909241,0.9627037048339844
29.045193300000392,-0.49435165524482727,0.8281521797180176,0.05854665860533714,-0.036386944353580475,0.014627840369939804,0.2675621807575226,0.9627421498298645
29.049152999999933,-0.4943780303001404,0.8281736969947815,0.05853503197431564,-0.03633522242307663,0.01458524726331234,0.26755210757255554,0.9627476334571838
29.053182200004812,-0.4944046437740326,0.8281944394111633,0.058529019355773926,-0.03643927723169327,0.014563912525773048,0.26761797070503235,0.9627256393432617
29.056801200000336,-0.49442675709724426,0.828216552734375,0.058517295867204666,-0.036308348178863525,0.014534946531057358,0.26747414469718933,0.9627710580825806
29.061430200003088,-0.4944499731063843,0.8282346129417419,0.05850132554769516,-0.0362466499209404,0.01449552271515131,0.2674359381198883,0.9627845287322998
29.065079799998784,-0.49446579813957214,0.8282594680786133,0.058488789945840836,-0.03623731806874275,0.014521599747240543,0.26715973019599915,0.9628612399101257
29.06943840000895,-0.49448123574256897,0.8282869458198547,0.05847231298685074,-0.03607088699936867,0.014471057802438736,0.2669181823730469,0.962935209274292
29.07359770000039,-0.49449020624160767,0.8283315300941467,0.058481257408857346,-0.0357668399810791,0.014634983614087105,0.26620790362358093,0.963140606880188
29.07761950000713,-0.49453672766685486,0.8283313512802124,0.058433301746845245,-0.03613550588488579,0.01417061872780323,0.26643481850624084,0.9630710482597351
29.08208690000174,-0.49454814195632935,0.828377902507782,0.05843571946024895,-0.03569339960813522,0.014232050627470016,0.2657129764556885,0.9632860422134399
29.086025900003733,-0.4945942759513855,0.8283809423446655,0.058402881026268005,-0.03612768277525902,0.014118671417236328,0.2660834491252899,0.963169276714325
29.090113800004474,-0.49462392926216125,0.8284100294113159,0.05838099867105484,-0.03586022928357124,0.014197340235114098,0.2654264271259308,0.9633594155311584
29.094502799998736,-0.4946841895580292,0.8284387588500977,0.0583668015897274,-0.03591741994023323,0.014246087521314621,0.26596590876579285,0.9632077217102051
29.099028500000713,-0.49472329020500183,0.8284565806388855,0.05836087465286255,-0.03594774007797241,0.014181028120219707,0.2658303380012512,0.9632450342178345
29.103529400003026,-0.49476924538612366,0.828478991985321,0.05835084244608879,-0.03580072149634361,0.014169312082231045,0.26550018787384033,0.9633417129516602
29.107697100000223,-0.4948118031024933,0.8284913301467896,0.05834226310253143,-0.03576983883976936,0.014126583933830261,0.2654779553413391,0.9633496403694153
29.111229900008766,-0.4948553144931793,0.8285070657730103,0.05833199992775917,-0.03588471934199333,0.014025493524968624,0.26560714840888977,0.9633112549781799
29.115350300009595,-0.49490123987197876,0.8285173177719116,0.058322012424468994,-0.0359201617538929,0.01393725723028183,0.2656441330909729,0.9633010029792786
29.119305500003975,-0.494956910610199,0.8285351395606995,0.058288849890232086,-0.03617893531918526,0.01358014065772295,0.26584142446517944,0.9632419347763062
29.123942600010196,-0.49500033259391785,0.8285592794418335,0.05829577147960663,-0.0358230359852314,0.013630357570946217,0.2653830647468567,0.9633809924125671
29.127676800009795,-0.4950447082519531,0.8285829424858093,0.0582856610417366,-0.036087822169065475,0.013543836772441864,0.2654462456703186,0.9633548855781555
29.131959100006497,-0.4950820505619049,0.8285980820655823,0.058275941759347916,-0.036213867366313934,0.01343294233083725,0.26559504866600037,0.963310718536377
29.136183300011908,-0.4951300621032715,0.8286057710647583,0.05826391279697418,-0.036414992064237595,0.01327074971050024,0.26556137204170227,0.9633145928382874
29.14011950000713,-0.4951719045639038,0.8286202549934387,0.05825725942850113,-0.03643898293375969,0.013155942782759666,0.2655235826969147,0.9633256793022156
29.1449055000121,-0.4952056407928467,0.8286267518997192,0.05826028436422348,-0.03675835207104683,0.013177118264138699,0.26581287384033203,0.9632335305213928
29.14853740000399,-0.495240181684494,0.8286515474319458,0.05825366452336311,-0.03680594637989998,0.013102376833558083,0.2659158706665039,0.9632042050361633
29.152977100005955,-0.49526703357696533,0.8286635279655457,0.058249346911907196,-0.036851342767477036,0.013094092719256878,0.26581573486328125,0.963230311870575
29.157083600002807,-0.4952932596206665,0.8286857604980469,0.058243170380592346,-0.03683352470397949,0.013040455058217049,0.2656508684158325,0.9632772207260132
29.161165199999232,-0.49531468749046326,0.8287029266357422,0.058241475373506546,-0.03695294260978699,0.013002968393266201,0.26552626490592957,0.9633074998855591
29.16520830000809,-0.4953395426273346,0.8287205100059509,0.05823785066604614,-0.03685875982046127,0.012996491976082325,0.26538509130477905,0.9633501172065735
29.169267500008573,-0.49536749720573425,0.8287436366081238,0.05825689062476158,-0.03687964007258415,0.012833657674491405,0.2655964493751526,0.9632932543754578
29.17333289999806,-0.4953804016113281,0.8287592530250549,0.058239176869392395,-0.03666381537914276,0.01304332073777914,0.26480764150619507,0.9635157585144043
29.178799800007255,-0.49540475010871887,0.8287807106971741,0.05825940892100334,-0.03664759546518326,0.012832053937017918,0.2651238441467285,0.9634321928024292
29.182170000000042,-0.49542152881622314,0.8287915587425232,0.058259978890419006,-0.036627668887376785,0.012764235027134418,0.2649094760417938,0.9634929299354553
29.186064699999406,-0.4954303205013275,0.8288002014160156,0.058257799595594406,-0.036625999957323074,0.012762883678078651,0.2648681104183197,0.9635043740272522
29.190175200012163,-0.49546489119529724,0.8288152813911438,0.05827578902244568,-0.03686240687966347,0.012568250298500061,0.26481160521507263,0.9635134339332581
29.19435990000784,-0.49548256397247314,0.8288237452507019,0.058273449540138245,-0.03705981746315956,0.012438265606760979,0.26495081186294556,0.9634692668914795
29.198640800008434,-0.4954893887042999,0.8288364410400391,0.058276280760765076,-0.03702549636363983,0.012466952204704285,0.26473990082740784,0.9635281562805176
29.202647400001297,-0.49550896883010864,0.8288469314575195,0.058281105011701584,-0.0368855819106102,0.012467920780181885,0.26460808515548706,0.9635697603225708
29.207589800003916,-0.49552643299102783,0.8288558125495911,0.05828326568007469,-0.03696620836853981,0.012387455441057682,0.2647838294506073,0.9635193943977356
29.213018399997964,-0.49555161595344543,0.8288680911064148,0.05828404426574707,-0.037080273032188416,0.012281971052289009,0.26485323905944824,0.9634972810745239
29.21685779999825,-0.495574414730072,0.8288818001747131,0.05828852951526642,-0.03706617280840874,0.012245411053299904,0.2648257911205292,0.9635058045387268
29.221181500004604,-0.4955969750881195,0.8288970589637756,0.058284077793359756,-0.03713012486696243,0.01230634842067957,0.26493844389915466,0.9634715914726257
29.225583000006736,-0.4956219792366028,0.8289081454277039,0.05828509479761124,-0.03712158650159836,0.012277956120669842,0.2649189233779907,0.9634776711463928
29.22950430000492,-0.4956439435482025,0.8289175033569336,0.058285217732191086,-0.03736862540245056,0.012240798212587833,0.26511162519454956,0.9634156227111816
29.233566499999142,-0.49567005038261414,0.8289346098899841,0.05827878415584564,-0.03734955936670303,0.01222129724919796,0.2650870382785797,0.9634233713150024
29.237914700002875,-0.49569159746170044,0.8289429545402527,0.05826609209179878,-0.03745511174201965,0.0122026726603508,0.2652302384376526,0.9633800983428955
29.24204350000946,-0.4957152009010315,0.8289573788642883,0.05825822055339813,-0.03768303245306015,0.012168806046247482,0.2652706503868103,0.9633604884147644
29.24648370000068,-0.49575075507164,0.828970193862915,0.058251868933439255,-0.037897609174251556,0.012194826267659664,0.26591289043426514,0.9631747007369995
29.250282000008156,-0.4957793056964874,0.8289855718612671,0.05824743211269379,-0.038006048649549484,0.012102624401450157,0.26637008786201477,0.9630451798439026
29.254900700005237,-0.4958004355430603,0.8289839625358582,0.05823554843664169,-0.03800429403781891,0.012181447818875313,0.26595911383628845,0.9631578922271729
29.259290900008637,-0.4958232343196869,0.828977108001709,0.05822437256574631,-0.03807016462087631,0.012205475009977818,0.2659282982349396,0.9631634950637817
29.267977000010433,-0.49587348103523254,0.8289797902107239,0.058216486126184464,-0.038311269134283066,0.012172870337963104,0.26601994037628174,0.9631289839744568
29.27422750000551,-0.495930939912796,0.8289912343025208,0.05823161453008652,-0.03840884193778038,0.012035648338496685,0.2663063704967499,0.9630477428436279
29.28380730000208,-0.49596861004829407,0.8289772868156433,0.05825241282582283,-0.03843988850712776,0.011948349885642529,0.26581451296806335,0.9631834030151367
29.28899570000067,-0.4959920644760132,0.8289715647697449,0.05827072262763977,-0.03854693844914436,0.011943941004574299,0.2658041715621948,0.9631820917129517
29.293912500012084,-0.49603456258773804,0.8289649486541748,0.0583084300160408,-0.038653891533613205,0.01175422128289938,0.26582738757133484,0.9631736874580383
29.29821420001099,-0.49605512619018555,0.8289633989334106,0.05832548812031746,-0.03850783035159111,0.011705892160534859,0.26560521125793457,0.963241457939148
29.30306850001216,-0.4960658848285675,0.8289618492126465,0.05833859741687775,-0.038496438413858414,0.01173123624175787,0.26554223895072937,0.9632589221000671
29.307177499998943,-0.49607527256011963,0.8289675712585449,0.05835548788309097,-0.03839736804366112,0.011663357727229595,0.26549845933914185,0.9632757902145386
29.31109390000347,-0.4960809350013733,0.8289661407470703,0.058361317962408066,-0.03854875639081001,0.01163950003683567,0.2655043303966522,0.9632684588432312
29.31516170001123,-0.4960884153842926,0.8289749622344971,0.058373987674713135,-0.0384177565574646,0.011706518009305,0.26533839106559753,0.9633185863494873
29.319322600000305,-0.4961005449295044,0.8289800882339478,0.05837884172797203,-0.03826260566711426,0.011784748174250126,0.26513412594795227,0.963379979133606
29.3240000000078,-0.4961108863353729,0.8289837837219238,0.05838627368211746,-0.038413528352975845,0.011710546910762787,0.26528695225715637,0.9633328318595886
29.328293500002474,-0.4961181879043579,0.8289952874183655,0.05838979408144951,-0.0382729172706604,0.011748925782740116,0.2651747167110443,0.9633688926696777
29.33220309999888,-0.49613380432128906,0.8290053606033325,0.05839778482913971,-0.03826107084751129,0.011851823888719082,0.26524651050567627,0.9633483290672302
29.335945800004993,-0.4961455166339874,0.829013466835022,0.05839828774333,-0.038249243050813675,0.011846314184367657,0.2651924788951874,0.9633637070655823
29.340151000011247,-0.49616193771362305,0.8290359377861023,0.058403659611940384,-0.03838479518890381,0.011792859062552452,0.2657272219657898,0.9632115960121155
29.34461490000831,-0.49617159366607666,0.8290348052978516,0.05839855223894119,-0.03835291415452957,0.011839850805699825,0.26530998945236206,0.9633272886276245
29.348487499999464,-0.4961909353733063,0.8290572166442871,0.05839575082063675,-0.03840230405330658,0.011771220713853836,0.26575589179992676,0.9632033109664917
29.352898600001936,-0.49619901180267334,0.8290513157844543,0.05838451534509659,-0.03844570741057396,0.01182458084076643,0.26526573300361633,0.9633359313011169
29.35682380000071,-0.4962135851383209,0.8290702700614929,0.058373965322971344,-0.03848833590745926,0.011804505251348019,0.265720009803772,0.9632092714309692
29.361367900011828,-0.496224045753479,0.8290721774101257,0.05835860222578049,-0.038587477058172226,0.01177387498319149,0.2658681273460388,0.9631648063659668
29.365933100008988,-0.4962310492992401,0.8290720582008362,0.05834096297621727,-0.03878646716475487,0.011693657375872135,0.2659856677055359,0.9631253480911255
29.371554500001366,-0.4962409436702728,0.8290806412696838,0.05832570791244507,-0.038780294358730316,0.011641502380371094,0.26600590348243713,0.963120698928833
29.377302400011104,-0.4962598383426666,0.8290804028511047,0.05827333405613899,-0.038851428776979446,0.011230284348130226,0.26601728796958923,0.963119626045227
29.381881699999212,-0.4962571859359741,0.8290911316871643,0.058259017765522,-0.03889789059758186,0.011190911754965782,0.2659951448440552,0.9631242752075195
29.386125400007586,-0.49627363681793213,0.8291041254997253,0.058215849101543427,-0.03849654644727707,0.01133813988417387,0.26545700430870056,0.9632871747016907
29.39040040000691,-0.4962448179721832,0.8291221857070923,0.0582149401307106,-0.03868255764245987,0.011272555217146873,0.265600323677063,0.963240921497345
29.39472989999922,-0.49624595046043396,0.8291268348693848,0.05817873403429985,-0.03852430731058121,0.011375178582966328,0.26524069905281067,0.9633452296257019
29.398703700004262,-0.49623700976371765,0.8291478753089905,0.05816160514950752,-0.03858938440680504,0.011320319958031178,0.26530513167381287,0.9633254408836365
29.402920900000026,-0.49621817469596863,0.8291743397712708,0.05813581869006157,-0.03855679929256439,0.01142872218042612,0.26521119475364685,0.963351309299469
29.40735150000546,-0.49616584181785583,0.8291983008384705,0.058147188276052475,-0.0387447290122509,0.011794858612120152,0.26531535387039185,0.963310718536377
29.4111441999994,-0.4961308538913727,0.8292211890220642,0.058122698217630386,-0.03859219327569008,0.011949015781283379,0.26517048478126526,0.9633548855781555
29.416205000001355,-0.4961135685443878,0.8292451500892639,0.05809333920478821,-0.03825373947620392,0.011639107018709183,0.26480624079704285,0.9634723663330078
29.419976300006965,-0.4960617125034332,0.8292747735977173,0.05809435620903969,-0.03817898780107498,0.012063353322446346,0.26474127173423767,0.9634878635406494
29.423705300010624,-0.496019184589386,0.8292893767356873,0.058067336678504944,-0.03819258511066437,0.0121900150552392,0.2648236155509949,0.9634631872177124
29.427852599998005,-0.49597224593162537,0.8293154239654541,0.05804463103413582,-0.038187142461538315,0.012254626490175724,0.2649393677711487,0.9634307622909546
29.432058800011873,-0.4959109425544739,0.8293349742889404,0.05802945792675018,-0.03832487389445305,0.01232093945145607,0.26518839597702026,0.9633559584617615
29.436288900004,-0.4958541691303253,0.8293673992156982,0.05800405517220497,-0.03848886489868164,0.012389429844915867,0.2653442621231079,0.9633055329322815
29.440149400004884,-0.49576395750045776,0.8294054269790649,0.05795353278517723,-0.03867607191205025,0.012557890266180038,0.2656106650829315,0.9632224440574646
29.44415680000384,-0.49568918347358704,0.8294439315795898,0.057909637689590454,-0.03859231248497963,0.01287673506885767,0.2652446925640106,0.9633224606513977
29.448666100011906,-0.4956097900867462,0.829492449760437,0.05788048729300499,-0.03861579671502113,0.013093646615743637,0.26508432626724243,0.9633626937866211
29.452837200005888,-0.4955025911331177,0.8295580148696899,0.05783795192837715,-0.038379330188035965,0.013329381123185158,0.2651471793651581,0.9633516669273376
29.45700970001053,-0.49541082978248596,0.8296270370483398,0.0578034445643425,-0.03834528475999832,0.013554370030760765,0.2651265561580658,0.963355541229248
29.461079900007462,-0.49529513716697693,0.8297131061553955,0.05773615092039108,-0.03963508456945419,0.013780367560684681,0.26565298438072205,0.9631550908088684
29.465257600008044,-0.4951854646205902,0.8298258185386658,0.05771445110440254,-0.039297111332416534,0.014155968092381954,0.2649416923522949,0.9633594155311584
29.469504799999413,-0.495076447725296,0.8299437761306763,0.057657793164253235,-0.03886241465806961,0.014445283450186253,0.2641625702381134,0.963586688041687
29.473450999998022,-0.4949481785297394,0.8300604224205017,0.057607199996709824,-0.038973599672317505,0.014694311656057835,0.26380980014801025,0.9636750221252441
29.477818500003195,-0.4947994351387024,0.8301939964294434,0.05755401402711868,-0.038995012640953064,0.015412167645990849,0.26349684596061707,0.9637485146522522
29.481743199998164,-0.4946264922618866,0.8303720355033875,0.05753485485911369,-0.03835470974445343,0.015414533205330372,0.2632637321949005,0.9638379216194153
29.486150500000804,-0.4944549798965454,0.8305278420448303,0.05747964605689049,-0.038384903222322464,0.015818322077393532,0.2626607418060303,0.9639946222305298
29.490400599999703,-0.4942553639411926,0.8306767344474792,0.05738900974392891,-0.03861350193619728,0.016308413818478584,0.26130157709121704,0.9643467664718628
29.494346200008295,-0.49402859807014465,0.8309248685836792,0.057351987808942795,-0.03942212834954262,0.01705094985663891,0.26073044538497925,0.964455783367157
29.498695900008897,-0.49381107091903687,0.8311485648155212,0.05725691840052605,-0.03986521437764168,0.017131630331277847,0.2611219584941864,0.9643301963806152
29.502822399997967,-0.4936061203479767,0.8313586115837097,0.057132136076688766,-0.040111642330884933,0.017548369243741035,0.26151788234710693,0.9642051458358765
29.507387400008156,-0.4933777153491974,0.8315932750701904,0.05704718083143234,-0.04020458087325096,0.01855749636888504,0.2614871859550476,0.964190661907196
29.511081400007242,-0.4931061863899231,0.8318638205528259,0.05697382986545563,-0.039910756051540375,0.019244588911533356,0.2609100639820099,0.9643458127975464
29.51543890000903,-0.4928107261657715,0.8321551084518433,0.056880172342061996,-0.04050198197364807,0.020553069189190865,0.26012542843818665,0.9645060300827026
29.519374299998162,-0.49256011843681335,0.8324538469314575,0.05681833252310753,-0.040836818516254425,0.021605703979730606,0.25946497917175293,0.9646468758583069
29.52359760001127,-0.4922637939453125,0.8327846527099609,0.05676128715276718,-0.04033074527978897,0.022739030420780182,0.2577471435070038,0.9651025533676147
29.527804600002128,-0.49197646975517273,0.8330696225166321,0.05666376277804375,-0.040851835161447525,0.023140953853726387,0.25745370984077454,0.9651493430137634
29.531907199998386,-0.4916292428970337,0.8334457874298096,0.05655765160918236,-0.04164857417345047,0.023509349673986435,0.2575494647026062,0.9650807976722717
29.535951900004875,-0.491286963224411,0.8337933421134949,0.056438226252794266,-0.04170485958456993,0.02455010637640953,0.25632941722869873,0.9653772711753845
29.54038849999779,-0.49093571305274963,0.8341663479804993,0.056389980018138885,-0.04265811666846275,0.025165531784296036,0.2566766142845154,0.9652275443077087
29.54441719999886,-0.4906025230884552,0.8345287442207336,0.05629291012883186,-0.04205415025353432,0.02579997107386589,0.2551645040512085,0.9656381607055664
29.548745400010375,-0.49023446440696716,0.8349394202232361,0.05616360530257225,-0.04209749028086662,0.02691188082098961,0.2547312378883362,0.9657202363014221
29.553049900001497,-0.48988184332847595,0.8353013396263123,0.056035399436950684,-0.04259148985147476,0.02805507183074951,0.25414180755615234,0.965821385383606
29.556764500011923,-0.48948729038238525,0.8357157111167908,0.05593490228056908,-0.04244459792971611,0.0294669009745121,0.25296568870544434,0.966094434261322
29.561186200007796,-0.4891209602355957,0.8361467719078064,0.05583372712135315,-0.04358261451125145,0.03012392856180668,0.2537384331226349,0.9658209085464478
29.565184200007934,-0.48871636390686035,0.8365187048912048,0.055717673152685165,-0.04337507113814354,0.030391493812203407,0.25258195400238037,0.966124951839447
29.571302500000456,-0.48831290006637573,0.8369479775428772,0.05560688301920891,-0.04386096075177193,0.03173371031880379,0.2524893283843994,0.9660840630531311
29.577054000008502,-0.4874917268753052,0.8378331065177917,0.055365629494190216,-0.04452879726886749,0.03339128941297531,0.2521715462207794,0.9660805463790894
29.581260100007057,-0.48705559968948364,0.8382477164268494,0.05523993447422981,-0.044641971588134766,0.034665778279304504,0.2516975700855255,0.9661540985107422
29.58554100000765,-0.4866308569908142,0.8387020230293274,0.05517401173710823,-0.04512352496385574,0.03525790199637413,0.2516630291938782,0.9661192893981934
29.58995040001173,-0.4861834645271301,0.8391234874725342,0.05505991354584694,-0.045997630804777145,0.0359717532992363,0.25198015570640564,0.9659690856933594
29.59453850000864,-0.48571690917015076,0.8395423293113708,0.054986122995615005,-0.04573962092399597,0.036815132945775986,0.2508387565612793,0.9662466645240784
29.59852949999913,-0.4852522611618042,0.840013325214386,0.05482488498091698,-0.04617363587021828,0.03844515234231949,0.25057870149612427,0.9662299752235413
29.604506800009403,-0.48480385541915894,0.8404588103294373,0.05473214387893677,-0.04583239555358887,0.03987672179937363,0.2498995065689087,0.9663641452789307
29.609260000012,-0.4843592047691345,0.8409078121185303,0.05467638373374939,-0.04632633551955223,0.04016069695353508,0.25156229734420776,0.965897262096405
29.612769400002435,-0.48388856649398804,0.8413406610488892,0.054540205746889114,-0.047040361911058426,0.04142076149582863,0.25135380029678345,0.965863823890686
29.617087899998296,-0.4833855926990509,0.8417712450027466,0.05445890873670578,-0.047118235379457474,0.04246409609913826,0.2510811984539032,0.965885579586029
29.621675000002142,-0.48287051916122437,0.8422291874885559,0.05437581613659859,-0.0471397340297699,0.04357731342315674,0.250169038772583,0.966071605682373
29.625792500009993,-0.48235511779785156,0.8426745533943176,0.0542488768696785,-0.04771621152758598,0.04470285400748253,0.25012698769569397,0.9660028219223022
29.629838300010306,-0.48188814520835876,0.8431235551834106,0.054161470383405685,-0.047865163534879684,0.04500071704387665,0.25095120072364807,0.9657678008079529
29.634103100004722,-0.48141780495643616,0.8435595631599426,0.05406396836042404,-0.04773024842143059,0.045758891850709915,0.25114160776138306,0.9656893014907837
29.638334900009795,-0.4809088408946991,0.8440651893615723,0.053966134786605835,-0.048202380537986755,0.0478244423866272,0.2506113350391388,0.965703547000885
29.642914900003234,-0.48041149973869324,0.8444806933403015,0.05382748693227768,-0.04831460863351822,0.0490538589656353,0.2501680850982666,0.9657512307167053
29.647349700011546,-0.4798468053340912,0.8449126482009888,0.053749047219753265,-0.04824083670973778,0.049811847507953644,0.24844865500926971,0.9661599397659302
29.650874900005874,-0.4793235659599304,0.8454082012176514,0.05371112376451492,-0.04907495900988579,0.04985572025179863,0.2490001767873764,0.9659736752510071
29.654708600006416,-0.4788355827331543,0.8458480834960938,0.05364833027124405,-0.04880262538790703,0.05088869854807854,0.24867895245552063,0.9660162925720215
29.658673300000373,-0.47833308577537537,0.8463484644889832,0.05350858345627785,-0.04969997704029083,0.052007220685482025,0.2498328536748886,0.9656131267547607
29.665484400000423,-0.4772975742816925,0.8472099304199219,0.05334562808275223,-0.049558449536561966,0.05372215807437897,0.2484201341867447,0.9658910036087036
29.669965799999773,-0.4767598807811737,0.8476754426956177,0.05331495404243469,-0.04970414191484451,0.05392060801386833,0.24772171676158905,0.9660517573356628
29.673648500000127,-0.4762340784072876,0.8480882048606873,0.053286634385585785,-0.04988177865743637,0.054715994745492935,0.24793198704719543,0.9659439325332642
29.677734000011696,-0.4757358729839325,0.8485162258148193,0.05320652574300766,-0.05038094148039818,0.05587991327047348,0.24860045313835144,0.9656795859336853
29.682025500005693,-0.475206583738327,0.8489697575569153,0.053151506930589676,-0.05046512559056282,0.05701449513435364,0.24852700531482697,0.9656278491020203
29.686305499999435,-0.47469720244407654,0.8493814468383789,0.05312509834766388,-0.0511569008231163,0.056687746196985245,0.25033700466156006,0.9651429057121277
29.69014170000446,-0.47410035133361816,0.8497900366783142,0.05313810706138611,-0.05061142146587372,0.05786830559372902,0.24871934950351715,0.9655198454856873
29.694313500003773,-0.4735877811908722,0.8501835465431213,0.05310170724987984,-0.05084937810897827,0.05872730910778046,0.2487797737121582,0.9654397964477539
29.69895470001211,-0.47306427359580994,0.8506196737289429,0.053096041083335876,-0.04960191994905472,0.059986937791109085,0.24763166904449463,0.9657225012779236
29.70274030001019,-0.47254419326782227,0.8510795831680298,0.05311337858438492,-0.0504511296749115,0.06013678386807442,0.24942608177661896,0.9652072191238403
29.707016600004863,-0.4719902575016022,0.8515025973320007,0.05310751870274544,-0.05085138604044914,0.06114288419485092,0.2498193234205246,0.9650213122367859
29.711026700009825,-0.47144028544425964,0.8519362211227417,0.05309225246310234,-0.05056675150990486,0.06205129623413086,0.24887435138225555,0.9652224183082581
29.71529140000348,-0.47086089849472046,0.8523750305175781,0.05314373970031738,-0.05077867954969406,0.06167123094201088,0.24978287518024445,0.9650008678436279
29.719618800008902,-0.4703389108181,0.8527798652648926,0.05312106013298035,-0.05028214305639267,0.06233459711074829,0.2486100047826767,0.9652870893478394
29.723434700004873,-0.4697677493095398,0.8532401323318481,0.05315693840384483,-0.051110945641994476,0.0639280155301094,0.24898512661457062,0.9650427103042603
29.72775590000674,-0.46926385164260864,0.8536478877067566,0.05314973369240761,-0.052219927310943604,0.06458962708711624,0.24943046271800995,0.9648241996765137
29.731879099999787,-0.46868690848350525,0.8540518283843994,0.053193140774965286,-0.051003359258174896,0.06482242047786713,0.24827508628368378,0.9651716351509094
29.737072600008105,-0.46813255548477173,0.8544934988021851,0.05322381108999252,-0.05210605636239052,0.06533458828926086,0.24941788613796234,0.9647834300994873
29.74121720000403,-0.4675537645816803,0.8549060821533203,0.05334238335490227,-0.0521065816283226,0.06640472263097763,0.24934643507003784,0.9647288918495178
29.745106200003647,-0.46700939536094666,0.8552905917167664,0.053368330001831055,-0.05200069025158882,0.06632520258426666,0.250226765871048,0.964512050151825
29.74938180000754,-0.4664551615715027,0.8557091355323792,0.05337509885430336,-0.0524820014834404,0.06734529882669449,0.24945123493671417,0.9646161794662476
29.753472199998214,-0.46588361263275146,0.8560933470726013,0.053448718041181564,-0.05299104005098343,0.06869260221719742,0.24914908409118652,0.9645714163780212
29.757233900003484,-0.4653690755367279,0.8565036058425903,0.05358801782131195,-0.05086833983659744,0.0685758963227272,0.2483035773038864,0.9649119973182678
29.76133639999898,-0.4648115634918213,0.8568835258483887,0.05368664488196373,-0.05157270282506943,0.06907419860363007,0.2493061125278473,0.9645804762840271
29.76522030000342,-0.4642162024974823,0.85716313123703,0.053702715784311295,-0.05413835123181343,0.06976324319839478,0.2502497732639313,0.9641458988189697
29.76954690000275,-0.46366944909095764,0.8574438691139221,0.05377459526062012,-0.05391944944858551,0.07094880193471909,0.25059738755226135,0.9639813303947449
29.773475499998312,-0.4630447328090668,0.857737123966217,0.053908996284008026,-0.05379241332411766,0.0710669755935669,0.250229150056839,0.9640753865242004
29.77780690000509,-0.46247217059135437,0.8580747842788696,0.05403931066393852,-0.053313370794057846,0.07136430591344833,0.2504357099533081,0.9640263319015503
29.78201650000119,-0.4619344472885132,0.8583642244338989,0.054152123630046844,-0.053926415741443634,0.0724470317363739,0.2510461211204529,0.9637527465820312
29.786192300001858,-0.4613625109195709,0.8586474657058716,0.05424472317099571,-0.05327296257019043,0.07392233610153198,0.2514760494232178,0.963564932346344
29.790348900001845,-0.46075552701950073,0.858913004398346,0.05441451817750931,-0.05367762967944145,0.07346910983324051,0.25224992632865906,0.9633747935295105
29.794329800002743,-0.460196316242218,0.8592169284820557,0.05457935109734535,-0.05358264967799187,0.07422129809856415,0.2524414658546448,0.963272213935852
29.798510400010855,-0.45959076285362244,0.859437108039856,0.054730113595724106,-0.052796296775341034,0.07619865983724594,0.25201016664505005,0.9632742404937744
29.802769400004763,-0.45903387665748596,0.8596856594085693,0.05487678572535515,-0.053538817912340164,0.07671650499105453,0.25300341844558716,0.962931752204895
29.807253000006313,-0.45839789509773254,0.8599690198898315,0.05508791282773018,-0.05329635366797447,0.07698895037174225,0.2533189654350281,0.9628404974937439
29.81160090000776,-0.45778751373291016,0.8601707816123962,0.05524138733744621,-0.05274972319602966,0.07778716832399368,0.2529328167438507,0.9629079103469849
29.815230400010478,-0.4571932554244995,0.8603836894035339,0.05540875345468521,-0.052966225892305374,0.07889360934495926,0.25377950072288513,0.9625832438468933
29.819372900004964,-0.45656758546829224,0.8606382012367249,0.05559719353914261,-0.05294320359826088,0.08013701438903809,0.25355255603790283,0.9625415205955505
29.82370050001191,-0.45597028732299805,0.8608716130256653,0.05577421188354492,-0.05241202190518379,0.08016026765108109,0.25392159819602966,0.9624713659286499
29.82770619999792,-0.45537465810775757,0.8611330986022949,0.05599363520741463,-0.05077682435512543,0.08083488792181015,0.25344836711883545,0.9626272916793823
29.83192450000206,-0.45477738976478577,0.8613917231559753,0.05618884414434433,-0.05038360506296158,0.08248167484998703,0.25261470675468445,0.9627274870872498
29.83627179999894,-0.4541488289833069,0.8614975214004517,0.05631937459111214,-0.05212051793932915,0.08243758231401443,0.2540844678878784,0.9622519016265869
29.840262700003223,-0.45351311564445496,0.8617316484451294,0.05648232251405716,-0.05216139554977417,0.08384436368942261,0.25355416536331177,0.9622679948806763
29.844312100001844,-0.45294302701950073,0.8620142936706543,0.05671156942844391,-0.05024067685008049,0.0851777046918869,0.25249573588371277,0.962531328201294
29.848373500004527,-0.45237040519714355,0.8622021675109863,0.056844569742679596,-0.0512663908302784,0.08555728197097778,0.2535504102706909,0.9621662497520447
29.85276770000928,-0.4517544209957123,0.8624371290206909,0.05708899348974228,-0.04963197931647301,0.08631131052970886,0.25242388248443604,0.9624808430671692
29.856751300001633,-0.45112526416778564,0.8626293540000916,0.05728470906615257,-0.048936884850263596,0.08784987777471542,0.25192415714263916,0.9625080823898315
29.860774200002197,-0.4505029320716858,0.8628035187721252,0.057461634278297424,-0.04906656965613365,0.08886466175317764,0.2517281472682953,0.9624595642089844
29.867368700011866,-0.4499225616455078,0.862976610660553,0.057618919759988785,-0.04928560182452202,0.08982902765274048,0.25222963094711304,0.9622276425361633
29.871192600010545,-0.44928818941116333,0.8631749153137207,0.05780201405286789,-0.04869316890835762,0.09050913155078888,0.252259224653244,0.9621862173080444
29.875373300004867,-0.4487040936946869,0.8633493185043335,0.05801175907254219,-0.04843972250819206,0.09173089265823364,0.2519540786743164,0.9621632695198059
29.879585400005453,-0.44810739159584045,0.8635023832321167,0.05820830538868904,-0.04807017371058464,0.09282534569501877,0.25110119581222534,0.9622998833656311
29.88352250000753,-0.4474537670612335,0.8636743426322937,0.05838220566511154,-0.04848993569612503,0.09331806749105453,0.25240784883499146,0.9618891477584839
29.88781580000068,-0.44683271646499634,0.8638830780982971,0.058572057634592056,-0.04850534349679947,0.09427433460950851,0.25279948115348816,0.9616922736167908
29.892172400010168,-0.4462088346481323,0.8640812635421753,0.058748457580804825,-0.04785463213920593,0.09570233523845673,0.25303032994270325,0.9615230560302734
29.896284000002197,-0.44555196166038513,0.8642394542694092,0.05894697457551956,-0.047581519931554794,0.09676383435726166,0.25318801403045654,0.9613889455795288
29.90049650000583,-0.4448765218257904,0.8644102811813354,0.05910810828208923,-0.04658215120434761,0.09804391115903854,0.251941978931427,0.9616354703903198
29.904395800011116,-0.4442445635795593,0.8646491169929504,0.05930670350790024,-0.04604140296578407,0.09901319444179535,0.25261184573173523,0.9613864421844482
29.908623700001044,-0.4435945153236389,0.8648509383201599,0.05946339666843414,-0.04588513821363449,0.10058668255805969,0.2536410093307495,0.9609594941139221
29.91241540000192,-0.4429108798503876,0.8650806546211243,0.059635527431964874,-0.04594628885388374,0.10212346166372299,0.2537170946598053,0.9607744812965393
29.916032300010556,-0.44221869111061096,0.8653276562690735,0.059826865792274475,-0.045468784868717194,0.10289961844682693,0.25349369645118713,0.960773229598999
29.91987670000526,-0.4414941668510437,0.8655531406402588,0.06003743037581444,-0.04524728283286095,0.10421965271234512,0.25511297583580017,0.9602127075195312
29.923485200008145,-0.44079115986824036,0.8657606244087219,0.06016717851161957,-0.04500698298215866,0.10600551217794418,0.25442591309547424,0.9602108001708984
29.927845700003672,-0.44007858633995056,0.8660075068473816,0.06031693518161774,-0.0448770634829998,0.10686703026294708,0.25401023030281067,0.960231363773346
29.93194680000306,-0.43930017948150635,0.8662216663360596,0.060462355613708496,-0.0442354641854763,0.10874827206134796,0.2541000247001648,0.9600261449813843
29.936481800003094,-0.43858802318573,0.8664649128913879,0.06064653769135475,-0.0446510948240757,0.10964988172054291,0.2555994391441345,0.9595062732696533
29.940089499999885,-0.4378456473350525,0.8667511343955994,0.06077636405825615,-0.04391815513372421,0.11108437925577164,0.2549278438091278,0.9595536589622498
29.944440500010387,-0.4370822310447693,0.866977870464325,0.06086459010839462,-0.04383895918726921,0.11215576529502869,0.2548985481262207,0.9594405293464661
29.948478500009514,-0.4363468289375305,0.8671624064445496,0.06099031865596771,-0.04488757625222206,0.11433811485767365,0.254199355840683,0.9593198895454407
29.952607300001546,-0.4355354309082031,0.8673751950263977,0.06112486869096756,-0.04360038787126541,0.11585469543933868,0.25449517369270325,0.9591188430786133
29.95693030000257,-0.4347883462905884,0.8675655722618103,0.061223600059747696,-0.04318893700838089,0.1169307604432106,0.2549216151237488,0.9588935375213623
29.961117300001206,-0.43403294682502747,0.8677813410758972,0.061301033943891525,-0.043964505195617676,0.1187143549323082,0.2547406852245331,0.9586872458457947
29.965135300008114,-0.43323814868927,0.8679696321487427,0.061414387077093124,-0.04322480037808418,0.12035015970468521,0.2550041079521179,0.9584468007087708
29.969347700010985,-0.43248215317726135,0.8681507706642151,0.06156935542821884,-0.04260125011205673,0.1217537596821785,0.2545612156391144,0.9584152102470398
29.97337669999979,-0.4316836893558502,0.8683347702026367,0.06167392432689667,-0.04251902177929878,0.12345706671476364,0.2552672326564789,0.9580131769180298
29.978062200010754,-0.4309387803077698,0.8684815764427185,0.061787184327840805,-0.043271299451589584,0.12500959634780884,0.25578242540359497,0.9576406478881836
29.98233579999942,-0.4301396608352661,0.8685784935951233,0.06191272288560867,-0.04154070466756821,0.1267794817686081,0.25400644540786743,0.9579572081565857
29.98600790000637,-0.429323673248291,0.8686928749084473,0.06201155483722687,-0.04081925004720688,0.12807299196720123,0.25443461537361145,0.9577025175094604
29.990393400003086,-0.4285513758659363,0.8688037991523743,0.06212550029158592,-0.04114297404885292,0.13010834157466888,0.25429344177246094,0.9574518203735352
29.9940753000119,-0.4285513758659363,0.8688037991523743,0.06212550029158592,-0.04114297404885292,0.13010834157466888,0.25429344177246094,0.9574518203735352
29.998528199997963,-0.42692142724990845,0.8690605759620667,0.06239546835422516,-0.03985290974378586,0.13238348066806793,0.2550138235092163,0.9570028185844421
30.00248740000825,-0.4261450171470642,0.8691088557243347,0.06249568611383438,-0.038795605301856995,0.1340310275554657,0.2550097703933716,0.9568179845809937
30.00670730001002,-0.42528918385505676,0.8691668510437012,0.06260726600885391,-0.03773786127567291,0.13641831278800964,0.25326433777809143,0.9569865465164185
30.011113200002,-0.4244595468044281,0.8692466616630554,0.0626831203699112,-0.0378028005361557,0.13769938051700592,0.2532804608345032,0.9567961692810059
30.01512090000324,-0.4236462414264679,0.8693219423294067,0.06275377422571182,-0.03763498738408089,0.13964277505874634,0.2529227137565613,0.956615686416626
30.019348300003912,-0.4227982759475708,0.8693834543228149,0.0628933310508728,-0.03777273744344711,0.1415042132139206,0.2534582018852234,0.9561949372291565
30.023415500007104,-0.42193302512168884,0.869416356086731,0.06297953426837921,-0.036003705114126205,0.14330381155014038,0.252171128988266,0.9563354849815369
30.027729400011594,-0.4210962653160095,0.8694848418235779,0.06305516511201859,-0.03463677316904068,0.14518561959266663,0.2511347830295563,0.9563747644424438
30.032000999999582,-0.4202449917793274,0.8695033192634583,0.06312797963619232,-0.03478521108627319,0.14664451777935028,0.2515227496623993,0.9560447931289673
30.036108500004048,-0.4194084703922272,0.8695793151855469,0.0632382333278656,-0.034669723361730576,0.1479756236076355,0.252285897731781,0.955642819404602
30.040340799998376,-0.41853997111320496,0.869570791721344,0.06330296397209167,-0.033910058438777924,0.15000495314598083,0.25200775265693665,0.9554270505905151
30.044313400008832,-0.4176693856716156,0.8695819973945618,0.0633677989244461,-0.03268161788582802,0.15209034085273743,0.25105127692222595,0.9553919434547424
30.048351000004914,-0.4168550968170166,0.8696014285087585,0.06342806667089462,-0.03222506493330002,0.1532680243253708,0.25068092346191406,0.9553164839744568
30.05259580000711,-0.41598212718963623,0.8696028590202332,0.06350439041852951,-0.03292611241340637,0.15581217408180237,0.2512528598308563,0.9547305703163147
30.057500200011418,-0.41515180468559265,0.86952143907547,0.06357218325138092,-0.031571343541145325,0.15701855719089508,0.2506759464740753,0.9547303915023804
30.06178080000973,-0.41426169872283936,0.8695391416549683,0.06364637613296509,-0.03034299425780773,0.15865662693977356,0.2499598264694214,0.9546871185302734
30.065681899999618,-0.41346654295921326,0.8695047497749329,0.06372476369142532,-0.02906714379787445,0.16057272255420685,0.24979819357395172,0.9544487595558167
30.069375300008687,-0.41264981031417847,0.8694508075714111,0.06374513357877731,-0.028414905071258545,0.16237469017505646,0.24948512017726898,0.954245388507843
30.07378950000566,-0.4117695987224579,0.8693645596504211,0.0638551339507103,-0.028941893950104713,0.1631133258342743,0.2507278621196747,0.9537777900695801
30.07774839999911,-0.41094475984573364,0.8692911267280579,0.06387247890233994,-0.027662480250000954,0.16556985676288605,0.2496495246887207,0.9536752700805664
30.082220600001165,-0.41014403104782104,0.869242787361145,0.06397891789674759,-0.026676181703805923,0.16705460846424103,0.24951842427253723,0.9534786939620972
30.08662460000778,-0.40927401185035706,0.8691330552101135,0.06407009810209274,-0.025328204035758972,0.16887350380420685,0.24897582828998566,0.9533369541168213
30.090588300008676,-0.4084625840187073,0.8690416812896729,0.06410554051399231,-0.02416740357875824,0.17009587585926056,0.24942120909690857,0.9530333280563354
30.09464380001009,-0.40764370560646057,0.8689296841621399,0.06418636441230774,-0.02408972755074501,0.17161323130130768,0.25073614716529846,0.9524180293083191
30.09878949999984,-0.4068045914173126,0.8687930703163147,0.06424098461866379,-0.02414098009467125,0.17289400100708008,0.24956892430782318,0.9524915814399719
30.102801300003193,-0.4059687852859497,0.8686498999595642,0.06431566178798676,-0.022349702194333076,0.17477042973041534,0.24843376874923706,0.9524896144866943
30.10741950001102,-0.40514254570007324,0.8685088753700256,0.06434337049722672,-0.021645881235599518,0.1765354424715042,0.24885016679763794,0.9520715475082397
30.111070300001302,-0.4043010473251343,0.8684092164039612,0.0644168108701706,-0.021234100684523582,0.1776297241449356,0.2491605579853058,0.9517961740493774
30.11719790000643,-0.40346473455429077,0.868231475353241,0.0645027682185173,-0.019671903923153877,0.17919476330280304,0.249297633767128,0.9515003561973572
30.121240799999214,-0.4026021361351013,0.8680477142333984,0.06456863880157471,-0.019137367606163025,0.18083249032497406,0.249014213681221,0.951275646686554
30.12525500000629,-0.4017837643623352,0.867874026298523,0.06456901133060455,-0.018561922013759613,0.18264085054397583,0.24893882870674133,0.9509612917900085
30.128881800003,-0.40089234709739685,0.8677287697792053,0.06466052681207657,-0.01775183156132698,0.1838332712650299,0.2490483820438385,0.9507182240486145
30.132718000008026,-0.40001899003982544,0.8675217032432556,0.06470584869384766,-0.016457950696349144,0.18517057597637177,0.24911366403102875,0.9504648447036743
30.13639040000271,-0.3992275893688202,0.867364227771759,0.06472328305244446,-0.01608116365969181,0.18671470880508423,0.24884970486164093,0.9502383470535278
30.140227900003083,-0.3983366787433624,0.8671709895133972,0.06482063233852386,-0.014639951288700104,0.18873098492622375,0.2486240267753601,0.9499223232269287
30.1444429000112,-0.39747878909111023,0.8669677376747131,0.06484848260879517,-0.013923768885433674,0.18989737331867218,0.24841172993183136,0.9497561454772949
30.148431900001015,-0.3965870141983032,0.8667809367179871,0.064834363758564,-0.013222004286944866,0.19233064353466034,0.24847392737865448,0.9492601156234741
30.152662699998473,-0.39574989676475525,0.8665887713432312,0.06487219035625458,-0.012576785869896412,0.1932171881198883,0.24825255572795868,0.9491468071937561
30.15680940001039,-0.39485201239585876,0.866372287273407,0.06493956595659256,-0.011347899213433266,0.1949344128370285,0.24745230376720428,0.9490201473236084
30.16049420001218,-0.39485201239585876,0.866372287273407,0.06493956595659256,-0.011347899213433266,0.1949344128370285,0.24745230376720428,0.9490201473236084
30.1640669000044,-0.39485201239585876,0.866372287273407,0.06493956595659256,-0.011347899213433266,0.1949344128370285,0.24745230376720428,0.9490201473236084
30.16750039999897,-0.39485201239585876,0.866372287273407,0.06493956595659256,-0.011347899213433266,0.1949344128370285,0.24745230376720428,0.9490201473236084
30.17447880000691,-0.39140069484710693,0.8655217885971069,0.06505277752876282,-0.007702184375375509,0.20188191533088684,0.24605070054531097,0.9479681253433228
30.17792790000385,-0.3905447721481323,0.8652830123901367,0.06508329510688782,-0.007153057958930731,0.20304712653160095,0.24690860509872437,0.9475003480911255
30.18182959999831,-0.3896489441394806,0.8650685548782349,0.06511276215314865,-0.005557972472161055,0.20538747310638428,0.24626635015010834,0.9471736550331116
30.186060699998052,-0.38881441950798035,0.8648666739463806,0.06510896980762482,-0.005470986012369394,0.20649433135986328,0.24631163477897644,0.946921706199646
30.190270999999484,-0.3878949284553528,0.8646109104156494,0.06515957415103912,-0.004039133433252573,0.20869624614715576,0.2456897646188736,0.946607768535614
30.194369400007417,-0.38708072900772095,0.8644152879714966,0.06518843024969101,-0.0031766986940056086,0.20939528942108154,0.24644319713115692,0.9462607502937317
30.19875920000777,-0.38618752360343933,0.8641849756240845,0.06520374119281769,-0.0015311308670789003,0.21159474551677704,0.24556797742843628,0.9460030794143677
30.20261420001043,-0.3853399157524109,0.8639517426490784,0.06521716713905334,-0.001718154875561595,0.21340888738632202,0.24455007910728455,0.945858895778656
30.207339400003548,-0.3844655156135559,0.8637271523475647,0.06523187458515167,-5.988970951875672e-05,0.21540972590446472,0.24355053901672363,0.9456647634506226
30.211025299999164,-0.3836163878440857,0.863513708114624,0.0652334988117218,0.0009501538588665426,0.21659882366657257,0.24333849549293518,0.9454472661018372
30.215190100003383,-0.3827282786369324,0.8632515668869019,0.06523764133453369,0.0023508104495704174,0.21886254847049713,0.24337683618068695,0.9449134469032288
30.219410100005916,-0.3818694055080414,0.863036036491394,0.06522846966981888,0.0029793637804687023,0.22093525528907776,0.24191033840179443,0.9448059797286987
30.223389899998438,-0.3809705972671509,0.8627957105636597,0.06518787145614624,0.004120595753192902,0.22232666611671448,0.2417168766260147,0.9445247054100037
30.22785140000633,-0.38007915019989014,0.8626003265380859,0.06515674293041229,0.004743583966046572,0.22390848398208618,0.24199919402599335,0.9440757632255554
30.231842699999106,-0.37918463349342346,0.8623753190040588,0.06511220335960388,0.006075956858694553,0.22553063929080963,0.24224863946437836,0.9436178207397461
30.236138500011293,-0.37827640771865845,0.8621389865875244,0.06510615348815918,0.005419052671641111,0.2267318218946457,0.2427714765071869,0.9431995749473572
30.240296200005105,-0.3773828446865082,0.8618932366371155,0.06504849344491959,0.007469088304787874,0.22903171181678772,0.2418193370103836,0.9428743720054626
30.244302700011758,-0.37646594643592834,0.8616311550140381,0.06494445353746414,0.0070943585596978664,0.22989247739315033,0.24368056654930115,0.9421883821487427
30.248679399999673,-0.375562459230423,0.8614312410354614,0.0649588331580162,0.007942289113998413,0.23150025308132172,0.2437470555305481,0.941770613193512
30.25277050001023,-0.3747001886367798,0.8611792922019958,0.0648813396692276,0.008044261485338211,0.2333287000656128,0.24309328198432922,0.9414874911308289
30.257015399998636,-0.37376368045806885,0.860930860042572,0.06483253091573715,0.00863092765212059,0.23533117771148682,0.24258239567279816,0.9411156177520752
30.26100860000588,-0.37292078137397766,0.8606681823730469,0.06477005034685135,0.009437729604542255,0.23702140152454376,0.24295124411582947,0.9405884146690369
30.265455000000657,-0.37200072407722473,0.8604099750518799,0.06472085416316986,0.01036126259714365,0.238847017288208,0.24357669055461884,0.939954936504364
30.269925400003558,-0.3711099326610565,0.860154390335083,0.06466419249773026,0.01135723665356636,0.24063046276569366,0.24167756736278534,0.9399787187576294
30.273941799998283,-0.37022289633750916,0.8598991632461548,0.06456798315048218,0.012195084244012833,0.24264425039291382,0.24201852083206177,0.9393625855445862
30.277683600012097,-0.37022289633750916,0.8598991632461548,0.06456798315048218,0.012195084244012833,0.24264425039291382,0.24201852083206177,0.9393625855445862
30.28182530000049,-0.36847028136253357,0.8593404293060303,0.06447269767522812,0.011332500725984573,0.24471154808998108,0.2451651245355606,0.9380202889442444
30.28593220000039,-0.3675803244113922,0.859079122543335,0.06439033150672913,0.012541982345283031,0.24728111922740936,0.2442607283592224,0.9375668168067932
30.290240800008178,-0.36669254302978516,0.8588188290596008,0.06435362249612808,0.013283251784741879,0.24928267300128937,0.243191197514534,0.9373044967651367
30.294270500002312,-0.36582326889038086,0.8585750460624695,0.06430061161518097,0.01419229619204998,0.25074252486228943,0.24361549317836761,0.9367914795875549
30.298934400008875,-0.36496999859809875,0.8583288788795471,0.064208023250103,0.01423878688365221,0.2535514533519745,0.24190166592597961,0.936478853225708
30.30303989999811,-0.3641088604927063,0.8580253720283508,0.06410910934209824,0.014256641268730164,0.25501570105552673,0.24228966236114502,0.935980498790741
30.30712670000503,-0.36321672797203064,0.8577596545219421,0.06403395533561707,0.016218146309256554,0.25865110754966736,0.24078935384750366,0.935338020324707
30.311250700004166,-0.36239269375801086,0.8574348092079163,0.06391763687133789,0.01602531224489212,0.2591345012187958,0.24233204126358032,0.9348089098930359
30.315178300006664,-0.36147311329841614,0.8571398258209229,0.06379830092191696,0.016943205147981644,0.26162150502204895,0.2421729862689972,0.9341410398483276
30.319369200005895,-0.36065274477005005,0.8568513989448547,0.06364615261554718,0.018084825947880745,0.264265775680542,0.2410896122455597,0.9336554408073425
30.32356260000961,-0.3598426580429077,0.8565620183944702,0.06356828659772873,0.0194633100181818,0.26654836535453796,0.2401607781648636,0.9332181215286255
30.327878700001747,-0.3590283989906311,0.8562827110290527,0.06346891075372696,0.020829126238822937,0.26865866780281067,0.23934908211231232,0.9327918887138367
30.332102800006396,-0.35817110538482666,0.8560018539428711,0.06340169906616211,0.020317602902650833,0.2712726294994354,0.2387378066778183,0.9322031736373901
30.33601160001126,-0.35737788677215576,0.8556855916976929,0.06325000524520874,0.0216132253408432,0.2735910415649414,0.23729892075061798,0.9318638443946838
30.34189680000418,-0.356595516204834,0.8554027080535889,0.06318201869726181,0.022890541702508926,0.27638760209083557,0.2372438758611679,0.9310216307640076
30.346061600008397,-0.3557966947555542,0.8550698757171631,0.06309196352958679,0.02232828550040722,0.27765539288520813,0.2385648638010025,0.9303202033042908
30.35069520000252,-0.3549869954586029,0.8547090291976929,0.06298735737800598,0.023997511714696884,0.28006553649902344,0.23734645545482635,0.9298677444458008
30.354459499998484,-0.3542700707912445,0.854418158531189,0.06291473656892776,0.024577505886554718,0.2822018265724182,0.23711717128753662,0.929265022277832
30.359127100004116,-0.35350823402404785,0.8541421890258789,0.06289320439100266,0.025692429393529892,0.285323828458786,0.2360542267560959,0.9285519123077393
30.362883499998134,-0.3527797758579254,0.8537971377372742,0.06277742236852646,0.02725892700254917,0.2874774932861328,0.23521055281162262,0.9280569553375244
30.366975800003274,-0.35201629996299744,0.8534675240516663,0.06270873546600342,0.02754024602472782,0.2895861864089966,0.23459479212760925,0.9275487661361694
30.37116780001088,-0.3512919843196869,0.8531555533409119,0.06267476081848145,0.02785862423479557,0.29135662317276,0.2332765758037567,0.9273173213005066
30.375231700003496,-0.3505742847919464,0.8527778387069702,0.06255508959293365,0.030511779710650444,0.29405125975608826,0.23279690742492676,0.9265033602714539
30.379081400009454,-0.3505742847919464,0.8527778387069702,0.06255508959293365,0.030511779710650444,0.29405125975608826,0.23279690742492676,0.9265033602714539
30.382625500002177,-0.3505742847919464,0.8527778387069702,0.06255508959293365,0.030511779710650444,0.29405125975608826,0.23279690742492676,0.9265033602714539
30.38632140000118,-0.3505742847919464,0.8527778387069702,0.06255508959293365,0.030511779710650444,0.29405125975608826,0.23279690742492676,0.9265033602714539
30.392138399998657,-0.3477913439273834,0.8513285517692566,0.06227323040366173,0.033136166632175446,0.3022967576980591,0.2313869446516037,0.924109697341919
30.39631460000237,-0.34708088636398315,0.8509679436683655,0.06218433380126953,0.03401020169258118,0.30491402745246887,0.23044349253177643,0.9234535694122314
30.39975520000735,-0.34708088636398315,0.8509679436683655,0.06218433380126953,0.03401020169258118,0.30491402745246887,0.23044349253177643,0.9234535694122314
30.40305890000309,-0.34708088636398315,0.8509679436683655,0.06218433380126953,0.03401020169258118,0.30491402745246887,0.23044349253177643,0.9234535694122314
30.407462300005136,-0.345111221075058,0.849797248840332,0.06195291876792908,0.036494672298431396,0.3126089870929718,0.22818531095981598,0.9213442802429199
30.411126100007095,-0.34445497393608093,0.849358856678009,0.061862360686063766,0.037867724895477295,0.31443145871162415,0.22738617658615112,0.9208661317825317
30.415436499999487,-0.3438263237476349,0.8489845991134644,0.061797965317964554,0.039281073957681656,0.31736353039741516,0.2246980220079422,0.9204608798027039
30.419611100005568,-0.34320032596588135,0.8486289978027344,0.06172305718064308,0.03950907662510872,0.31986331939697266,0.2244558036327362,0.9196445941925049
30.423566900004516,-0.34256789088249207,0.8482491970062256,0.06164403259754181,0.04126758500933647,0.3223452866077423,0.2228754609823227,0.919084906578064
30.42832370000542,-0.34194767475128174,0.8478438854217529,0.06153980270028114,0.04171992838382721,0.32435569167137146,0.22139611840248108,0.918714702129364
30.431997500010766,-0.3413245975971222,0.8474088907241821,0.06145421043038368,0.04305069521069527,0.32744142413139343,0.21899044513702393,0.9181351065635681
30.436207100006868,-0.340720534324646,0.8469657897949219,0.06138645112514496,0.04348595067858696,0.3296322524547577,0.21847549080848694,0.9174530506134033
30.440338000000338,-0.34017589688301086,0.8465580940246582,0.06135021895170212,0.04437637701630592,0.33077386021614075,0.21911124885082245,0.9168477058410645
30.44443770000362,-0.3395645320415497,0.846131443977356,0.06128808856010437,0.04478158801794052,0.3331826627254486,0.2176486700773239,0.9163039922714233
30.448598700008006,-0.33897098898887634,0.8457099199295044,0.061275728046894073,0.04591646417975426,0.33589833974838257,0.21576721966266632,0.915701150894165
30.45288330000767,-0.33845484256744385,0.8452491164207458,0.06119045242667198,0.046877019107341766,0.33850550651550293,0.21423889696598053,0.9150509834289551
30.45770579999953,-0.33791500329971313,0.8447842001914978,0.06113772839307785,0.04850229248404503,0.3406885862350464,0.21336500346660614,0.914359986782074
30.461454600008437,-0.3373833894729614,0.844298779964447,0.061068326234817505,0.04985132813453674,0.34281066060066223,0.2112559825181961,0.9139840006828308
30.465289700005087,-0.33678826689720154,0.8438372015953064,0.061051469296216965,0.05051986500620842,0.3453235924243927,0.21079117059707642,0.913108229637146
30.469711600002483,-0.3363014757633209,0.8434180617332458,0.06101924180984497,0.05159325152635574,0.34694162011146545,0.2107190042734146,0.9124512076377869
30.473714400010067,-0.33581438660621643,0.8429646492004395,0.060982584953308105,0.053422391414642334,0.34910112619400024,0.20961157977581024,0.9117770195007324
30.47795810000389,-0.3352997601032257,0.8424716591835022,0.06095079705119133,0.055486541241407394,0.35176822543144226,0.20769010484218597,0.9110681414604187
30.482683900001575,-0.3347746431827545,0.8419806361198425,0.060948602855205536,0.056472282856702805,0.3542019724845886,0.20497100055217743,0.91068035364151
30.486161799999536,-0.3343023657798767,0.841539740562439,0.060945045202970505,0.05756217613816261,0.35653576254844666,0.2040010690689087,0.9099189639091492
30.490941299998667,-0.33382031321525574,0.8410924673080444,0.06088132783770561,0.05829581618309021,0.3586532771587372,0.20425258576869965,0.9089831709861755
30.49449199999799,-0.3333766758441925,0.8406473994255066,0.060820579528808594,0.0601094625890255,0.3609558343887329,0.20315039157867432,0.9082002639770508
30.4993461999984,-0.3329356014728546,0.8401966691017151,0.06079410761594772,0.06149132177233696,0.3629072904586792,0.20192234218120575,0.9076037406921387
30.502848200005246,-0.33244064450263977,0.8397995233535767,0.06080082431435585,0.062251463532447815,0.36571502685546875,0.1993812918663025,0.9069864153862
30.506947700007004,-0.33201828598976135,0.8393930792808533,0.06074517220258713,0.06275731325149536,0.36757251620292664,0.19779124855995178,0.9065487384796143
30.51138510000601,-0.3316037654876709,0.838985025882721,0.06067582964897156,0.06396719813346863,0.3697304129600525,0.19671952724456787,0.9058195948600769
30.515166700002737,-0.3311671018600464,0.8385708928108215,0.06064518541097641,0.06426644325256348,0.37207698822021484,0.19618424773216248,0.9049531817436218
30.51951270000427,-0.330806702375412,0.8381606340408325,0.06057383492588997,0.06456053256988525,0.37367209792137146,0.1956261843442917,0.9043956995010376
30.523515599998063,-0.3304194509983063,0.8378036618232727,0.06053334102034569,0.06462888419628143,0.3756483793258667,0.19454705715179443,0.9038046598434448
30.52783440001076,-0.3300279676914215,0.8373860120773315,0.060491129755973816,0.0661257803440094,0.378323495388031,0.19131465256214142,0.903270423412323
30.532090100008645,-0.32964378595352173,0.8370187878608704,0.06049182265996933,0.06664183735847473,0.38038474321365356,0.18965649604797363,0.9027163982391357
30.536009900009958,-0.3292909562587738,0.8366451859474182,0.06043815240263939,0.06736211478710175,0.38226065039634705,0.18785981833934784,0.9022459983825684
30.54067380000197,-0.32897335290908813,0.8362662196159363,0.06040957570075989,0.06774847209453583,0.3837893009185791,0.18652378022670746,0.9018452763557434
30.544759800002794,-0.3286359906196594,0.8358830809593201,0.06040012091398239,0.06874454766511917,0.385509729385376,0.18577808141708374,0.9011898040771484
30.550468100002035,-0.3282606303691864,0.8355298638343811,0.0604076124727726,0.06946486234664917,0.38727089762687683,0.18610002100467682,0.900312602519989
30.554456600002595,-0.3279222249984741,0.835179328918457,0.06046754866838455,0.07049601525068283,0.3896619975566864,0.18433992564678192,0.8995624780654907
30.558695700005046,-0.3276560604572296,0.8347803950309753,0.060485076159238815,0.07191329449415207,0.3909793794155121,0.18262286484241486,0.8992289304733276
30.562827000001562,-0.32733333110809326,0.8343876600265503,0.06049058586359024,0.07264216989278793,0.39256489276885986,0.18137569725513458,0.8987318277359009
30.567026900011115,-0.3270316421985626,0.8340144753456116,0.0604897141456604,0.07346897572278976,0.3942795693874359,0.17930778861045837,0.8983287811279297
30.571049700010917,-0.32678738236427307,0.833684504032135,0.06052645295858383,0.07405383139848709,0.3954707682132721,0.17842306196689606,0.8979333639144897
30.57584570000472,-0.3265298902988434,0.833341121673584,0.060593921691179276,0.07455558329820633,0.39680731296539307,0.1786762923002243,0.8972514867782593
30.582107800000813,-0.326017826795578,0.8325908184051514,0.060716331005096436,0.07773122936487198,0.3998492658138275,0.1775795966386795,0.8958481550216675
30.585986899997806,-0.32576701045036316,0.8322477340698242,0.06080321595072746,0.07806681841611862,0.401021271944046,0.17740888893604279,0.8953287601470947
30.590322800009744,-0.3255476653575897,0.8318763375282288,0.060862500220537186,0.07876738905906677,0.4026397168636322,0.17566657066345215,0.8948845267295837
30.594401900001685,-0.32534390687942505,0.8315396904945374,0.06092849373817444,0.0793612003326416,0.40387701988220215,0.17482419312000275,0.8944393396377563
30.59765470000275,-0.32534390687942505,0.8315396904945374,0.06092849373817444,0.0793612003326416,0.40387701988220215,0.17482419312000275,0.8944393396377563
30.60449920000974,-0.3249633312225342,0.8308681845664978,0.061055660247802734,0.08181481063365936,0.40603893995285034,0.173192098736763,0.8935565948486328
30.608781400005682,-0.3247528076171875,0.8305342793464661,0.06113472208380699,0.08232060074806213,0.40739676356315613,0.17405042052268982,0.8927249908447266
30.612707000007504,-0.32453644275665283,0.8302145004272461,0.06121516972780228,0.08348608016967773,0.40876954793930054,0.17347657680511475,0.8921005725860596
30.616803299999447,-0.3243352770805359,0.8298801779747009,0.061312515288591385,0.08429069817066193,0.4094594120979309,0.17334875464439392,0.8917332887649536
30.620400300002075,-0.3241763710975647,0.8295478820800781,0.061400406062603,0.08493983745574951,0.4105345606803894,0.17251300811767578,0.8913394212722778
30.623978200004785,-0.3240169286727905,0.8292408585548401,0.06143805757164955,0.08563152700662613,0.4116984009742737,0.17118620872497559,0.8909921646118164
30.627711900000577,-0.32384559512138367,0.8289373517036438,0.061500731855630875,0.08583980053663254,0.4128435552120209,0.17024770379066467,0.8906220197677612
30.631806400007918,-0.3237002491950989,0.8286577463150024,0.06155078485608101,0.08623094111680984,0.41392016410827637,0.16960087418556213,0.890207827091217
30.636264200002188,-0.3235298991203308,0.8283714056015015,0.06159257888793945,0.08675535023212433,0.4151720106601715,0.16906201839447021,0.8896762132644653
30.64065919999848,-0.3233676552772522,0.8280521631240845,0.06163566932082176,0.08777996152639389,0.4163387417793274,0.16868728399276733,0.8891013860702515
30.64445720000367,-0.3232240080833435,0.8277822136878967,0.061711352318525314,0.08863641321659088,0.4169689118862152,0.1691606044769287,0.8886310458183289
30.648455000002286,-0.3230803608894348,0.8275487422943115,0.06181284040212631,0.08891001343727112,0.41788074374198914,0.16915127635002136,0.8881770968437195
30.652710200010915,-0.32294291257858276,0.8273130655288696,0.0618697926402092,0.08941005170345306,0.4187347888946533,0.16863888502120972,0.8878220319747925
30.65677770000184,-0.32279467582702637,0.8270428776741028,0.06194767728447914,0.09012899547815323,0.42007026076316833,0.1674475222826004,0.8873438835144043
30.660897699999623,-0.3226623833179474,0.8267769813537598,0.062025561928749084,0.09085658937692642,0.4211088716983795,0.16627676784992218,0.8869974613189697
30.665372400006163,-0.3225323259830475,0.8264992237091064,0.062135111540555954,0.0913410633802414,0.42197903990745544,0.1646299809217453,0.886841356754303
30.67546410000068,-0.32228654623031616,0.8259973526000977,0.06232332065701485,0.09254447370767593,0.42401039600372314,0.1636471301317215,0.8859290480613708
30.67975770001067,-0.32217708230018616,0.825743556022644,0.06239011883735657,0.09308144450187683,0.42449548840522766,0.16365011036396027,0.8856399655342102
30.68396940000821,-0.32209426164627075,0.825512170791626,0.062461838126182556,0.09385184943675995,0.42522376775741577,0.16336770355701447,0.8852613568305969
30.68801950001216,-0.3220239281654358,0.825284481048584,0.06254759430885315,0.09427133202552795,0.4256018400192261,0.16378237307071686,0.8849583864212036
30.691848400005256,-0.3219548463821411,0.8250598907470703,0.06264191120862961,0.09471289813518524,0.42621514201164246,0.1638321876525879,0.8846068382263184
30.69734630000312,-0.3218837082386017,0.8248227834701538,0.06278470158576965,0.09563335031270981,0.4271653890609741,0.16280409693717957,0.8842392563819885
30.70293230000243,-0.3217080533504486,0.8243528008460999,0.06303460150957108,0.09723105281591415,0.42870789766311646,0.16062624752521515,0.8837164640426636
30.70730330000515,-0.32164570689201355,0.8241056799888611,0.06315231323242188,0.09761185944080353,0.4293462038040161,0.16012465953826904,0.8834556341171265
30.71108130000357,-0.3215790390968323,0.8238858580589294,0.06324481964111328,0.09813438355922699,0.43007951974868774,0.1592981368303299,0.8831904530525208
30.71520690000034,-0.32153040170669556,0.8236665725708008,0.06331302225589752,0.09899414330720901,0.43087637424468994,0.15817540884017944,0.8829079270362854
30.719373500003712,-0.3214695155620575,0.8234703540802002,0.06339467316865921,0.09918907284736633,0.43165576457977295,0.15773534774780273,0.8825839161872864
30.723446500007412,-0.32141348719596863,0.8232898712158203,0.06347046792507172,0.09936372935771942,0.4324449598789215,0.1576932668685913,0.8821853399276733
30.728578300011577,-0.3213714063167572,0.8230972290039062,0.06355758756399155,0.0993938073515892,0.43277689814567566,0.1588508039712906,0.8818114399909973
30.73261020000791,-0.32133087515830994,0.8229092359542847,0.06365485489368439,0.09996195882558823,0.4335249960422516,0.159125417470932,0.881330132484436
30.736155200007488,-0.32129740715026855,0.8227192163467407,0.06375811994075775,0.10034894198179245,0.43421870470046997,0.15941019356250763,0.8808930516242981
30.740336200004094,-0.32128289341926575,0.8225212097167969,0.06385058909654617,0.10171333700418472,0.43488016724586487,0.15847007930278778,0.880579948425293
30.744369899999583,-0.3212670385837555,0.8223499655723572,0.06395147740840912,0.10228681564331055,0.4355680048465729,0.15802007913589478,0.880254328250885
30.748688200008473,-0.3212582468986511,0.822170615196228,0.06405539810657501,0.10310650616884232,0.43593254685401917,0.1574881374835968,0.8800734877586365
30.753290000007837,-0.3212489187717438,0.8219612836837769,0.0641837865114212,0.10371332615613937,0.43662622570991516,0.15636684000492096,0.8798583149909973
30.75681610000902,-0.3212442994117737,0.8217968940734863,0.06429900228977203,0.10406506061553955,0.43718135356903076,0.15586908161640167,0.8796293139457703
30.76114349999989,-0.3212282657623291,0.8216035962104797,0.06439017504453659,0.1050843745470047,0.43817219138145447,0.15394891798496246,0.8793532848358154
30.765112400011276,-0.321212500333786,0.8214578628540039,0.06451361626386642,0.10541487485170364,0.43906348943710327,0.15270739793777466,0.8790855407714844
30.769481399998767,-0.3211941421031952,0.8213156461715698,0.06464223563671112,0.10538139939308167,0.43988707661628723,0.15227149426937103,0.8787534832954407
30.773532500010333,-0.32120347023010254,0.8211547136306763,0.06474394351243973,0.10579006373882294,0.44016939401626587,0.15298683941364288,0.8784385919570923
30.777708200010238,-0.3212013840675354,0.8209869861602783,0.06487742066383362,0.10639363527297974,0.4407922923564911,0.1530652493238449,0.8780396580696106
30.781914200008032,-0.32121798396110535,0.8208125233650208,0.06500120460987091,0.10703243315219879,0.44148239493370056,0.1531633585691452,0.8775980472564697
30.78599830000894,-0.3212466835975647,0.8206028938293457,0.06510747969150543,0.10785917192697525,0.44193708896636963,0.15294016897678375,0.8773069381713867
30.790875200007576,-0.3212699890136719,0.8203904628753662,0.0652439296245575,0.10867102444171906,0.4426654875278473,0.15240566432476044,0.8769323825836182
30.79473580000922,-0.32130610942840576,0.8202072978019714,0.06539173424243927,0.1094663068652153,0.44290417432785034,0.1522035449743271,0.8767480850219727
30.798451300011948,-0.3213373124599457,0.8200265765190125,0.0655163824558258,0.1099543496966362,0.4435480237007141,0.15173009037971497,0.8764435052871704
30.802802899997914,-0.32139572501182556,0.8198808431625366,0.06562202423810959,0.1104753389954567,0.44414258003234863,0.15165388584136963,0.8760899901390076
30.806993200007128,-0.3214499056339264,0.8197183609008789,0.06573811918497086,0.11141487210988998,0.4448884427547455,0.15101461112499237,0.875702977180481
30.811612100005732,-0.3215141296386719,0.8195754885673523,0.06584744155406952,0.11168918013572693,0.44536545872688293,0.15127770602703094,0.8753800988197327
30.81742900000245,-0.3215741217136383,0.819434642791748,0.06598202139139175,0.11196507513523102,0.44587576389312744,0.1514572948217392,0.875053882598877
30.820965100007015,-0.3216494619846344,0.8192832469940186,0.06611207127571106,0.11232423037290573,0.4467257559299469,0.1510087102651596,0.8746517896652222
30.82445650000591,-0.3217236399650574,0.8191286325454712,0.06622305512428284,0.11315179616212845,0.44737863540649414,0.15018200874328613,0.8743537068367004
30.827824300009524,-0.32178735733032227,0.8189801573753357,0.06633972376585007,0.11349331587553024,0.448062926530838,0.14970242977142334,0.8740411996841431
30.832500500007882,-0.32185715436935425,0.8188329935073853,0.0664587914943695,0.11370262503623962,0.4487956166267395,0.14922338724136353,0.8737200498580933
30.836052500002552,-0.3219031095504761,0.8186801075935364,0.0665958970785141,0.11436634510755539,0.4492456018924713,0.14856217801570892,0.8735147714614868
30.84025660000043,-0.32195985317230225,0.8185350298881531,0.06671152263879776,0.1150229349732399,0.4500962197780609,0.14735712110996246,0.8731947541236877
30.844378900001175,-0.322037935256958,0.8183907270431519,0.06682436168193817,0.11516011506319046,0.4502573311328888,0.14750196039676666,0.8730691075325012
30.848406500008423,-0.3221052289009094,0.8182612061500549,0.06690576672554016,0.11555173993110657,0.45089811086654663,0.14710812270641327,0.8727530241012573
30.85260740001104,-0.3221709132194519,0.8181309700012207,0.06699662655591965,0.11605607718229294,0.45128417015075684,0.14709599316120148,0.8724886178970337
30.856621800005087,-0.3222360908985138,0.8180156946182251,0.06708415597677231,0.1163037046790123,0.45177462697029114,0.14722932875156403,0.8721792697906494
30.86083070001041,-0.3223179280757904,0.817908525466919,0.06718031316995621,0.11673480272293091,0.4525030851364136,0.14661991596221924,0.871846616268158
30.865090200008126,-0.3223932981491089,0.8177769184112549,0.06727923452854156,0.11742518842220306,0.4532563090324402,0.14585155248641968,0.871491551399231
30.869342600009986,-0.32248127460479736,0.8176541924476624,0.06738175451755524,0.11823713779449463,0.45390427112579346,0.14534983038902283,0.8711281418800354
30.874312500003725,-0.322564035654068,0.8175491094589233,0.06750036776065826,0.11866626888513565,0.45460912585258484,0.14502428472042084,0.8707564473152161
30.879518800007645,-0.3226398527622223,0.8174436092376709,0.0675995945930481,0.11905612051486969,0.45531919598579407,0.14469780027866364,0.8703864812850952
30.883560900008888,-0.3227119445800781,0.8173357844352722,0.06770739704370499,0.11953824013471603,0.45613306760787964,0.14415961503982544,0.8699834942817688
30.88704719999805,-0.3227880895137787,0.81723552942276,0.06782709062099457,0.12016542255878448,0.4568364918231964,0.14348521828651428,0.8696393966674805
30.890672200010158,-0.322855144739151,0.8171520829200745,0.06793047487735748,0.12048850208520889,0.45755359530448914,0.14303913712501526,0.8692911267280579
30.894809000004898,-0.3229244649410248,0.817057192325592,0.06804615259170532,0.1206127405166626,0.4582754075527191,0.1425061821937561,0.8689811825752258
30.89880570000969,-0.32298457622528076,0.8169940710067749,0.0681852325797081,0.12147647142410278,0.4591503441333771,0.14169330894947052,0.8685317635536194
30.902850300000864,-0.32308223843574524,0.8168946504592896,0.06827067583799362,0.12153002619743347,0.45924827456474304,0.14237219095230103,0.8683614730834961
30.907042800012277,-0.3231412172317505,0.8168244957923889,0.06838896870613098,0.12170527130365372,0.46025165915489197,0.1410447359085083,0.8680222630500793
30.911118600008194,-0.32322436571121216,0.8167437314987183,0.06849714368581772,0.12198319286108017,0.46096330881118774,0.14032885432243347,0.867721676826477
30.915431200002786,-0.3232983946800232,0.8166749477386475,0.06860430538654327,0.12232039123773575,0.4616844058036804,0.13974148035049438,0.8673854470252991
30.919538300004206,-0.3233785331249237,0.8165729641914368,0.06873659789562225,0.12260597944259644,0.462600439786911,0.13934485614299774,0.8669207692146301
30.923443899999256,-0.3234609365463257,0.8165019154548645,0.06885938346385956,0.12291678786277771,0.4634820222854614,0.1382851004600525,0.8665754795074463
30.92772240001068,-0.32353881001472473,0.8164035081863403,0.06899350136518478,0.12357629835605621,0.4643087089061737,0.13742828369140625,0.8661754131317139
30.932025100002647,-0.3236202895641327,0.8163379430770874,0.0691274106502533,0.12387166917324066,0.46496331691741943,0.13714943826198578,0.8658261895179749
30.93612959999882,-0.32368674874305725,0.8162697553634644,0.0692354217171669,0.12434638291597366,0.4655225872993469,0.13677506148815155,0.8655168414115906
30.940225300000748,-0.3237515985965729,0.8162192106246948,0.06934568285942078,0.12500938773155212,0.46623292565345764,0.1363496333360672,0.865105926990509
30.944320300011896,-0.32380351424217224,0.8161837458610535,0.06947165727615356,0.12551748752593994,0.4668431282043457,0.1363602727651596,0.8647015690803528
30.948607700003777,-0.3238697350025177,0.8161253333091736,0.06959523260593414,0.12615026533603668,0.46741539239883423,0.13569708168506622,0.864404559135437
30.952908000006573,-0.32392647862434387,0.8160892128944397,0.06970887631177902,0.12655851244926453,0.4681291878223419,0.13522818684577942,0.8640320301055908
30.956898300006287,-0.3239906430244446,0.816007673740387,0.06981943547725677,0.1271909475326538,0.4686450660228729,0.13494063913822174,0.8637043833732605
30.96175490001042,-0.32404211163520813,0.8159857392311096,0.06995434314012527,0.12726753950119019,0.4692036211490631,0.13490048050880432,0.8633961081504822
30.96517809999932,-0.3241179287433624,0.8159485459327698,0.07006727904081345,0.1275947540998459,0.4698132276535034,0.13441063463687897,0.8630926609039307
30.969296499999473,-0.3241657614707947,0.8158990144729614,0.0701964870095253,0.1283920258283615,0.47049760818481445,0.13374222815036774,0.8627053499221802
30.973450600009528,-0.3242157995700836,0.81587815284729,0.0703241303563118,0.1286667287349701,0.47096872329711914,0.13404779136180878,0.8623599410057068
30.978169000009075,-0.32424861192703247,0.8158524036407471,0.07048935443162918,0.12871550023555756,0.4717566668987274,0.13371069729328156,0.8619741201400757
30.981812700003502,-0.3242965340614319,0.8158410787582397,0.07061998546123505,0.12901519238948822,0.47250881791114807,0.1333765685558319,0.8615689873695374
30.98602280000341,-0.3243638575077057,0.8158142566680908,0.07076440006494522,0.12939541041851044,0.4732378423213959,0.1333569437265396,0.8611147403717041
30.99030240000866,-0.3244306743144989,0.815813422203064,0.07089872658252716,0.12970763444900513,0.4740390479564667,0.13311898708343506,0.8606638312339783
30.99378030000662,-0.3244306743144989,0.815813422203064,0.07089872658252716,0.12970763444900513,0.4740390479564667,0.13311898708343506,0.8606638312339783
30.99919650000811,-0.32453465461730957,0.8158223032951355,0.07119709998369217,0.13056764006614685,0.47529682517051697,0.1333121508359909,0.8598098158836365
31.00302260000899,-0.32457947731018066,0.8158374428749084,0.07132429629564285,0.13109639286994934,0.475957989692688,0.13288041949272156,0.8594304323196411
31.011195300001418,-0.3246551752090454,0.8158771395683289,0.07159215956926346,0.13146185874938965,0.47721877694129944,0.13216012716293335,0.8587861657142639
31.015143399999943,-0.32470017671585083,0.8159056901931763,0.07170389592647552,0.13172370195388794,0.4778197705745697,0.13170798122882843,0.8584812879562378
31.01946000001044,-0.3247421383857727,0.815936803817749,0.0718340203166008,0.13190709054470062,0.47822487354278564,0.13145244121551514,0.8582667112350464
31.023703700004262,-0.3247793912887573,0.8159741163253784,0.07195059955120087,0.13217873871326447,0.478849321603775,0.13110114634037018,0.8579304218292236
31.02770690000034,-0.32482150197029114,0.8160125017166138,0.07206927984952927,0.13243527710437775,0.47948840260505676,0.1306585818529129,0.8576013445854187
31.031967100003385,-0.32484546303749084,0.816073477268219,0.0722108855843544,0.13298974931240082,0.48028862476348877,0.13008521497249603,0.8571547865867615
31.036156300004222,-0.3248822093009949,0.8161213994026184,0.07232856750488281,0.13332192599773407,0.4807767868041992,0.13021761178970337,0.8568094372749329
31.040296400009538,-0.3249216079711914,0.8161704540252686,0.07244955748319626,0.13368159532546997,0.48127481341362,0.13043095171451569,0.8564411997795105
31.04432140001154,-0.3249705135822296,0.8162209391593933,0.07257737964391708,0.13448865711688995,0.4816734492778778,0.13036450743675232,0.8561007976531982
31.048488100001123,-0.32500243186950684,0.8162814974784851,0.07271111011505127,0.13473276793956757,0.4822794795036316,0.1301880180835724,0.8557480573654175
31.052780099998927,-0.3250426948070526,0.8163309097290039,0.07284248620271683,0.13471254706382751,0.4827989339828491,0.12996143102645874,0.8554927110671997
31.05680360000406,-0.3250853717327118,0.8163907527923584,0.07297823578119278,0.13500232994556427,0.48314350843429565,0.12949307262897491,0.8553234934806824
31.061126100001275,-0.3251382112503052,0.8164568543434143,0.07310616225004196,0.13507547974586487,0.48354360461235046,0.12927831709384918,0.8551183342933655
31.065096200007247,-0.32519418001174927,0.8165359497070312,0.07325784862041473,0.13506174087524414,0.48394775390625,0.12892025709152222,0.8549458980560303
31.06931830001122,-0.3252565264701843,0.8165926337242126,0.07340534031391144,0.13524292409420013,0.4842936098575592,0.12893424928188324,0.8547192811965942
31.07343000000401,-0.3253265917301178,0.816652774810791,0.07354582101106644,0.13517355918884277,0.4844113886356354,0.12963327765464783,0.8545577526092529
31.077524300009827,-0.32539501786231995,0.8167374134063721,0.07371587306261063,0.13526049256324768,0.48486045002937317,0.12959645688533783,0.8542948365211487
31.082051600009436,-0.3254753053188324,0.8168073296546936,0.07388070225715637,0.13529305160045624,0.48518556356430054,0.1300695389509201,0.8540332317352295
31.086055799998576,-0.3255401849746704,0.8168797492980957,0.07408277690410614,0.13571660220623016,0.48534613847732544,0.1308101862668991,0.853761613368988
31.09015509999881,-0.3256106972694397,0.8169496655464172,0.07426833361387253,0.1355011761188507,0.48554372787475586,0.13094252347946167,0.8536631464958191
31.094428700002027,-0.32568830251693726,0.8170269131660461,0.07444223016500473,0.13555431365966797,0.48589614033699036,0.13062530755996704,0.8535027503967285
31.098477600011392,-0.3257710039615631,0.8171128034591675,0.07462552934885025,0.1355840414762497,0.4862412214279175,0.13034826517105103,0.8533439040184021
31.10305590000644,-0.32585811614990234,0.8171847462654114,0.07482682168483734,0.13546223938465118,0.48663437366485596,0.12972630560398102,0.8532338738441467
31.1107794999989,-0.32604825496673584,0.8173603415489197,0.07528646290302277,0.13514582812786102,0.4864383041858673,0.12974022328853607,0.8533937335014343
31.11709410000185,-0.3261473476886749,0.8174379467964172,0.07549256831407547,0.1351938396692276,0.4864675998687744,0.13004940748214722,0.8533223867416382
31.12188970000716,-0.32626888155937195,0.817516565322876,0.07572107017040253,0.13542184233665466,0.4864887297153473,0.1303669810295105,0.8532257080078125
31.128766300011193,-0.32652348279953003,0.8176546096801758,0.07616576552391052,0.1349983960390091,0.48641422390937805,0.130449116230011,0.8533227443695068
31.13279760000296,-0.32665568590164185,0.8177338242530823,0.07639271020889282,0.13503997027873993,0.4864250123500824,0.13008873164653778,0.8533650040626526
31.13652600000205,-0.3267784118652344,0.8178178071975708,0.07663683593273163,0.1347564458847046,0.48637858033180237,0.13020771741867065,0.8534181714057922
31.140140000003157,-0.3269021213054657,0.8178977966308594,0.07687346637248993,0.1347132921218872,0.48639097809791565,0.12982161343097687,0.8534767031669617
31.14462380000623,-0.32702934741973877,0.8179569244384766,0.07709312438964844,0.13462324440479279,0.48637568950653076,0.12995745241641998,0.8534789085388184
31.148798700000043,-0.3271573781967163,0.8180424571037292,0.07732219994068146,0.13480164110660553,0.4862286448478699,0.1308700293302536,0.8533951640129089
31.152896200001123,-0.32727938890457153,0.8181185722351074,0.0775439515709877,0.13443727791309357,0.4861180782318115,0.13115344941616058,0.8534720540046692
31.15733810000529,-0.3274243175983429,0.8181824684143066,0.07777629047632217,0.1341588944196701,0.48620185256004333,0.13117952644824982,0.8534641861915588
31.1612243999989,-0.3275519013404846,0.8182457089424133,0.07800120115280151,0.13373801112174988,0.48620107769966125,0.1313638985157013,0.8535022735595703
31.16527440000209,-0.32767534255981445,0.8183405995368958,0.07823842763900757,0.13278928399085999,0.4861568510532379,0.1317204385995865,0.8536206483840942
31.16929830001027,-0.3278311491012573,0.8183675408363342,0.07845494896173477,0.13372798264026642,0.4865337908267975,0.13060131669044495,0.8534312844276428
31.173521500008064,-0.3279531002044678,0.818442165851593,0.07865999639034271,0.133195698261261,0.4864261746406555,0.1312067210674286,0.8534830212593079
31.17901000000711,-0.32806485891342163,0.8184908628463745,0.07890231162309647,0.13409700989723206,0.48646315932273865,0.1302345246076584,0.853469729423523
31.182840200010105,-0.32806485891342163,0.8184908628463745,0.07890231162309647,0.13409700989723206,0.48646315932273865,0.1302345246076584,0.853469729423523
31.186547999997856,-0.3283405900001526,0.8185937404632568,0.07933863252401352,0.13372386991977692,0.486409455537796,0.12967637181282043,0.8536438345909119
31.190182999998797,-0.3284892439842224,0.8186706304550171,0.07956887781620026,0.1328742504119873,0.4859851002693176,0.12984836101531982,0.8539919853210449
31.194324000010965,-0.3286231756210327,0.8187327980995178,0.0797940269112587,0.13240617513656616,0.4854990839958191,0.13017262518405914,0.8542916774749756
31.198608400009107,-0.3287583887577057,0.8187870979309082,0.0800030380487442,0.13228803873062134,0.48536190390586853,0.12977495789527893,0.8544484376907349
31.202662100011366,-0.3288654088973999,0.8188360929489136,0.08023799955844879,0.13231000304222107,0.4856540262699127,0.1289268136024475,0.8544074892997742
31.206986900011543,-0.32897379994392395,0.8188773393630981,0.08043553680181503,0.13219253718852997,0.4856094717979431,0.12911666929721832,0.8544223308563232
31.21139490000496,-0.3290749788284302,0.8189224600791931,0.08065912872552872,0.1320442259311676,0.48547276854515076,0.1293877810239792,0.8544819355010986
31.217934200001764,-0.32917338609695435,0.8189231157302856,0.0808645635843277,0.132170632481575,0.48561176657676697,0.12915213406085968,0.8544189929962158
31.222910100012086,-0.3293634355068207,0.8189869523048401,0.08124221861362457,0.13184930384159088,0.48562952876091003,0.12921065092086792,0.8544497489929199
31.227732300001662,-0.32945024967193604,0.8190239667892456,0.08144576847553253,0.1314251720905304,0.48569345474243164,0.12921716272830963,0.8544777631759644
31.2317466000095,-0.32955214381217957,0.8190789222717285,0.08164390176534653,0.13163253664970398,0.4857487380504608,0.12892240285873413,0.8544589281082153
31.2360575000057,-0.32963964343070984,0.8191072344779968,0.08183422684669495,0.1315266340970993,0.4857521653175354,0.12879589200019836,0.8544923663139343
31.240267500004848,-0.3297334909439087,0.8191251158714294,0.0820455476641655,0.13148657977581024,0.4855336546897888,0.12886226177215576,0.8546127080917358
31.244266100009554,-0.3298303782939911,0.8191341757774353,0.08225622028112411,0.1317359358072281,0.48512232303619385,0.1284993290901184,0.8548625707626343
31.248527000003378,-0.32991278171539307,0.8191560506820679,0.08245506882667542,0.1317092776298523,0.4850250780582428,0.12852011620998383,0.8549186587333679
31.252506400007405,-0.3300043046474457,0.8191750645637512,0.0826546922326088,0.13182267546653748,0.4849581718444824,0.12858138978481293,0.8549298644065857
31.256623000008403,-0.33008742332458496,0.8191933035850525,0.08285027742385864,0.13174791634082794,0.48487067222595215,0.1286582201719284,0.8549795746803284
31.260861400005524,-0.3301573097705841,0.819225013256073,0.08308286964893341,0.13140428066253662,0.4848836660385132,0.1288425475358963,0.8549972772598267
31.26497640000889,-0.33023905754089355,0.8192412853240967,0.08329889923334122,0.1311718076467514,0.4848034381866455,0.12883703410625458,0.8550792336463928
31.269738400005735,-0.33033549785614014,0.819263219833374,0.08351915329694748,0.1315426230430603,0.4846479892730713,0.12920032441616058,0.8550556302070618
31.273474800007534,-0.33042654395103455,0.8192588686943054,0.08374053239822388,0.1315946727991104,0.4844549298286438,0.12955932319164276,0.8551027178764343
31.277681999999913,-0.3304974436759949,0.8192808628082275,0.08393937349319458,0.13177122175693512,0.48463937640190125,0.12906533479690552,0.8550456762313843
31.282285200009937,-0.33054766058921814,0.8192947506904602,0.08417770266532898,0.1315518170595169,0.48454487323760986,0.1290992796421051,0.8551278710365295
31.286587399998098,-0.3306066393852234,0.819322407245636,0.08438531309366226,0.13157641887664795,0.4843636453151703,0.1295352727174759,0.8551608324050903
31.290760700008832,-0.33068084716796875,0.8193325996398926,0.08462163805961609,0.13177239894866943,0.4838430881500244,0.13034695386886597,0.8553020358085632
31.29466990000219,-0.3307209610939026,0.8193535208702087,0.08481548726558685,0.13174697756767273,0.48375827074050903,0.13057772815227509,0.8553187847137451
31.299005400011083,-0.3307565450668335,0.8193733096122742,0.08501076698303223,0.13174386322498322,0.48388510942459106,0.13025103509426117,0.855297327041626
31.302747400011867,-0.33076807856559753,0.819416880607605,0.08523853123188019,0.1317119002342224,0.4841936230659485,0.1291264295578003,0.8552981615066528
31.306924300006358,-0.330795556306839,0.8194416165351868,0.08541835844516754,0.1320410817861557,0.48447558283805847,0.12840768694877625,0.8551959991455078
31.310993400009465,-0.3308310806751251,0.8194587230682373,0.0855916291475296,0.1324959397315979,0.4847203195095062,0.1276763677597046,0.8550963401794434
31.315093600002,-0.33086735010147095,0.8194827437400818,0.08578549325466156,0.1326201856136322,0.48476338386535645,0.1277407854795456,0.8550431132316589
31.31929189999937,-0.3308815360069275,0.8195177316665649,0.08597534894943237,0.1329260915517807,0.48503199219703674,0.12704280018806458,0.8549473285675049
31.323440100008156,-0.3308887183666229,0.8195482492446899,0.08614656329154968,0.1329963505268097,0.48520103096961975,0.12688390910625458,0.8548639416694641
31.327960100010387,-0.33089083433151245,0.819588303565979,0.08634103834629059,0.13298234343528748,0.4851483106613159,0.12720514833927155,0.854848325252533
31.33204249999835,-0.3308766484260559,0.8196370601654053,0.08653969317674637,0.13323751091957092,0.48522189259529114,0.1275581419467926,0.8547142148017883
31.336345500007155,-0.33085086941719055,0.8196883201599121,0.08673107624053955,0.13296231627464294,0.48503315448760986,0.12803302705287933,0.8547931909561157
31.340340000009746,-0.33083996176719666,0.8197214007377625,0.08689281344413757,0.13299481570720673,0.4851415753364563,0.12779346108436584,0.8547624349594116
31.344498999998905,-0.3308194577693939,0.8197587728500366,0.08706219494342804,0.1329209953546524,0.4852451682090759,0.12763124704360962,0.8547393679618835
31.348566700005904,-0.33079466223716736,0.8197861909866333,0.08723961561918259,0.13262759149074554,0.485565721988678,0.1268453747034073,0.854719877243042
31.352824500005227,-0.330761194229126,0.8198251724243164,0.08743511885404587,0.13217061758041382,0.48537278175354004,0.12691323459148407,0.8548901677131653
31.35714750000625,-0.3307131230831146,0.8198844790458679,0.087596096098423,0.13233016431331635,0.4857046902179718,0.12716925144195557,0.8546388745307922
31.361164000001736,-0.3306730389595032,0.8199217915534973,0.08775864541530609,0.13232208788394928,0.48586803674697876,0.12724551558494568,0.8545359969139099
31.365211000011186,-0.3306223750114441,0.8199662566184998,0.08795208483934402,0.13251498341560364,0.48633289337158203,0.12593229115009308,0.8544361591339111
31.36929560000135,-0.3305887281894684,0.8200069069862366,0.08811948448419571,0.13241027295589447,0.4865702986717224,0.12529273331165314,0.854411244392395
31.37371910001093,-0.33055993914604187,0.8200518488883972,0.08828512579202652,0.13250277936458588,0.4867900311946869,0.12512953579425812,0.8542957305908203
31.37809750001179,-0.330512136220932,0.820099413394928,0.08845037966966629,0.1323898434638977,0.48690178990364075,0.12519419193267822,0.8542400002479553
31.381849199999124,-0.33046430349349976,0.8201492428779602,0.08861958980560303,0.1321788728237152,0.48689189553260803,0.1254766434431076,0.854236900806427
31.38607820001198,-0.33042141795158386,0.8201957941055298,0.08879468590021133,0.13246311247348785,0.4868295192718506,0.12565022706985474,0.8542028665542603
31.390313000010792,-0.33035439252853394,0.8202640414237976,0.08897056430578232,0.13196171820163727,0.4870459735393524,0.12622036039829254,0.8540730476379395
31.395357100002002,-0.3302978575229645,0.8203227519989014,0.08914823085069656,0.13207624852657318,0.48697301745414734,0.1263502836227417,0.8540777564048767
31.39899190000142,-0.3302419185638428,0.8203632831573486,0.08930495381355286,0.13201798498630524,0.48709988594055176,0.1263587474822998,0.8540131449699402
31.40355620000628,-0.33018049597740173,0.8203909993171692,0.08948568999767303,0.1319567710161209,0.4869672358036041,0.12623640894889832,0.8541163206100464
31.407437600006233,-0.3301118016242981,0.8204219341278076,0.0896524041891098,0.13198578357696533,0.4872343838214874,0.12597686052322388,0.8539977669715881
31.41125760000432,-0.3300535976886749,0.8204765319824219,0.08982988446950912,0.13203871250152588,0.4871302545070648,0.12647366523742676,0.8539755940437317
31.415409900000668,-0.32998931407928467,0.8205203413963318,0.09000315517187119,0.1324436217546463,0.48758554458618164,0.12556615471839905,0.8537869453430176
31.419740000012098,-0.32992860674858093,0.8205416798591614,0.09015640616416931,0.13247762620449066,0.48765498399734497,0.12591318786144257,0.8536908626556396
31.423766200008686,-0.3298736810684204,0.8205689787864685,0.09031309187412262,0.13255387544631958,0.48801708221435547,0.12519529461860657,0.853577733039856
31.4282940000121,-0.32980096340179443,0.8205891847610474,0.09047345072031021,0.13267426192760468,0.48841461539268494,0.12485454231500626,0.8533815145492554
31.432105800005957,-0.32974016666412354,0.8206080198287964,0.0906238779425621,0.13266485929489136,0.48847144842147827,0.12507575750350952,0.8533180356025696
31.436900000000605,-0.32968825101852417,0.8206303119659424,0.09077494591474533,0.13281677663326263,0.4885322153568268,0.12526117265224457,0.8532325029373169
31.440931900011492,-0.32961997389793396,0.8206624388694763,0.09094927459955215,0.13232527673244476,0.4885439872741699,0.1259598284959793,0.8531992435455322
31.4484916000074,-0.3294861614704132,0.8207154870033264,0.09132523834705353,0.13234958052635193,0.4881381690502167,0.12684530019760132,0.8532965183258057
31.452677799999947,-0.32942622900009155,0.8207244277000427,0.09149786829948425,0.1324116736650467,0.4882034659385681,0.1268707811832428,0.8532458543777466
31.456992300009006,-0.3293572664260864,0.8207199573516846,0.09169415384531021,0.1323687732219696,0.48808953166007996,0.1271243393421173,0.8532798886299133
31.46117900000536,-0.329300194978714,0.8207176327705383,0.09184499084949493,0.1325651854276657,0.4881881773471832,0.12702132761478424,0.8532083630561829
31.464689200001885,-0.329300194978714,0.8207176327705383,0.09184499084949493,0.1325651854276657,0.4881881773471832,0.12702132761478424,0.8532083630561829
31.469097000008333,-0.3291454315185547,0.8207044005393982,0.09219769388437271,0.1329684853553772,0.4886610805988312,0.125174418091774,0.8531478047370911
31.473263500010944,-0.32905903458595276,0.8206877708435059,0.09240507334470749,0.13368770480155945,0.48879262804985046,0.1250312775373459,0.8529809713363647
31.47769359999802,-0.3289860785007477,0.8206700086593628,0.09257327020168304,0.13404913246631622,0.488744854927063,0.12509901821613312,0.8529416918754578
31.481953800001065,-0.32891353964805603,0.8206364512443542,0.09274950623512268,0.1341935396194458,0.4885496199131012,0.12496322393417358,0.8530507683753967
31.485980000012205,-0.3288324177265167,0.820597231388092,0.09291447699069977,0.1344338059425354,0.48839113116264343,0.12492956966161728,0.8531085848808289
31.49019120000594,-0.32873085141181946,0.8205748796463013,0.09308340400457382,0.13446307182312012,0.48832377791404724,0.12528745830059052,0.8530901074409485
31.49424500000896,-0.32863304018974304,0.820559561252594,0.09326634556055069,0.13469690084457397,0.4881732761859894,0.12565885484218597,0.8530846238136292
31.498636300006183,-0.3285352885723114,0.8205047845840454,0.09341448545455933,0.13506726920604706,0.4881422817707062,0.12608732283115387,0.8529806137084961
31.502633900003275,-0.3284597396850586,0.8204494118690491,0.09355871379375458,0.13557864725589752,0.48812976479530334,0.12579526007175446,0.8529497385025024
31.506721199999447,-0.3283756971359253,0.8204050064086914,0.09368635714054108,0.135828897356987,0.488156259059906,0.12564970552921295,0.8529162406921387
31.511144100004458,-0.32827088236808777,0.8203818798065186,0.09382739663124084,0.13626796007156372,0.4885166883468628,0.12463324517011642,0.8527889847755432
31.51529960001062,-0.3281843364238739,0.8203343749046326,0.09393692761659622,0.13636954128742218,0.488691508769989,0.12421251833438873,0.8527340292930603
31.519390900008148,-0.3280988037586212,0.8202913999557495,0.09402589499950409,0.13644547760486603,0.4889039695262909,0.12353571504354477,0.8526983261108398
31.523555699997814,-0.32798364758491516,0.820239782333374,0.09412745386362076,0.1364758163690567,0.48905661702156067,0.12320645153522491,0.8526535630226135
31.528291200011154,-0.32789650559425354,0.820168673992157,0.09420953691005707,0.13703946769237518,0.4892018437385559,0.12236049771308899,0.8526016473770142
31.532170200007386,-0.3278116285800934,0.8201223611831665,0.09432726353406906,0.1369563788175583,0.4895605444908142,0.12185419350862503,0.8524816632270813
31.536010399999213,-0.32770490646362305,0.8200840353965759,0.09440844506025314,0.13705426454544067,0.4896054267883301,0.12170211225748062,0.8524619340896606
31.540136200012057,-0.3276060223579407,0.8200189471244812,0.09452126175165176,0.1366853415966034,0.48981142044067383,0.12186486274003983,0.852379560470581
31.54433560000325,-0.3275030553340912,0.8199654817581177,0.09461532533168793,0.1363866627216339,0.48984766006469727,0.12213674187660217,0.8523676991462708
31.548439500009408,-0.3274053633213043,0.8199121952056885,0.09473258256912231,0.13650590181350708,0.489836722612381,0.12282136082649231,0.8522564172744751
31.552630999998655,-0.3272964358329773,0.8198614716529846,0.09484586864709854,0.1368318647146225,0.4897659718990326,0.12320105731487274,0.8521900177001953
31.556628300008015,-0.3271868824958801,0.819810688495636,0.09494639188051224,0.1369062215089798,0.4895665645599365,0.12346465140581131,0.8522545099258423
31.561177499999758,-0.32708656787872314,0.8197497129440308,0.09503331780433655,0.136968731880188,0.4894363284111023,0.12349630147218704,0.8523146510124207
31.56692190001195,-0.32697275280952454,0.8197071552276611,0.09513453394174576,0.1372240036725998,0.48958680033683777,0.1230597123503685,0.852250337600708
31.570974900008878,-0.32687681913375854,0.8196454644203186,0.09521804004907608,0.13744425773620605,0.4895831048488617,0.12273526191711426,0.8522637486457825
31.574651200004155,-0.3267694413661957,0.8195862174034119,0.09529091417789459,0.1375395506620407,0.48966893553733826,0.12267831712961197,0.8522073030471802
31.581857900004252,-0.3265552222728729,0.8194587230682373,0.0954216718673706,0.13782638311386108,0.4898216426372528,0.12277285754680634,0.852059543132782
31.586222300000372,-0.3264630138874054,0.8194068074226379,0.09551060944795609,0.13815362751483917,0.48971423506736755,0.12295859307050705,0.852041482925415
31.590296100010164,-0.3263775110244751,0.8193418979644775,0.09557788819074631,0.13843980431556702,0.4897616505622864,0.12285958975553513,0.8519821166992188
31.59438220001175,-0.3262846767902374,0.819273829460144,0.09564422070980072,0.1386229693889618,0.48991331458091736,0.12283958494663239,0.8518679738044739
31.59842180000851,-0.326201468706131,0.8192095160484314,0.09570285677909851,0.13891145586967468,0.4899792969226837,0.12283905595541,0.8517832159996033
31.60250300000189,-0.32611340284347534,0.8191331624984741,0.09576090425252914,0.1393427848815918,0.49008694291114807,0.12261471152305603,0.8516830801963806
31.608727500002715,-0.3259883224964142,0.8190786242485046,0.09584429860115051,0.13934841752052307,0.4898573160171509,0.12337629497051239,0.8517042398452759
31.612670100003015,-0.32591065764427185,0.8190047740936279,0.09590377658605576,0.13952431082725525,0.48987510800361633,0.12342890352010727,0.8516576290130615
31.616139900012058,-0.3258340060710907,0.8189236521720886,0.09596025198698044,0.13987073302268982,0.48971861600875854,0.12341658771038055,0.8516925573348999
31.619698399998015,-0.32575690746307373,0.8188295364379883,0.09602075070142746,0.13989028334617615,0.48959705233573914,0.12388324737548828,0.8516914248466492
31.625330000009853,-0.32567745447158813,0.818743884563446,0.09606865793466568,0.13978993892669678,0.48937755823135376,0.12411441653966904,0.8518004417419434
31.629476400004933,-0.3256015181541443,0.818665623664856,0.09612470120191574,0.13952811062335968,0.4892781972885132,0.12421248108148575,0.8518861532211304
31.633486500009894,-0.32552918791770935,0.8185442090034485,0.09617852419614792,0.13993476331233978,0.48930612206459045,0.12374001741409302,0.8518721461296082
31.637089600000763,-0.3254547715187073,0.8184640407562256,0.09622744470834732,0.1404140293598175,0.48981615900993347,0.12246369570493698,0.8516845703125
31.640516300001764,-0.3253967761993408,0.8183566331863403,0.0962551012635231,0.14089980721473694,0.4897882342338562,0.12197799980640411,0.8516901731491089
31.644416600000113,-0.325335830450058,0.8182681202888489,0.09629090130329132,0.14089113473892212,0.4897768795490265,0.12214293330907822,0.851674497127533
31.648525900003733,-0.3252698481082916,0.8181533217430115,0.09633433818817139,0.1409069150686264,0.4899892807006836,0.12190167605876923,0.851584255695343
31.652667200003634,-0.3251916170120239,0.818051278591156,0.09636015444993973,0.1408054530620575,0.4898184835910797,0.1219145804643631,0.8516973853111267
31.65721640000993,-0.3251170814037323,0.8179494738578796,0.09638719260692596,0.1407339870929718,0.4899563789367676,0.12156704813241959,0.8516796231269836
31.661012700002175,-0.3250678777694702,0.817841112613678,0.09639133512973785,0.14043016731739044,0.48966678977012634,0.12285879254341125,0.8517109155654907
31.665084000007482,-0.3249876797199249,0.8177269697189331,0.09639494866132736,0.14029169082641602,0.48959100246429443,0.1234186589717865,0.8516963720321655
31.66923530001077,-0.3249174952507019,0.8176189661026001,0.09639960527420044,0.14037956297397614,0.4894823133945465,0.12346146255731583,0.8517381548881531
31.673426100009237,-0.32484421133995056,0.8175216317176819,0.09641172736883163,0.14026150107383728,0.48951905965805054,0.12358036637306213,0.851719319820404
31.677982900000643,-0.3247802257537842,0.8174124360084534,0.09640941023826599,0.14009159803390503,0.4894349277019501,0.12398624420166016,0.8517366051673889
31.68213330001163,-0.32470834255218506,0.8172875642776489,0.09641247987747192,0.1401192992925644,0.48926350474357605,0.12430189549922943,0.8517845273017883
31.68612120000762,-0.3246355950832367,0.8171625137329102,0.09640635550022125,0.14011016488075256,0.48928627371788025,0.12471266835927963,0.8517128825187683
31.69042400000035,-0.3245548903942108,0.817017674446106,0.09640750288963318,0.14029914140701294,0.4894389510154724,0.12438750267028809,0.8516415357589722
31.694410600000992,-0.32446685433387756,0.8168597221374512,0.09640839695930481,0.1405065655708313,0.4894653856754303,0.1250675618648529,0.8514925837516785
31.698671800011653,-0.3243832588195801,0.8167211413383484,0.09639373421669006,0.14064010977745056,0.4895586371421814,0.12502717971801758,0.8514229655265808
31.702636200003326,-0.3242734968662262,0.8165835738182068,0.0963921993970871,0.14071771502494812,0.4896202087402344,0.12502643465995789,0.8513747453689575
31.706858700010343,-0.32417789101600647,0.816441535949707,0.09638378024101257,0.1409185230731964,0.4898959696292877,0.1246936172246933,0.8512316942214966
31.710906100008287,-0.32406362891197205,0.8163031935691833,0.09639368206262589,0.1403505653142929,0.48982855677604675,0.12546822428703308,0.8512504696846008
31.715734400000656,-0.32397112250328064,0.8161759376525879,0.096404530107975,0.14059874415397644,0.48978736996650696,0.12566085159778595,0.8512048721313477
31.719420200010063,-0.32387980818748474,0.8160275816917419,0.09642720222473145,0.1413421779870987,0.48961496353149414,0.1260857880115509,0.8511180877685547
31.723408999998355,-0.32378530502319336,0.8158923983573914,0.09643642604351044,0.14176884293556213,0.4896159768104553,0.12619136273860931,0.8510308861732483
31.727827399998205,-0.3236915171146393,0.8157655596733093,0.09644760191440582,0.14160668849945068,0.4894464910030365,0.12680689990520477,0.8510638475418091
31.73638729999948,-0.3234964609146118,0.8154404759407043,0.09642837196588516,0.14245779812335968,0.4896030128002167,0.127445250749588,0.8507363796234131
31.740765499998815,-0.32336530089378357,0.8152867555618286,0.09644176065921783,0.14247627556324005,0.4898371696472168,0.12748344242572784,0.8505927920341492
31.744263900007354,-0.3232773542404175,0.8151261210441589,0.09642277657985687,0.1424069106578827,0.48974987864494324,0.12793613970279694,0.8505866527557373
31.74857910000719,-0.32316794991493225,0.8149751424789429,0.09641274064779282,0.14231255650520325,0.49003541469573975,0.12745080888271332,0.850510835647583
31.75264089999837,-0.32308489084243774,0.8148264288902283,0.09639078378677368,0.14226245880126953,0.4900881350040436,0.12781834602355957,0.8504336476325989
31.757142000002204,-0.32301369309425354,0.81466144323349,0.09634577482938766,0.14260511100292206,0.49007782340049744,0.1275937408208847,0.8504160046577454
31.761013600000297,-0.32301369309425354,0.81466144323349,0.09634577482938766,0.14260511100292206,0.49007782340049744,0.1275937408208847,0.8504160046577454
31.765158200010774,-0.32284459471702576,0.8143603801727295,0.09628306329250336,0.14283344149589539,0.4899948239326477,0.12756116688251495,0.8504303693771362
31.7717629000108,-0.3227468430995941,0.81421959400177,0.09623946994543076,0.14263087511062622,0.4897950291633606,0.12784042954444885,0.8505375981330872
31.77633780000906,-0.32263168692588806,0.8140890598297119,0.09620579332113266,0.14256061613559723,0.4897242486476898,0.12825226783752441,0.8505280613899231
31.781673000004957,-0.32244759798049927,0.8138368129730225,0.096152663230896,0.14259760081768036,0.4895855188369751,0.12877033650875092,0.8505234122276306
31.78574620001018,-0.32234853506088257,0.8137061595916748,0.09612123668193817,0.14285990595817566,0.4896453619003296,0.12889891862869263,0.8504255414009094
31.790261200003442,-0.32224202156066895,0.8135702610015869,0.0960770770907402,0.14342574775218964,0.4900857210159302,0.1282883882522583,0.8501688838005066
31.796066599999904,-0.32213932275772095,0.8134199380874634,0.09603025019168854,0.14427879452705383,0.4903446137905121,0.1277158111333847,0.8499614596366882
31.80014600000868,-0.32202577590942383,0.8132716417312622,0.09598438441753387,0.14484019577503204,0.49057120084762573,0.12716737389564514,0.8498175144195557
31.803759200003697,-0.3219177722930908,0.8131542801856995,0.09594912827014923,0.1449073851108551,0.4907068908214569,0.1272231936454773,0.8497192859649658
31.80728259999887,-0.32179710268974304,0.8130072951316833,0.09588693082332611,0.1446189284324646,0.49051225185394287,0.12848293781280518,0.8496913313865662
31.81167940000887,-0.321647971868515,0.8128710389137268,0.09582050144672394,0.14431719481945038,0.49079784750938416,0.12869881093502045,0.8495449423789978
31.816892100003315,-0.32152244448661804,0.8127374053001404,0.09575426578521729,0.14428918063640594,0.4907985329627991,0.12920214235782623,0.8494729399681091
31.820437900008983,-0.32139137387275696,0.812598466873169,0.09569641202688217,0.14412929117679596,0.49062785506248474,0.12941153347492218,0.8495667576789856
31.824282100002165,-0.3212720453739166,0.8124659061431885,0.09564200788736343,0.14409227669239044,0.49050599336624146,0.12969112396240234,0.8496007919311523
31.827714700004435,-0.3211526572704315,0.8123303651809692,0.09558072686195374,0.1440393328666687,0.49052566289901733,0.12967275083065033,0.8496012091636658
31.83587510000507,-0.3208920657634735,0.8120577931404114,0.09549374133348465,0.143846333026886,0.49041664600372314,0.13003845512866974,0.849640965461731
31.840169300005073,-0.32077836990356445,0.8119233846664429,0.09543648362159729,0.14407826960086823,0.4906215965747833,0.12966232001781464,0.8495408296585083
31.844592400011607,-0.320662260055542,0.8117969632148743,0.09538818895816803,0.1433868557214737,0.4908958673477173,0.12972767651081085,0.8494893312454224
31.848586899999646,-0.32054606080055237,0.8116810917854309,0.09533653408288956,0.14362819492816925,0.4910668134689331,0.12912006676197052,0.8494423627853394
31.852846499998122,-0.3204433023929596,0.8115490078926086,0.09529776871204376,0.14358651638031006,0.4910534620285034,0.12959298491477966,0.8493852019309998
31.85683620000782,-0.32032912969589233,0.8114200830459595,0.09526372700929642,0.1440778523683548,0.490894615650177,0.13019095361232758,0.8493022918701172
31.860843800008297,-0.32022321224212646,0.8112912178039551,0.09522457420825958,0.14382722973823547,0.4907534122467041,0.13103196024894714,0.849297046661377
31.864934500001254,-0.32010775804519653,0.811164379119873,0.09518522024154663,0.14383071660995483,0.4906926155090332,0.132297083735466,0.8491353988647461
31.86934740000288,-0.3200071454048157,0.8110430836677551,0.09513210505247116,0.14374881982803345,0.4909006357192993,0.13230551779270172,0.8490277528762817
31.873706800004584,-0.31988489627838135,0.8109358549118042,0.09508977085351944,0.14378342032432556,0.4910532236099243,0.13275666534900665,0.8488631844520569
31.87762610000209,-0.3197624385356903,0.8108457922935486,0.09509293735027313,0.14384585618972778,0.4914802014827728,0.1318652629852295,0.8487444519996643
31.881734399998095,-0.3196541666984558,0.8107343912124634,0.09504927694797516,0.14397554099559784,0.4915120601654053,0.13192002475261688,0.8486954569816589
31.88591740000993,-0.3195246160030365,0.8105987906455994,0.0950082540512085,0.14437313377857208,0.4916691780090332,0.13152338564395905,0.8485984802246094
31.890028699999675,-0.31940770149230957,0.8104917407035828,0.09496299177408218,0.1441475749015808,0.4916209876537323,0.13180939853191376,0.8486203551292419
31.894170500003383,-0.3192930817604065,0.8103867769241333,0.09491942077875137,0.1439499706029892,0.4916253685951233,0.13193826377391815,0.8486313223838806
31.898377000004984,-0.3191763460636139,0.8102715611457825,0.09487180411815643,0.14412537217140198,0.49190574884414673,0.1316574662923813,0.8484827876091003
31.902649399999063,-0.3190263509750366,0.8101797103881836,0.09482428431510925,0.14404751360416412,0.4919434189796448,0.13224546611309052,0.8483826518058777
31.906722500003525,-0.3189209997653961,0.8100818991661072,0.09477158635854721,0.14420202374458313,0.4921177923679352,0.13252052664756775,0.8482123613357544
31.91074540000409,-0.31881001591682434,0.8099900484085083,0.09470845758914948,0.1440795660018921,0.49209997057914734,0.13252699375152588,0.848242461681366
31.91510769999877,-0.3186992108821869,0.8099157810211182,0.09464379400014877,0.1442403495311737,0.4924478530883789,0.13213898241519928,0.8480737805366516
31.919249800004764,-0.31860581040382385,0.8098347187042236,0.09460854530334473,0.14429116249084473,0.4924505054950714,0.13269518315792084,0.8479767441749573
31.923396500002127,-0.31850773096084595,0.8097432851791382,0.09454911947250366,0.14426177740097046,0.4924064874649048,0.13358449935913086,0.8478677272796631
31.927526600004057,-0.318411260843277,0.8096517324447632,0.09449730068445206,0.1444353610277176,0.4924142360687256,0.133985236287117,0.8477703332901001
31.931877399998484,-0.31829744577407837,0.8095521330833435,0.0944584459066391,0.14434266090393066,0.4923935532569885,0.13501927256584167,0.8476340770721436
31.93683880000026,-0.3182010352611542,0.8094728589057922,0.09442433714866638,0.14430543780326843,0.49245569109916687,0.13541822135448456,0.8475407361984253
31.940681100008078,-0.31809002161026,0.8093921542167664,0.09438459575176239,0.14398224651813507,0.49251505732536316,0.13606932759284973,0.8474568724632263
31.944404000008944,-0.3179985284805298,0.8093155026435852,0.09434471279382706,0.14380308985710144,0.4924909472465515,0.13641691207885742,0.8474454283714294
31.948539400007576,-0.31790661811828613,0.8092287182807922,0.09430688619613647,0.14366860687732697,0.49248450994491577,0.1366407871246338,0.8474358916282654
31.95264670001052,-0.31781506538391113,0.8091330528259277,0.09425001591444016,0.14350765943527222,0.49232617020606995,0.13716207444667816,0.8474709987640381
31.956996699998854,-0.3177264332771301,0.8090500831604004,0.09420711547136307,0.14330454170703888,0.49235934019088745,0.13719111680984497,0.847481369972229
31.962197000000742,-0.3176446557044983,0.8089700937271118,0.09416846930980682,0.14309141039848328,0.49224281311035156,0.13764998316764832,0.8475106358528137
31.96560180000961,-0.31755995750427246,0.8088736534118652,0.0941094309091568,0.14322255551815033,0.49243587255477905,0.13735365867614746,0.8474244475364685
31.969397300010314,-0.3174796998500824,0.8087942004203796,0.09406759589910507,0.14316925406455994,0.4924035370349884,0.13765831291675568,0.847402811050415
31.97356650000438,-0.3173893094062805,0.8087089657783508,0.09402362257242203,0.1430942416191101,0.4923563003540039,0.13709932565689087,0.8475335240364075
31.978017100002035,-0.3172972500324249,0.8086205124855042,0.09399445354938507,0.14313513040542603,0.4926394820213318,0.1369273066520691,0.8473898768424988
31.98222530000203,-0.3172255754470825,0.8085407614707947,0.0939592495560646,0.14322154223918915,0.492766410112381,0.13677042722702026,0.8473267555236816
31.985967000000528,-0.31715285778045654,0.8084604740142822,0.09392646700143814,0.14322005212306976,0.49285998940467834,0.13658316433429718,0.8473027944564819
31.99037070000486,-0.317075252532959,0.8083702921867371,0.09387963265180588,0.1433703601360321,0.4930725395679474,0.13668310642242432,0.8471376895904541
31.994303800005582,-0.31699296832084656,0.8083004951477051,0.09386071562767029,0.14299817383289337,0.49319377541542053,0.13704200088977814,0.8470720052719116
31.998604600012186,-0.3169439733028412,0.8081964254379272,0.09381042420864105,0.1435116082429886,0.49310481548309326,0.13706956803798676,0.8470324873924255
32.00270399999863,-0.3168756067752838,0.8081116080284119,0.09377496689558029,0.14350014925003052,0.49310103058815,0.13745930790901184,0.8469734787940979
32.006900400010636,-0.31679803133010864,0.8080390095710754,0.09374953806400299,0.1433006227016449,0.4932095408439636,0.13809621334075928,0.8468403816223145
32.01144280000881,-0.3167002201080322,0.8079350590705872,0.09373560547828674,0.14360186457633972,0.49299052357673645,0.13892927765846252,0.8467806577682495
32.01509480000823,-0.3166200518608093,0.8078328967094421,0.09370600432157516,0.1436130851507187,0.49278557300567627,0.13996845483779907,0.8467268943786621
32.01947160001146,-0.3165416717529297,0.8077331781387329,0.09367644041776657,0.1437038630247116,0.4928167760372162,0.1402287781238556,0.8466503024101257
32.02351470000576,-0.3164686858654022,0.8076268434524536,0.09363983571529388,0.1440262645483017,0.49281567335128784,0.1406143307685852,0.8465321660041809
32.02750390001165,-0.3163839876651764,0.8075329065322876,0.09358689934015274,0.14369870722293854,0.49311238527297974,0.14054274559020996,0.8464269042015076
32.03178950000438,-0.31633082032203674,0.8074330687522888,0.09353785216808319,0.14344386756420135,0.49285492300987244,0.14153562486171722,0.8464546799659729
32.03639020000992,-0.31627413630485535,0.8073481917381287,0.09349436312913895,0.1434343159198761,0.49292320013046265,0.14175429940223694,0.8463799357414246
32.040890700009186,-0.31620848178863525,0.8072646856307983,0.0934535413980484,0.14363928139209747,0.49310147762298584,0.14187739789485931,0.8462207317352295
32.04451060001156,-0.31614887714385986,0.8071820735931396,0.09341838955879211,0.1435985118150711,0.4931841194629669,0.14202524721622467,0.8461547493934631
32.0484421000001,-0.31609636545181274,0.8071001768112183,0.09337311238050461,0.14356574416160583,0.4932364225387573,0.142236590385437,0.8460942506790161
32.05285449999792,-0.31604161858558655,0.8070117235183716,0.09331706911325455,0.14352963864803314,0.4933101534843445,0.14243967831134796,0.8460232615470886
32.0576538000023,-0.3159888982772827,0.8069287538528442,0.09326570481061935,0.14356178045272827,0.4932965040206909,0.14255020022392273,0.8460071086883545
32.061337300008745,-0.31593242287635803,0.8068385124206543,0.09321188181638718,0.14362451434135437,0.49346789717674255,0.14234253764152527,0.8459314107894897
32.06531050000922,-0.3158748149871826,0.8067416548728943,0.09312979131937027,0.14353466033935547,0.4934426546096802,0.1430487185716629,0.8458423018455505
32.06928660000267,-0.31581687927246094,0.8066521286964417,0.09308135509490967,0.1435006707906723,0.4937455356121063,0.14246796071529388,0.8457694053649902
32.07348510000156,-0.31577053666114807,0.8065392971038818,0.09299464523792267,0.14333128929138184,0.4934869706630707,0.1431800127029419,0.8458287119865417
32.077494600001955,-0.31571638584136963,0.8064387440681458,0.0929374024271965,0.1430957168340683,0.4934488534927368,0.14333371818065643,0.8458648324012756
32.0823037000082,-0.31566476821899414,0.8063381314277649,0.09287634491920471,0.1429794281721115,0.4934106469154358,0.1435900628566742,0.8458632826805115
32.0863001000107,-0.31561610102653503,0.8062323927879333,0.09281957894563675,0.14287376403808594,0.4935292899608612,0.14335858821868896,0.8458511829376221
32.09016380000685,-0.31557220220565796,0.8061313033103943,0.09275609254837036,0.1427638828754425,0.493461012840271,0.14361578226089478,0.8458659052848816
32.094498800011934,-0.31549543142318726,0.8060420155525208,0.09272412210702896,0.14281675219535828,0.4938315153121948,0.14300654828548431,0.8457439541816711
32.09854810000979,-0.3154660761356354,0.8059321045875549,0.09266094863414764,0.1426076889038086,0.4934838116168976,0.1443553864955902,0.8457530736923218
32.102778400003444,-0.3154214322566986,0.8058119416236877,0.09259244054555893,0.14238737523555756,0.49351784586906433,0.14424259960651398,0.8457896113395691
32.1068735000008,-0.3153592646121979,0.8056687116622925,0.09254533797502518,0.142709881067276,0.4934253990650177,0.1447228640317917,0.8457071185112
32.11118079999869,-0.3152998089790344,0.8055621385574341,0.09250881522893906,0.14311297237873077,0.49383291602134705,0.14385387301445007,0.8455494046211243
32.115284300001804,-0.3152509331703186,0.8054547905921936,0.09246207773685455,0.1434396207332611,0.49397069215774536,0.1436041295528412,0.8454560041427612
32.11927460000152,-0.3152032494544983,0.8053379058837891,0.0924006924033165,0.14362815022468567,0.49400654435157776,0.143643319606781,0.8453963994979858
32.1234761000087,-0.31515029072761536,0.8052316308021545,0.09234297275543213,0.14371733367443085,0.4940788745880127,0.14369834959506989,0.8453295826911926
32.12779870000668,-0.31508713960647583,0.8051042556762695,0.09226696193218231,0.14405633509159088,0.49427682161331177,0.1439315229654312,0.8451166152954102
32.132323700003326,-0.31504055857658386,0.8049678802490234,0.09219078719615936,0.14449530839920044,0.4942554235458374,0.14361606538295746,0.8451077342033386
32.13608440000098,-0.31497281789779663,0.8048262596130371,0.0921119973063469,0.14468935132026672,0.4941644072532654,0.144347682595253,0.8450031280517578
32.140113900008146,-0.31490644812583923,0.8047225475311279,0.09204481542110443,0.1449040025472641,0.4940035343170166,0.1451648473739624,0.8449203968048096
32.14503210000112,-0.31484854221343994,0.804587721824646,0.09194213896989822,0.14510837197303772,0.4943578541278839,0.14528153836727142,0.8446580171585083
32.148607600000105,-0.31479611992836,0.8044672608375549,0.09185905754566193,0.14500293135643005,0.49441686272621155,0.14569438993930817,0.8445704579353333
32.152722099999664,-0.31474682688713074,0.8043506741523743,0.09176523238420486,0.1450314074754715,0.49452319741249084,0.1459585577249527,0.8444576859474182
32.1570950000023,-0.3146960437297821,0.8042452931404114,0.09168167412281036,0.14496809244155884,0.4946000576019287,0.1463697999715805,0.8443523645401001
32.1610054000048,-0.3146611452102661,0.8041054606437683,0.09156093746423721,0.14492695033550262,0.4941806495189667,0.1478939652442932,0.8443394899368286
32.16523490000691,-0.31460708379745483,0.8040086030960083,0.09147947281599045,0.14508524537086487,0.494747132062912,0.1471422165632248,0.8441117405891418
32.16926680000324,-0.31458061933517456,0.8038737177848816,0.09136263281106949,0.144680917263031,0.4946919083595276,0.1475401073694229,0.8441441059112549
32.173881900002016,-0.3145409822463989,0.8037422299385071,0.09127012640237808,0.1447342187166214,0.4948161244392395,0.14743971824645996,0.8440796732902527
32.17816260000109,-0.3145020604133606,0.8036134839057922,0.09115811437368393,0.14460738003253937,0.49516814947128296,0.1470436453819275,0.8439640998840332
32.18205519999901,-0.31446194648742676,0.8034815192222595,0.09106488525867462,0.1448139101266861,0.4955120384693146,0.14669345319271088,0.8437877893447876
32.18612340000982,-0.3144032657146454,0.8033241629600525,0.09097705036401749,0.14481519162654877,0.4955480694770813,0.14762409031391144,0.8436040282249451
32.190388800008805,-0.31435561180114746,0.8031733632087708,0.09089825302362442,0.14511387050151825,0.49572163820266724,0.14743809401988983,0.8434832692146301
32.19477230000484,-0.31431105732917786,0.8030396103858948,0.09081654250621796,0.14520178735256195,0.49580875039100647,0.14747346937656403,0.8434107303619385
32.199138399999356,-0.31426116824150085,0.802904486656189,0.09076263755559921,0.14549939334392548,0.4955971837043762,0.14802147448062897,0.8433877825737
32.202882300000056,-0.3142222762107849,0.8027541041374207,0.09066590666770935,0.1454945057630539,0.4957793056964874,0.14782531559467316,0.8433160185813904
32.20696970001154,-0.3141891360282898,0.8025941848754883,0.09057597070932388,0.1464928537607193,0.49588873982429504,0.1470547467470169,0.8432135581970215
32.21102570000221,-0.31414398550987244,0.8024520874023438,0.09047595411539078,0.14691336452960968,0.4961083233356476,0.14717227220535278,0.8429906964302063
32.21528109999781,-0.31411054730415344,0.8023152351379395,0.09039227664470673,0.14702890813350677,0.49611878395080566,0.14778438210487366,0.842857301235199
32.21977809999953,-0.3140471577644348,0.8021793365478516,0.09031705558300018,0.1473274528980255,0.4963579475879669,0.1477714329957962,0.8426666259765625
32.22349670001131,-0.3140171766281128,0.8020470142364502,0.09023971855640411,0.14765702188014984,0.49635714292526245,0.1478366106748581,0.8425979614257812
32.22757280000951,-0.3139789402484894,0.8019125461578369,0.09014870971441269,0.147807776927948,0.49666476249694824,0.14738257229328156,0.8424697518348694
32.23174790000485,-0.3139399290084839,0.8017823696136475,0.09005343914031982,0.14796888828277588,0.49684014916419983,0.14725902676582336,0.842359721660614
32.23629090000759,-0.31391990184783936,0.8016407489776611,0.08996092528104782,0.14805689454078674,0.49682381749153137,0.14777050912380219,0.8422642946243286
32.24022020000848,-0.31389376521110535,0.8014998435974121,0.0898829996585846,0.1482347548007965,0.4969131052494049,0.14814630150794983,0.8421143293380737
32.24427980001201,-0.31386685371398926,0.8013383746147156,0.0897851437330246,0.14896045625209808,0.4971320629119873,0.1480094939470291,0.8418810367584229
32.24831239999912,-0.31384798884391785,0.8012004494667053,0.08969701081514359,0.148935467004776,0.4971197247505188,0.1484057605266571,0.8418229818344116
32.25374040000315,-0.31383016705513,0.8010505437850952,0.08959998935461044,0.14895151555538177,0.49716752767562866,0.14888189733028412,0.8417078852653503
32.25720400000864,-0.31380903720855713,0.8008795976638794,0.08947698771953583,0.14886236190795898,0.4974074959754944,0.14908188581466675,0.8415464162826538
32.26115330000175,-0.31380218267440796,0.8007317185401917,0.08939231187105179,0.14890004694461823,0.49745845794677734,0.14962489902973175,0.8414131999015808
32.26510100001178,-0.31378865242004395,0.8005719780921936,0.08930946886539459,0.1489107310771942,0.4973898231983185,0.15047121047973633,0.8413009643554688
32.26944660001027,-0.3137800693511963,0.8004353046417236,0.08922430127859116,0.1489211767911911,0.497397780418396,0.15063275396823883,0.8412655591964722
32.27755940001225,-0.3137749135494232,0.8001536130905151,0.08904790133237839,0.148848757147789,0.49743303656578064,0.15075646340847015,0.841235339641571
32.28207210000255,-0.3137735426425934,0.8000144362449646,0.0889548510313034,0.14880724251270294,0.497546911239624,0.1507054567337036,0.8411844968795776
32.285705800008145,-0.3137735426425934,0.8000144362449646,0.0889548510313034,0.14880724251270294,0.497546911239624,0.1507054567337036,0.8411844968795776
32.29027530000894,-0.31378814578056335,0.7997345924377441,0.08878665417432785,0.14860044419765472,0.49775010347366333,0.15019311010837555,0.8411924839019775
32.29429200000595,-0.3137907385826111,0.7996003031730652,0.08869664371013641,0.1485338807106018,0.4975709915161133,0.15073645114898682,0.8412129878997803
32.298494100003154,-0.3138010799884796,0.7994456887245178,0.08860243856906891,0.14914198219776154,0.4974904954433441,0.15061430633068085,0.8411749005317688
32.303197900007945,-0.3137967586517334,0.7993029952049255,0.08851830661296844,0.14916905760765076,0.4975682199001312,0.15072551369667053,0.8411042094230652
32.31079420000606,-0.3138189911842346,0.7990255355834961,0.08832525461912155,0.14948193728923798,0.4977306127548218,0.15014523267745972,0.8410564064979553
32.314928600011626,-0.3138386309146881,0.7988823056221008,0.08824007213115692,0.14950817823410034,0.49774178862571716,0.15019427239894867,0.841036319732666
32.31906770000933,-0.313852459192276,0.7987239956855774,0.08813101798295975,0.14938770234584808,0.49778303503990173,0.14992186427116394,0.8410819172859192
32.32373499999812,-0.3138657808303833,0.7985823750495911,0.0880601778626442,0.14933320879936218,0.49750491976737976,0.15034659206867218,0.8411803841590881
32.327717600011965,-0.3138972818851471,0.7984676361083984,0.0879683643579483,0.14934423565864563,0.49758657813072205,0.15042680501937866,0.8411157727241516
32.332317600012175,-0.31394001841545105,0.7982974648475647,0.08786294609308243,0.14972269535064697,0.4974363148212433,0.15083284676074982,0.8410646319389343
32.336411600001156,-0.3139705955982208,0.798159122467041,0.08777841180562973,0.14984087646007538,0.49749231338500977,0.15075410902500153,0.8410245776176453
32.34020230000897,-0.314022421836853,0.797995388507843,0.08769017457962036,0.14971597492694855,0.4972083866596222,0.15177121758460999,0.8410317301750183
32.34462750000239,-0.3140859007835388,0.7978607416152954,0.08760622888803482,0.1496913880109787,0.497167706489563,0.1515052318572998,0.8411081433296204
32.34842780001054,-0.3141433894634247,0.7977175116539001,0.08753039687871933,0.15034526586532593,0.49703899025917053,0.15146417915821075,0.8410750031471252
32.35287970000354,-0.31419041752815247,0.7975911498069763,0.08746525645256042,0.15045498311519623,0.4970031678676605,0.15161260962486267,0.8410497903823853
32.35704319999786,-0.31423112750053406,0.7974838018417358,0.0874108076095581,0.15050196647644043,0.49699530005455017,0.1516951471567154,0.8410311937332153
32.361211299998104,-0.314279168844223,0.7973642945289612,0.08734212070703506,0.15035074949264526,0.4966488778591156,0.15257473289966583,0.8411037921905518
32.365411899998435,-0.31433066725730896,0.7972381711006165,0.0872928574681282,0.1503686159849167,0.49650970101356506,0.15327735245227814,0.8410549163818359
32.369857700003195,-0.3143816888332367,0.7971311211585999,0.08723463118076324,0.15033267438411713,0.4962365925312042,0.1539655476808548,0.8410968780517578
32.37402329999895,-0.31443002820014954,0.7970213890075684,0.0871834009885788,0.15048867464065552,0.4962020814418793,0.15417839586734772,0.8410503268241882
32.3777839000104,-0.31447720527648926,0.7969174981117249,0.08713497221469879,0.150504469871521,0.4960685968399048,0.154534712433815,0.8410608172416687
32.38204960001167,-0.3145262897014618,0.7968077659606934,0.0870831310749054,0.1506282538175583,0.49593493342399597,0.15474703907966614,0.8410784602165222
32.386555900011444,-0.3145820200443268,0.796663761138916,0.0870191752910614,0.15101580321788788,0.4960770905017853,0.1551695019006729,0.8408473134040833
32.390612600007444,-0.31464603543281555,0.7965197563171387,0.08695163577795029,0.15173612534999847,0.4960232675075531,0.15475896000862122,0.840825080871582
32.39449270001205,-0.31471022963523865,0.7963907122612,0.08688820898532867,0.15166084468364716,0.49607938528060913,0.15472981333732605,0.8408108949661255
32.39883570000529,-0.31477102637290955,0.7962638139724731,0.08682748675346375,0.15175335109233856,0.4961037039756775,0.15458722412586212,0.8408060669898987
32.40270320000127,-0.3148331642150879,0.7961428761482239,0.08676567673683167,0.15184766054153442,0.4961075782775879,0.15461821854114532,0.840781033039093
32.40711559999909,-0.31490811705589294,0.7960060834884644,0.08669576793909073,0.15165270864963531,0.4961656928062439,0.15393602848052979,0.8409071564674377
32.41114050000033,-0.31498008966445923,0.7958831787109375,0.08663784712553024,0.1514330804347992,0.4959140419960022,0.15468578040599823,0.8409575819969177
32.41575900001044,-0.3150463402271271,0.7957673072814941,0.08658012002706528,0.15137708187103271,0.4958498477935791,0.15501247346401215,0.8409453630447388
32.41970530000981,-0.31511390209198,0.7956480979919434,0.08650261908769608,0.15140773355960846,0.49589699506759644,0.15492118895053864,0.8409287929534912
32.42381100000057,-0.3152012825012207,0.7955225110054016,0.08644913882017136,0.1514366865158081,0.4956604242324829,0.1556369960308075,0.8409309387207031
32.427959300010116,-0.31527358293533325,0.7953777313232422,0.08638468384742737,0.1519012451171875,0.4956682026386261,0.1552998572587967,0.8409048914909363
32.43205870001111,-0.3153589367866516,0.7952297329902649,0.08629081398248672,0.15166297554969788,0.49540436267852783,0.1559929996728897,0.8409749865531921
32.43622360000154,-0.31544551253318787,0.7950899004936218,0.08621159940958023,0.1519935429096222,0.495476633310318,0.15551172196865082,0.8409619331359863
32.44074660001206,-0.31551024317741394,0.7949610352516174,0.08616163581609726,0.15187080204486847,0.495318740606308,0.15548484027385712,0.8410820960998535
32.44443190000311,-0.315579354763031,0.7948152422904968,0.08610962331295013,0.1514812856912613,0.4953245520591736,0.15576398372650146,0.8410972952842712
32.44856050000817,-0.3156477212905884,0.7946888208389282,0.08603176474571228,0.15142223238945007,0.49503713846206665,0.1566147804260254,0.841119110584259
32.45284199999878,-0.3157114088535309,0.7945712208747864,0.08597558736801147,0.15124213695526123,0.49496278166770935,0.1567908376455307,0.8411624431610107
32.457233100009034,-0.3157658278942108,0.7944597005844116,0.08591186255216599,0.15096630156040192,0.4949954152107239,0.15659640729427338,0.8412290215492249
32.46130439999979,-0.3158246576786041,0.7943606972694397,0.08585962653160095,0.1510152816772461,0.49483436346054077,0.1567469984292984,0.8412868976593018
32.4653135999979,-0.3158932626247406,0.7942492961883545,0.08581742644309998,0.15096402168273926,0.49478307366371155,0.15694662928581238,0.8412891030311584
32.469527000008384,-0.31596770882606506,0.7941495180130005,0.08576697111129761,0.15083272755146027,0.4944611191749573,0.15725700557231903,0.8414439558982849
32.47365330001048,-0.31604042649269104,0.7940258383750916,0.08570406585931778,0.15124672651290894,0.49434784054756165,0.15695226192474365,0.8414930701255798
32.47786179999821,-0.3161025047302246,0.7939298152923584,0.08565159142017365,0.15119636058807373,0.4942804276943207,0.1571321338415146,0.8415082097053528
32.482483800005866,-0.31617480516433716,0.7938186526298523,0.08558155596256256,0.15122957527637482,0.49454963207244873,0.15643684566020966,0.8414735794067383
32.48603320000984,-0.3162340521812439,0.7937237620353699,0.08552473783493042,0.15132249891757965,0.4945268929004669,0.156438946723938,0.8414698839187622
32.4901996999979,-0.31630009412765503,0.7936316132545471,0.08545883744955063,0.15120674669742584,0.49447178840637207,0.15654735267162323,0.841502845287323
32.49429310001142,-0.3163601756095886,0.7935367226600647,0.08540592342615128,0.15126629173755646,0.4942394196987152,0.15648160874843597,0.8416408896446228
32.49887280000257,-0.3164190948009491,0.7934499382972717,0.0853399932384491,0.15119311213493347,0.49420902132987976,0.15668833255767822,0.8416334986686707
32.502951800008304,-0.31647226214408875,0.7933534383773804,0.08526937663555145,0.15133002400398254,0.49430742859840393,0.15656189620494843,0.8415745496749878
32.50701810000464,-0.31654590368270874,0.7932546734809875,0.08516844362020493,0.15132176876068115,0.4940700829029083,0.1577141135931015,0.8415002226829529
32.51147720000881,-0.31660082936286926,0.7931651473045349,0.08508896827697754,0.15148887038230896,0.494047611951828,0.15767216682434082,0.8414912819862366
32.51515780000773,-0.31666040420532227,0.793079137802124,0.08499681949615479,0.15147794783115387,0.49356070160865784,0.15866410732269287,0.84159255027771
32.51968290000514,-0.3167201578617096,0.7929860353469849,0.0849120020866394,0.152059406042099,0.4935159385204315,0.15830843150615692,0.841580867767334
32.52355370001169,-0.3167635202407837,0.7929165959358215,0.08483386039733887,0.15221048891544342,0.49356576800346375,0.1580333709716797,0.8415760397911072
32.52799660000892,-0.3168088495731354,0.7928441762924194,0.08475250750780106,0.15206608176231384,0.4936163127422333,0.158148854970932,0.8415508270263672
32.53202610000153,-0.316861629486084,0.7927781343460083,0.08468343317508698,0.15213580429553986,0.4935601055622101,0.15809600055217743,0.8415811061859131
32.5360098000092,-0.31691381335258484,0.7927065491676331,0.0846032202243805,0.15212157368659973,0.49383002519607544,0.1578676998615265,0.8414681553840637
32.540206500008935,-0.3169531226158142,0.7926409244537354,0.0845302939414978,0.15198750793933868,0.49372708797454834,0.15836746990680695,0.8414589166641235
32.544279400011874,-0.31698688864707947,0.7925768494606018,0.08445974439382553,0.15195831656455994,0.49357277154922485,0.15901324152946472,0.8414328694343567
32.548530400003074,-0.31702086329460144,0.7925225496292114,0.08439035713672638,0.15184947848320007,0.4934995472431183,0.1595628410577774,0.8413915634155273
32.55272010000772,-0.3170734941959381,0.7924739122390747,0.0843239426612854,0.15180560946464539,0.49368923902511597,0.15972307324409485,0.8412578105926514
32.55721740001172,-0.3171014189720154,0.7924222946166992,0.08426199853420258,0.15178534388542175,0.4936733543872833,0.16006825864315033,0.8412050604820251
32.56526270000904,-0.31717172265052795,0.7923150062561035,0.08412208408117294,0.15151865780353546,0.4936588406562805,0.16020013391971588,0.8412365317344666
32.56932680000318,-0.3171961009502411,0.7922696471214294,0.08406037837266922,0.15142714977264404,0.49368298053741455,0.1604420393705368,0.8411927819252014
32.57364950000192,-0.31722375750541687,0.7922216057777405,0.08399082720279694,0.15140928328037262,0.49364978075027466,0.16058799624443054,0.841187596321106
32.577698100009,-0.3172473609447479,0.7921797037124634,0.08392104506492615,0.15124978125095367,0.49366047978401184,0.1607760787010193,0.8411741256713867
32.5818111999979,-0.31727054715156555,0.7921359539031982,0.08385597914457321,0.1510329693555832,0.4935457706451416,0.16094155609607697,0.8412487506866455
32.58613260000129,-0.31729477643966675,0.7921072244644165,0.0837966650724411,0.15100249648094177,0.49356603622436523,0.16108576953411102,0.8412147164344788
32.59026320000703,-0.3173186182975769,0.7920725345611572,0.08373640477657318,0.15079465508460999,0.4935666024684906,0.16118678450584412,0.8412322998046875
32.594411500002025,-0.31734132766723633,0.7920459508895874,0.08368047326803207,0.15072719752788544,0.4935110807418823,0.1613738238811493,0.8412411212921143
32.59845540000242,-0.3173685669898987,0.7920211553573608,0.08362042903900146,0.1505894809961319,0.49334517121315,0.16180871427059174,0.8412795662879944
32.603035799998906,-0.3173937201499939,0.7919949293136597,0.08355546742677689,0.15083836019039154,0.4934026896953583,0.1619739532470703,0.8411694169044495
32.60697990001063,-0.3174239695072174,0.7919760346412659,0.0835055410861969,0.15075479447841644,0.493401437997818,0.16211175918579102,0.8411585688591003
32.61096330000146,-0.3174472451210022,0.7919614911079407,0.08346880227327347,0.15074139833450317,0.49340498447418213,0.1622021645307541,0.8411414623260498
32.615766900009476,-0.3174799680709839,0.79195237159729,0.08339518308639526,0.15073351562023163,0.4933871924877167,0.16240087151527405,0.8411149978637695
32.61935770000855,-0.3175097703933716,0.7919384241104126,0.08335237950086594,0.15081191062927246,0.49336886405944824,0.1626509726047516,0.841063380241394
32.62349680000625,-0.3175332546234131,0.791934072971344,0.08329954743385315,0.15073412656784058,0.4932490289211273,0.16280901432037354,0.8411170244216919
32.62753130000783,-0.31756070256233215,0.7919204831123352,0.08325756341218948,0.15063561499118805,0.4932400584220886,0.16301803290843964,0.8410994410514832
32.63164669999969,-0.317594051361084,0.7919105887413025,0.08322387933731079,0.1506577432155609,0.4932079613208771,0.16320660710334778,0.8410776853561401
32.63598920000368,-0.3176395297050476,0.7918810248374939,0.08317108452320099,0.15043313801288605,0.49282851815223694,0.16440075635910034,0.8411078453063965
32.64199499999813,-0.31766408681869507,0.7918844819068909,0.08312851935625076,0.15035204589366913,0.492870569229126,0.16431589424610138,0.8411142230033875
32.64564000000246,-0.3177028000354767,0.7918725609779358,0.08309027552604675,0.15018540620803833,0.4928135573863983,0.16468413174152374,0.8411054015159607
32.64924310000788,-0.31774356961250305,0.7918492555618286,0.08304326981306076,0.1506134569644928,0.4927787780761719,0.1645634025335312,0.8410727977752686
32.65286230000493,-0.31777074933052063,0.7918686270713806,0.08300027996301651,0.1509617120027542,0.4928334057331085,0.16426455974578857,0.8410369157791138
32.65691620000871,-0.3177989721298218,0.791871964931488,0.08296787738800049,0.15101444721221924,0.49286705255508423,0.1644648164510727,0.8409684896469116
32.66085549999843,-0.3178282380104065,0.7918696999549866,0.08293289691209793,0.15079642832279205,0.4929094612598419,0.165071040391922,0.8408640027046204
32.66530829999829,-0.3178505003452301,0.7918877005577087,0.08290642499923706,0.15092867612838745,0.4928901791572571,0.16488385200500488,0.840888261795044
32.66934730000503,-0.31788191199302673,0.7918911576271057,0.08286441117525101,0.1507556140422821,0.4930639863014221,0.16488415002822876,0.840817391872406
32.673437700010254,-0.31791749596595764,0.7918947339057922,0.08282464742660522,0.15058253705501556,0.4932958483695984,0.164723739027977,0.8407438397407532
32.67866240000876,-0.31794995069503784,0.791915237903595,0.08279019594192505,0.15045742690563202,0.4933560788631439,0.16508245468139648,0.8406605124473572
32.68231050000759,-0.31799036264419556,0.7919303774833679,0.0827525407075882,0.15030547976493835,0.4933238923549652,0.1652577966451645,0.8406721353530884
32.68606250001176,-0.3180111348628998,0.7919321656227112,0.08272780478000641,0.15017001330852509,0.49335429072380066,0.16534991562366486,0.8406603932380676
32.69023890000244,-0.31804710626602173,0.7919619083404541,0.08269106596708298,0.15011313557624817,0.49325230717658997,0.16549696028232574,0.8407014608383179
32.694313600004534,-0.31807854771614075,0.7919737100601196,0.08267586678266525,0.15007413923740387,0.4932827055454254,0.1655203253030777,0.840686023235321
32.69874370000616,-0.31809964776039124,0.7919783592224121,0.08265048265457153,0.14985719323158264,0.4932596683502197,0.16561248898506165,0.8407200574874878
32.70260889999918,-0.3181178867816925,0.7919812202453613,0.08262993395328522,0.1498533934354782,0.4932802617549896,0.1656680405139923,0.840697705745697
32.706815199999255,-0.31813645362854004,0.7919765114784241,0.08260735124349594,0.14977039396762848,0.49321481585502625,0.16589154303073883,0.8407068252563477
32.71144179999828,-0.3181467652320862,0.7919748425483704,0.08258883655071259,0.14969402551651,0.4932537078857422,0.16586431860923767,0.840703010559082
32.715166599999066,-0.3181622326374054,0.7919750213623047,0.08256953954696655,0.14954985678195953,0.4932354688644409,0.16597536206245422,0.8407174348831177
32.71936960000312,-0.3181782364845276,0.7919734716415405,0.08255474269390106,0.14962275326251984,0.4931603968143463,0.16611911356449127,0.8407201170921326
32.72337220000918,-0.318191796541214,0.7919743657112122,0.08253692090511322,0.1496155709028244,0.49323615431785583,0.16609323024749756,0.8406820297241211
32.727609499997925,-0.3182065784931183,0.7919762134552002,0.08252927660942078,0.14960666000843048,0.49325045943260193,0.16619618237018585,0.8406549096107483
32.73188020000816,-0.3182245194911957,0.7919761538505554,0.08251798152923584,0.1498342901468277,0.49332553148269653,0.1664000004529953,0.8405300378799438
32.73596689999977,-0.3182433545589447,0.7919719815254211,0.08250481635332108,0.14978301525115967,0.4932822585105896,0.16664448380470276,0.8405160903930664
32.740125800002716,-0.3182589113712311,0.7919843792915344,0.08248673379421234,0.14981549978256226,0.4932732880115509,0.16675971448421478,0.8404927253723145
32.74420080000709,-0.3182746171951294,0.7919856905937195,0.08246773481369019,0.14985206723213196,0.4933249354362488,0.16689980030059814,0.8404280543327332
32.74837800000387,-0.31829383969306946,0.7919880151748657,0.08245155960321426,0.1498267650604248,0.49334871768951416,0.1669909656047821,0.8404005169868469
32.75246380000317,-0.31832021474838257,0.7919962406158447,0.08242989331483841,0.1497691422700882,0.49340754747390747,0.16696320474147797,0.8403817415237427
32.75692240000353,-0.3183390498161316,0.7919974327087402,0.08240054547786713,0.14965124428272247,0.4934297502040863,0.16708853840827942,0.8403648138046265
32.76123499999812,-0.3183641731739044,0.7920008301734924,0.0823797658085823,0.14966599643230438,0.49346262216567993,0.1672225147485733,0.8403162360191345
32.7653871000075,-0.3183915615081787,0.7920032143592834,0.08236192166805267,0.14949147403240204,0.49343597888946533,0.16757449507713318,0.8402928113937378
32.76979800000845,-0.31841638684272766,0.7920149564743042,0.082339346408844,0.14946120977401733,0.4934479892253876,0.1675301045179367,0.8402999639511108
32.773989300010726,-0.3184426724910736,0.7920214533805847,0.08231610059738159,0.14923231303691864,0.49345406889915466,0.1676429659128189,0.8403145670890808
32.77770520000195,-0.3184767961502075,0.7920278906822205,0.08229701220989227,0.14907297492027283,0.49342983961105347,0.1676250845193863,0.840360701084137
32.78212960000383,-0.318501740694046,0.7920312285423279,0.08227602392435074,0.14897169172763824,0.4934341311454773,0.16763204336166382,0.8403747081756592
32.785996300008264,-0.3185341954231262,0.7920469045639038,0.08226770162582397,0.1487731635570526,0.49343472719192505,0.16790826618671417,0.8403543829917908
32.794046800001524,-0.3186030089855194,0.792071521282196,0.08225052058696747,0.1484685242176056,0.49328863620758057,0.16838853061199188,0.8403979539871216
32.79828380000254,-0.3186444044113159,0.7920671701431274,0.08224596828222275,0.14837823808193207,0.4934321939945221,0.16828851401805878,0.8403496742248535
32.802922200004105,-0.3186865448951721,0.7920714020729065,0.08224005252122879,0.148295596241951,0.4933992028236389,0.16852469742298126,0.840336263179779
32.806715900005656,-0.31871938705444336,0.7920722961425781,0.08223308622837067,0.14830461144447327,0.4934638440608978,0.16840314865112305,0.8403211236000061
32.810876200004714,-0.3187611401081085,0.7920712828636169,0.08223152905702591,0.1482142210006714,0.4934270679950714,0.16864237189292908,0.8403106927871704
32.81506530000479,-0.31880390644073486,0.7920712232589722,0.0822288990020752,0.14796611666679382,0.4933747947216034,0.16882705688476562,0.840347945690155
32.819486400010646,-0.31885090470314026,0.792069137096405,0.08222503960132599,0.14802800118923187,0.4934155344963074,0.16889172792434692,0.8403002619743347
32.823763100008364,-0.3188944458961487,0.7920563220977783,0.08223478496074677,0.14802828431129456,0.49356526136398315,0.1688811033964157,0.8402143716812134
32.82765210000798,-0.3189404010772705,0.7920413613319397,0.08223289251327515,0.14812365174293518,0.4935137927532196,0.16900750994682312,0.8402023315429688
32.83220980000624,-0.31900060176849365,0.7920336723327637,0.08222748339176178,0.14820332825183868,0.49361103773117065,0.16925778985023499,0.840080738067627
32.83620200000587,-0.31906068325042725,0.7920146584510803,0.08223189413547516,0.14816495776176453,0.4934650957584381,0.16946502029895782,0.8401315212249756
32.84012100000109,-0.3191186487674713,0.7919946908950806,0.08221708983182907,0.14814764261245728,0.4931580126285553,0.17008636891841888,0.8401892781257629
32.84426900000835,-0.31918033957481384,0.7919788360595703,0.0821981355547905,0.14819666743278503,0.49313122034072876,0.17038656771183014,0.8401355147361755
32.84829940000782,-0.31923457980155945,0.7919511795043945,0.08219624310731888,0.1483527570962906,0.49318981170654297,0.1703442931175232,0.8400822877883911
32.85270840000885,-0.3192873001098633,0.7919312119483948,0.08220230787992477,0.14835722744464874,0.49306049942970276,0.17066940665245056,0.840091347694397
32.856861799999024,-0.31936919689178467,0.7918801307678223,0.08218780159950256,0.14833176136016846,0.4923205077648163,0.17198647558689117,0.8402611613273621
32.86101160000544,-0.3194269835948944,0.7918536067008972,0.08217184245586395,0.148177370429039,0.4923512637615204,0.17200350761413574,0.84026700258255
32.865172400008305,-0.31948792934417725,0.7918264269828796,0.08215521275997162,0.14838002622127533,0.49238675832748413,0.17191265523433685,0.8402289152145386
32.86943560000509,-0.3195371925830841,0.7918015122413635,0.0821506455540657,0.14832408726215363,0.4923332929611206,0.1719866544008255,0.8402550220489502
32.87353840000287,-0.3195829391479492,0.791768491268158,0.08214755356311798,0.14836332201957703,0.4923158586025238,0.17196804285049438,0.8402621150016785
32.877718300005654,-0.31964191794395447,0.791719377040863,0.08212774246931076,0.14887845516204834,0.4922715425491333,0.1718107908964157,0.8402290940284729
32.88181180000538,-0.3196891248226166,0.7916676998138428,0.08212783932685852,0.14904986321926117,0.4923413395881653,0.17180541157722473,0.8401589393615723
32.88593060000858,-0.3197352886199951,0.791622519493103,0.08211381733417511,0.14899134635925293,0.4923844337463379,0.17184308171272278,0.8401364088058472
32.89001630000712,-0.31978172063827515,0.7915863990783691,0.08209425956010818,0.14884863793849945,0.49255403876304626,0.17170508205890656,0.8400904536247253
32.896288200005074,-0.31982114911079407,0.7915380001068115,0.0820862278342247,0.14885979890823364,0.49268314242362976,0.17151764035224915,0.8400510549545288
32.90244470001198,-0.3198980689048767,0.7914676666259766,0.08205753564834595,0.14865340292453766,0.49259060621261597,0.17190726101398468,0.8400622606277466
32.90671970001131,-0.3199344277381897,0.7914270758628845,0.0820397362112999,0.14846916496753693,0.4926067292690277,0.17190949618816376,0.8400849103927612
32.91087839999818,-0.3199698030948639,0.7913918495178223,0.0820252001285553,0.1484464704990387,0.4926104247570038,0.171964630484581,0.8400754928588867
32.92378510000708,-0.32007962465286255,0.7912856936454773,0.08198026567697525,0.14818301796913147,0.49277395009994507,0.17158816754817963,0.8401030898094177
32.92924320000748,-0.3201315104961395,0.7912218570709229,0.08195655047893524,0.1479194164276123,0.49296995997428894,0.17167547345161438,0.8400166630744934
32.93640679999953,-0.32021617889404297,0.7911293506622314,0.08193814754486084,0.14802834391593933,0.4929657280445099,0.1714290827512741,0.8400503396987915
32.94099860001006,-0.3202681541442871,0.7910683751106262,0.08192736655473709,0.14836007356643677,0.49301138520240784,0.17087940871715546,0.8400769829750061
32.94493579999835,-0.3203071057796478,0.7910164594650269,0.0819239392876625,0.14845402538776398,0.49298688769340515,0.17080552875995636,0.8400898575782776
32.94895390000602,-0.320375919342041,0.7909665703773499,0.0819178968667984,0.14849413931369781,0.49298104643821716,0.17093314230442047,0.8400601744651794
32.95272380000097,-0.32041651010513306,0.7909247279167175,0.08191610127687454,0.14852073788642883,0.49291178584098816,0.17095018923282623,0.8400925993919373
32.95698750000156,-0.32046565413475037,0.7908427119255066,0.08188936114311218,0.14869871735572815,0.49325427412986755,0.1699271947145462,0.8400676250457764
32.961395999998786,-0.3205074965953827,0.7908099293708801,0.08189581334590912,0.1489623785018921,0.4930378794670105,0.17054904997348785,0.8400219678878784
32.96512259999872,-0.32055553793907166,0.7907597422599792,0.08187789469957352,0.14866164326667786,0.4931934177875519,0.17000924050807953,0.8400933742523193
32.96930229999998,-0.3206035792827606,0.7907240390777588,0.081886887550354,0.14882884919643402,0.49301156401634216,0.17075064778327942,0.8400201201438904
32.97402239999792,-0.3206474184989929,0.7906731963157654,0.08189266175031662,0.14893531799316406,0.49281418323516846,0.17081376910209656,0.8401042222976685
32.977953200010234,-0.32069388031959534,0.7906203269958496,0.08187016099691391,0.14862096309661865,0.49258676171302795,0.17139101028442383,0.8401756882667542
32.98183699999936,-0.32074978947639465,0.7905829548835754,0.0818638727068901,0.14862360060214996,0.49252304434776306,0.17145906388759613,0.8401987552642822
32.98587889999908,-0.32079559564590454,0.7905404567718506,0.0818578377366066,0.14858569204807281,0.4924633800983429,0.17142191529273987,0.8402479887008667
32.99039830001129,-0.32083380222320557,0.7905009984970093,0.08185840398073196,0.14848899841308594,0.49254149198532104,0.1714354306459427,0.8402165174484253
32.99386640000739,-0.32083380222320557,0.7905009984970093,0.08185840398073196,0.14848899841308594,0.49254149198532104,0.1714354306459427,0.8402165174484253
32.99833970000327,-0.32091596722602844,0.7904168963432312,0.08183356374502182,0.14832855761051178,0.49237343668937683,0.17179043591022491,0.8402708768844604
33.00241800000367,-0.32095468044281006,0.7903815507888794,0.08182701468467712,0.14820538461208344,0.49230289459228516,0.17187447845935822,0.8403167128562927
33.00660590000916,-0.32099607586860657,0.79034423828125,0.0818178802728653,0.14813321828842163,0.4922991693019867,0.1719839721918106,0.8403092622756958
33.01129920000676,-0.3210321366786957,0.7903071045875549,0.08180753141641617,0.14800556004047394,0.49220189452171326,0.17234206199645996,0.8403152823448181
33.01508990000002,-0.3210681974887848,0.790266215801239,0.08179876953363419,0.1478349268436432,0.49212905764579773,0.17236298322677612,0.840383768081665
33.019502800001646,-0.32111144065856934,0.790226399898529,0.08178180456161499,0.14782488346099854,0.49223989248275757,0.1721765249967575,0.8403588533401489
33.02374800000689,-0.3211534321308136,0.790179967880249,0.08175718784332275,0.14764772355556488,0.49196696281433105,0.17292918264865875,0.8403952121734619
33.027713800009224,-0.32119020819664,0.7901324033737183,0.08174853771924973,0.14756762981414795,0.4918832778930664,0.1730426698923111,0.8404349088668823
33.03191240000888,-0.3212308883666992,0.7900877594947815,0.0817389041185379,0.14744244515895844,0.49179738759994507,0.17331260442733765,0.8404515385627747
33.03590480001003,-0.32127469778060913,0.790044903755188,0.0817166119813919,0.14748764038085938,0.49181121587753296,0.1734495609998703,0.8404073119163513
33.04011510001146,-0.32131195068359375,0.7899816632270813,0.08171213418245316,0.14753088355064392,0.491712361574173,0.17338556051254272,0.8404707312583923
33.04423820000375,-0.32135361433029175,0.7899131178855896,0.0817175954580307,0.14752396941184998,0.4917556941509247,0.17324408888816833,0.8404757976531982
33.04855140000291,-0.3214074671268463,0.7898603081703186,0.08169231563806534,0.14713996648788452,0.49128293991088867,0.17456255853176117,0.8405467867851257
33.05278310000722,-0.3214440941810608,0.7897887229919434,0.08168274164199829,0.14729858934879303,0.49124905467033386,0.17455445230007172,0.8405404686927795
33.05680210000719,-0.32148727774620056,0.7897340655326843,0.08166545629501343,0.1472986787557602,0.49131494760513306,0.1749802678823471,0.8404133915901184
33.0610078000027,-0.3215237557888031,0.7896766066551208,0.08164948970079422,0.14732645452022552,0.4911731481552124,0.17535081505775452,0.8404141664505005
33.065157600009115,-0.32155749201774597,0.7896106243133545,0.08161986619234085,0.14725758135318756,0.4912947416305542,0.17533229291439056,0.840359091758728
33.06937850000395,-0.321586549282074,0.7895593643188477,0.08161097019910812,0.1471962183713913,0.4912128150463104,0.1755075305700302,0.8403810262680054
33.073592700005975,-0.321607768535614,0.789503276348114,0.08158685266971588,0.1471346616744995,0.4911936819553375,0.17563822865486145,0.8403757214546204
33.07764010000392,-0.3216478228569031,0.7894586324691772,0.08156374096870422,0.14686687290668488,0.49087759852409363,0.17611397802829742,0.8405076861381531
33.08193920001213,-0.3216608166694641,0.7893877029418945,0.081532321870327,0.1467721164226532,0.4907675087451935,0.17670652270317078,0.840464174747467
33.08597179999924,-0.3216845989227295,0.789323627948761,0.08147571235895157,0.14710934460163116,0.49081751704216003,0.17635102570056915,0.8404507040977478
33.09005120000802,-0.32169437408447266,0.7892668843269348,0.08143044263124466,0.14691242575645447,0.4908297061920166,0.1764725297689438,0.8404524326324463
33.09423840000818,-0.3217106759548187,0.7891886830329895,0.08138076215982437,0.14641538262367249,0.49111422896385193,0.17613887786865234,0.8404430150985718
33.09838049999962,-0.32170626521110535,0.7891324162483215,0.08133888989686966,0.14621980488300323,0.4912327826023102,0.1762714982032776,0.8403799533843994
33.104664200000116,-0.3217093348503113,0.7890719175338745,0.08130304515361786,0.14619752764701843,0.49123841524124146,0.17647786438465118,0.8403372168540955
33.108895000012126,-0.32170945405960083,0.7890015840530396,0.08127259463071823,0.14615240693092346,0.4913216829299927,0.1764199435710907,0.840308666229248
33.11284620000515,-0.3217001259326935,0.7889333367347717,0.08123926818370819,0.14598627388477325,0.4913340210914612,0.1769201159477234,0.840225100517273
33.1168478000036,-0.3216930031776428,0.7888675928115845,0.08121616393327713,0.14597655832767487,0.491352379322052,0.17730867862701416,0.8401340842247009
33.12061920000997,-0.3216981887817383,0.7887855768203735,0.08116786181926727,0.1457604318857193,0.4916393756866455,0.17687605321407318,0.8400949239730835
33.12404059999972,-0.32169583439826965,0.7886810898780823,0.08113615214824677,0.1462763100862503,0.4915834367275238,0.17679499089717865,0.8400550484657288
33.128622600008384,-0.32169869542121887,0.7885782122612,0.0811082050204277,0.1462254524230957,0.4916561245918274,0.17699900269508362,0.8399783968925476
33.13218260000576,-0.3216933608055115,0.7884990572929382,0.08108620345592499,0.14635667204856873,0.4917748272418976,0.1769423931837082,0.8398979902267456
33.13626949999889,-0.32169488072395325,0.7884012460708618,0.08105739951133728,0.1465502679347992,0.49177107214927673,0.17717760801315308,0.8398168683052063
33.14021800000046,-0.3216722309589386,0.7883061170578003,0.08103995025157928,0.14643125236034393,0.49174097180366516,0.17692714929580688,0.8399080038070679
33.14460220000183,-0.321668416261673,0.7881916761398315,0.08100772649049759,0.14710970222949982,0.4918178617954254,0.1764279305934906,0.8398494720458984
33.14874010000494,-0.3216603696346283,0.7880914807319641,0.08098708838224411,0.147218257188797,0.4918501079082489,0.1769358068704605,0.839704692363739
33.15280490000441,-0.3216525614261627,0.7880023121833801,0.08096372336149216,0.14746324717998505,0.4918513000011444,0.17690521478652954,0.839667558670044
33.1573245000036,-0.3216404616832733,0.7879102230072021,0.0809260904788971,0.14745762944221497,0.49185287952423096,0.1771482676267624,0.8396162986755371
33.161578200000804,-0.3216220736503601,0.7878054976463318,0.08089633285999298,0.1472659409046173,0.4919027090072632,0.17775484919548035,0.8394924998283386
33.16560860000027,-0.32160869240760803,0.7876842617988586,0.08083370327949524,0.14751970767974854,0.49185052514076233,0.17767499387264252,0.8394954800605774
33.16930780000985,-0.3215956389904022,0.7875977158546448,0.08078813552856445,0.1473962962627411,0.4918275773525238,0.1778034269809723,0.8395033478736877
33.17349830000603,-0.3215891420841217,0.7874990105628967,0.08073314279317856,0.14697307348251343,0.49210691452026367,0.17737239599227905,0.8395050168037415
33.17830200000026,-0.32156750559806824,0.7874296307563782,0.08068156242370605,0.1469983011484146,0.4920007288455963,0.17761527001857758,0.839511513710022
33.1819317000045,-0.32156646251678467,0.7873405814170837,0.08065222948789597,0.1468104124069214,0.49212267994880676,0.17769299447536469,0.8394564986228943
33.18607700000575,-0.321556955575943,0.7872617244720459,0.08060485869646072,0.14683739840984344,0.4921163022518158,0.17789490520954132,0.8394128084182739
33.19062330000452,-0.3215477168560028,0.7871958613395691,0.08056358993053436,0.14669789373874664,0.4921584725379944,0.1781054586172104,0.8393678069114685
33.194365600007586,-0.32153478264808655,0.7871227264404297,0.08052174746990204,0.14660526812076569,0.4920731484889984,0.1783147007226944,0.8393895030021667
33.19849370000884,-0.32152584195137024,0.7870537638664246,0.08047913014888763,0.14641410112380981,0.4920317530632019,0.17862480878829956,0.839381217956543
33.206849900001544,-0.32151496410369873,0.78692227602005,0.08040383458137512,0.1461997926235199,0.49194979667663574,0.1794072687625885,0.839299738407135
33.21103590000712,-0.3215162754058838,0.786865234375,0.08036702871322632,0.14603781700134277,0.49192482233047485,0.1798066347837448,0.8392571210861206
33.215015200010384,-0.32151901721954346,0.78680419921875,0.08032530546188354,0.14593243598937988,0.49214982986450195,0.17975878715515137,0.8391537666320801
33.21933380000701,-0.3215285837650299,0.786751389503479,0.08028971403837204,0.14569440484046936,0.49211257696151733,0.1803344339132309,0.8390935063362122
33.22337320000224,-0.32154539227485657,0.786701500415802,0.08025654405355453,0.14544783532619476,0.4921186566352844,0.18076997995376587,0.8390389084815979
33.22741130000213,-0.32155629992485046,0.7866559028625488,0.08022861927747726,0.14532576501369476,0.4921962022781372,0.1810389757156372,0.8389565944671631
33.23140240000794,-0.3215641379356384,0.7866085767745972,0.08019500970840454,0.1450919657945633,0.4922603368759155,0.18135973811149597,0.8388901352882385
33.235155800008215,-0.3215641379356384,0.7866085767745972,0.08019500970840454,0.1450919657945633,0.4922603368759155,0.18135973811149597,0.8388901352882385
33.24012260000745,-0.32157808542251587,0.7865206003189087,0.08014005422592163,0.14484715461730957,0.4921312630176544,0.18252749741077423,0.8387549519538879
33.244242500004475,-0.3215884566307068,0.7864794731140137,0.08012314140796661,0.14472144842147827,0.49212759733200073,0.18288056552410126,0.8387018442153931
33.248643900005845,-0.32159313559532166,0.7864315509796143,0.0800962820649147,0.14458505809307098,0.49206575751304626,0.18310825526714325,0.8387120366096497
33.252697000003536,-0.32159852981567383,0.7863729596138,0.08006960898637772,0.1444033831357956,0.49193498492240906,0.18367907404899597,0.8386951684951782
33.2568908000103,-0.32160821557044983,0.7863255739212036,0.08006457984447479,0.14443589746952057,0.49192580580711365,0.18402932584285736,0.8386181592941284
33.260979400001816,-0.32160627841949463,0.7862794995307922,0.08005192875862122,0.14453886449337006,0.49190986156463623,0.18419833481311798,0.8385726809501648
33.26571560000593,-0.32161247730255127,0.7862277626991272,0.08004158735275269,0.14452490210533142,0.491864413022995,0.18441011011600494,0.8385552167892456
33.26947700000892,-0.321611613035202,0.7861735820770264,0.08003197610378265,0.144559845328331,0.49172332882881165,0.18479272723197937,0.8385477662086487
33.27367090000189,-0.3216114044189453,0.7861219048500061,0.08003585785627365,0.1446484625339508,0.491584450006485,0.1848594844341278,0.8385991454124451
33.27768559999822,-0.3216054439544678,0.7860687971115112,0.08002721518278122,0.14458119869232178,0.49137648940086365,0.18538720905780792,0.8386160731315613
33.2821937000117,-0.32160520553588867,0.7860153913497925,0.08002347499132156,0.14449794590473175,0.4915009140968323,0.18527516722679138,0.8385822772979736
33.28599430000759,-0.3216053247451782,0.785960853099823,0.08001668006181717,0.14438407123088837,0.4914717674255371,0.1853664368391037,0.8385988473892212
33.29047730000457,-0.3216031789779663,0.7859029769897461,0.08000222593545914,0.14476646482944489,0.4916495680809021,0.18495911359786987,0.8385186195373535
33.294306900002994,-0.32159918546676636,0.7858515977859497,0.07999944686889648,0.1447397768497467,0.49163949489593506,0.18491032719612122,0.8385398983955383
33.298366700008046,-0.32159581780433655,0.7857939600944519,0.07998248934745789,0.1446860134601593,0.4914555549621582,0.18547454476356506,0.8385323286056519
33.30245990000549,-0.3215920329093933,0.7857354879379272,0.07996946573257446,0.14468632638454437,0.49151161313056946,0.18542994558811188,0.8385093808174133
33.30654859999777,-0.32158660888671875,0.7856814861297607,0.07996309548616409,0.14475709199905396,0.4915398359298706,0.1853463500738144,0.8384990692138672
33.310877800002345,-0.3215942084789276,0.7856231927871704,0.07997903972864151,0.14461220800876617,0.4911138713359833,0.18559981882572174,0.8387176394462585
33.31574200000614,-0.3215903043746948,0.7855640649795532,0.07997207343578339,0.14472070336341858,0.4911351203918457,0.1856636255979538,0.8386722803115845
33.31996249999793,-0.32159602642059326,0.7854979634284973,0.07997027039527893,0.14457543194293976,0.49115046858787537,0.18559539318084717,0.838703453540802
33.327112200000556,-0.3216138184070587,0.7853717803955078,0.07998042553663254,0.1444632112979889,0.4910845160484314,0.18610674142837524,0.8386481404304504
33.33146030000353,-0.3216249644756317,0.7853217720985413,0.07998163998126984,0.1444959044456482,0.4909801185131073,0.18620644509792328,0.8386815190315247
33.33575589999964,-0.3216376304626465,0.7852683067321777,0.07998241484165192,0.14435096085071564,0.4908745586872101,0.18641987442970276,0.8387209177017212
33.340260600001784,-0.32166948914527893,0.7851834893226624,0.07996223866939545,0.1446855515241623,0.4908654987812042,0.18596570193767548,0.8387693166732788
33.34458889999951,-0.32168489694595337,0.785123884677887,0.07995213568210602,0.14452601969242096,0.4907839596271515,0.1860942393541336,0.8388159871101379
33.34882660000585,-0.3217039108276367,0.7850781083106995,0.07994858920574188,0.14445248246192932,0.49079304933547974,0.1858547329902649,0.8388764262199402
33.354830000011134,-0.32172417640686035,0.7850122451782227,0.07994241267442703,0.14418376982212067,0.49068814516067505,0.18606486916542053,0.8389374613761902
33.35894420000841,-0.32174935936927795,0.7849722504615784,0.07993525266647339,0.14401575922966003,0.49068138003349304,0.18603606522083282,0.8389766812324524
33.3630387000012,-0.3217671811580658,0.7849252820014954,0.07990958541631699,0.1438586562871933,0.49069178104400635,0.18584193289279938,0.8390405178070068
33.36698310000065,-0.3217867314815521,0.7848872542381287,0.07989035546779633,0.14350850880146027,0.490658700466156,0.1859847903251648,0.8390882015228271
33.37085459999798,-0.32179689407348633,0.7848315238952637,0.07986634969711304,0.1432201862335205,0.4906010627746582,0.18603770434856415,0.8391594290733337
33.37472050001088,-0.32181647419929504,0.7847984433174133,0.0798553079366684,0.14303579926490784,0.49054402112960815,0.1861155927181244,0.8392069935798645
33.37813009999809,-0.3218356668949127,0.7847490906715393,0.07981806993484497,0.1427290290594101,0.49080631136894226,0.1854122430086136,0.839261531829834
33.381772100008675,-0.32185664772987366,0.7847110033035278,0.07981493324041367,0.14270590245723724,0.49081069231033325,0.1853865087032318,0.8392686247825623
33.386158799999976,-0.32187607884407043,0.7846720814704895,0.07982876151800156,0.14274418354034424,0.4906640350818634,0.18538899719715118,0.8393473029136658
33.39015350000409,-0.3219050467014313,0.7846279144287109,0.07983284443616867,0.14281947910785675,0.49076908826828003,0.1851036101579666,0.8393360376358032
33.394270000004326,-0.321933388710022,0.784589409828186,0.07983982563018799,0.14272193610668182,0.4907192885875702,0.18520042300224304,0.8393604159355164
33.39828269999998,-0.3219597041606903,0.7845407724380493,0.07984819263219833,0.14263436198234558,0.4906023442745209,0.1854577660560608,0.8393868207931519
33.40245639999921,-0.3219875693321228,0.7844996452331543,0.07985926419496536,0.14258205890655518,0.49058374762535095,0.18562300503253937,0.83937007188797
33.40686970000388,-0.3220348060131073,0.7844683527946472,0.07987017184495926,0.14245182275772095,0.4903702139854431,0.18563693761825562,0.8395138382911682
33.41100920000463,-0.3220687806606293,0.7844035029411316,0.07987254858016968,0.14293000102043152,0.49042457342147827,0.1855442374944687,0.839421272277832
33.41513330000453,-0.322108656167984,0.7843637466430664,0.0798831656575203,0.14277447760105133,0.4902467727661133,0.18571439385414124,0.8395139575004578
33.42076090000046,-0.32215893268585205,0.7843232154846191,0.07987480610609055,0.14266522228717804,0.4900680482387543,0.18658898770809174,0.8394429683685303
33.42421300000569,-0.32219868898391724,0.7842778563499451,0.07989095151424408,0.14269191026687622,0.49006277322769165,0.18669182062149048,0.8394186496734619
33.42792260000715,-0.3222341537475586,0.7842319011688232,0.07990085333585739,0.14253263175487518,0.48998183012008667,0.18716268241405487,0.8393881320953369
33.43179110001074,-0.3222750127315521,0.7841686010360718,0.07990256696939468,0.1423935443162918,0.4897494614124298,0.18786056339740753,0.8393913507461548
33.43671660000109,-0.3223133385181427,0.7841233015060425,0.07990880310535431,0.1423298418521881,0.4896426200866699,0.18817347288131714,0.8393945097923279
33.440775800001575,-0.32236218452453613,0.7840710282325745,0.07989248633384705,0.1420615315437317,0.4892924129962921,0.1891220360994339,0.8394309282302856
33.44446379999863,-0.32239609956741333,0.7840238809585571,0.0799022689461708,0.14184200763702393,0.4892086088657379,0.1894603669643402,0.8394405841827393
33.44861469999887,-0.3224340081214905,0.7839847803115845,0.0799119770526886,0.14167211949825287,0.48912277817726135,0.1897466480731964,0.8394546508789062
33.452862800011644,-0.32247230410575867,0.7839449644088745,0.07992402464151382,0.1415414810180664,0.48912015557289124,0.19006827473640442,0.8394054770469666
33.45698230000562,-0.3225245475769043,0.7838932871818542,0.07993016391992569,0.1412767916917801,0.4893149733543396,0.1901131123304367,0.8393263816833496
33.46139090000361,-0.32257044315338135,0.7838596105575562,0.07993127405643463,0.14108575880527496,0.48925426602363586,0.1905430108308792,0.8392964005470276
33.4653876000084,-0.3226238191127777,0.7838316559791565,0.07993271201848984,0.1410468965768814,0.4893907904624939,0.19064861536026,0.8391993045806885
33.469708600008744,-0.3226758539676666,0.7838163375854492,0.07992865890264511,0.14084747433662415,0.48941293358802795,0.19070225954055786,0.8392077088356018
33.473462200010545,-0.3227323293685913,0.7837937474250793,0.07993203401565552,0.1405443400144577,0.4892779290676117,0.19093231856822968,0.8392849564552307
33.477764399998705,-0.322787880897522,0.7837768793106079,0.07993491739034653,0.14015761017799377,0.489202082157135,0.19140979647636414,0.8392850756645203
33.48256499999843,-0.32285377383232117,0.78376704454422,0.07993298768997192,0.13988366723060608,0.48917022347450256,0.1919317990541458,0.8392302393913269
33.48685739999928,-0.32291746139526367,0.7837669849395752,0.07995087653398514,0.13971686363220215,0.48917749524116516,0.1924360692501068,0.8391382098197937
33.49069070001133,-0.3229772746562958,0.7837511897087097,0.07996590435504913,0.1391768753528595,0.48915284872055054,0.1929832398891449,0.839116632938385
33.494340400007786,-0.3230363428592682,0.7837405204772949,0.07998102903366089,0.13888241350650787,0.4890235662460327,0.19361476600170135,0.8390953540802002
33.49874200001068,-0.32308122515678406,0.7837446928024292,0.08001385629177094,0.13833731412887573,0.48884284496307373,0.19427402317523956,0.8391383290290833
33.50393210000766,-0.323134183883667,0.7837502360343933,0.08004412055015564,0.13819527626037598,0.48895263671875,0.19458647072315216,0.8390253186225891
33.507471800010535,-0.32319214940071106,0.7837568521499634,0.08007120341062546,0.1379859894514084,0.4889223873615265,0.19510023295879364,0.8389581441879272
33.51130680000642,-0.3232497572898865,0.7837631106376648,0.08009374141693115,0.13772091269493103,0.48888227343559265,0.1955706775188446,0.8389155268669128
33.515185199998086,-0.3233059048652649,0.7837803959846497,0.08012616634368896,0.1375020146369934,0.4889451861381531,0.19566018879413605,0.8388938307762146
33.51940309999918,-0.3233563303947449,0.7837951183319092,0.08014913648366928,0.13722744584083557,0.48894059658050537,0.19617794454097748,0.8388205170631409
33.525324000002,-0.32340627908706665,0.7838102579116821,0.08018096536397934,0.13697324693202972,0.4888993501663208,0.19646011292934418,0.8388200998306274
33.52942510000139,-0.32346823811531067,0.7838094234466553,0.08019226789474487,0.13719835877418518,0.488881915807724,0.19637930393218994,0.8388124108314514
33.53285770000366,-0.3235150873661041,0.7838321924209595,0.08021282404661179,0.13687115907669067,0.4889204502105713,0.19639480113983154,0.8388397693634033
33.536132799999905,-0.32358258962631226,0.7838416695594788,0.08022770285606384,0.1364913135766983,0.4888196587562561,0.1969645619392395,0.8388268351554871
33.540439300006256,-0.32363030314445496,0.7838695049285889,0.08024352043867111,0.13611330091953278,0.48870688676834106,0.19697584211826324,0.8389513492584229
33.544593300001,-0.32368579506874084,0.7839354872703552,0.08025597035884857,0.13524764776229858,0.488677978515625,0.19702377915382385,0.8390968441963196
33.54848140000831,-0.3237452507019043,0.7839679718017578,0.08027517050504684,0.134791299700737,0.48850974440574646,0.19710160791873932,0.8392499685287476
33.55282870000519,-0.3238094449043274,0.7840047478675842,0.0802977904677391,0.13414715230464935,0.4883610010147095,0.1974797248840332,0.8393508195877075
33.55670420000388,-0.3238701820373535,0.7840589880943298,0.08032386004924774,0.13390572369098663,0.48833608627319336,0.1975424736738205,0.8393890857696533
33.560936499998206,-0.3239460289478302,0.7840971350669861,0.08035877346992493,0.1333763301372528,0.4882305860519409,0.19764985144138336,0.8395094871520996
33.565037699998356,-0.32402265071868896,0.7841420769691467,0.08041290193796158,0.13273300230503082,0.48807385563850403,0.1980099081993103,0.8396177291870117
33.5692820000113,-0.324118047952652,0.7841842174530029,0.08045763522386551,0.13243292272090912,0.4878527820110321,0.19865690171718597,0.8396408557891846
33.573606700010714,-0.32419344782829285,0.7842168211936951,0.08048982918262482,0.13218854367733002,0.4878503084182739,0.19904741644859314,0.8395882248878479
33.57764830000815,-0.3242611587047577,0.7842398285865784,0.0805131122469902,0.13173548877239227,0.48785990476608276,0.19921787083148956,0.8396134376525879
33.5820209000085,-0.32432952523231506,0.7842711210250854,0.08054894208908081,0.13151247799396515,0.4878022372722626,0.19959811866283417,0.8395915627479553
33.585982200005674,-0.32439666986465454,0.7843063473701477,0.08059413731098175,0.13095678389072418,0.48746228218078613,0.2002183496952057,0.8397281765937805
33.590609700011555,-0.3244500458240509,0.7843415141105652,0.08063141256570816,0.1305484026670456,0.48728686571121216,0.20052023231983185,0.8398215770721436
33.59460370001034,-0.32450926303863525,0.7843775153160095,0.08066768199205399,0.13026106357574463,0.4872605800628662,0.20104306936264038,0.839756429195404
33.59884740000416,-0.3245566487312317,0.7844119071960449,0.08071301132440567,0.12972216308116913,0.48701295256614685,0.20133303105831146,0.8399140238761902
33.60371110000415,-0.324603408575058,0.7844305038452148,0.08075573295354843,0.12951670587062836,0.48676741123199463,0.2019861340522766,0.8399311900138855
33.60719580001023,-0.32465097308158875,0.7844420075416565,0.08080565184354782,0.12951554358005524,0.48663216829299927,0.2022436261177063,0.8399478793144226
33.611135099999956,-0.3247165381908417,0.784450113773346,0.08085291087627411,0.12935660779476166,0.4862906038761139,0.2027120739221573,0.8400571942329407
33.61565320000227,-0.3247700035572052,0.7844711542129517,0.08089176565408707,0.12920832633972168,0.4861294627189636,0.20323067903518677,0.8400480151176453
33.61944840000069,-0.3248263895511627,0.7844860553741455,0.08092592656612396,0.12890927493572235,0.4861083924770355,0.2034330666065216,0.8400571346282959
33.62351760000456,-0.32488229870796204,0.784500002861023,0.08096400648355484,0.12854228913784027,0.4859202206134796,0.2038855254650116,0.840112566947937
33.62772990000667,-0.3249463438987732,0.7845234274864197,0.0810014009475708,0.12792697548866272,0.48568427562713623,0.20456162095069885,0.8401785492897034
33.63190760000725,-0.3250041902065277,0.7845437526702881,0.08102472126483917,0.12760800123214722,0.4855983257293701,0.20483440160751343,0.8402102589607239
33.63599850000173,-0.3250620365142822,0.784569501876831,0.08105668425559998,0.1272580474615097,0.4855199158191681,0.20509177446365356,0.8402458429336548
33.63998960000754,-0.3251248002052307,0.7845995426177979,0.08108782023191452,0.12679226696491241,0.4854072630405426,0.20584332942962646,0.8401976227760315
33.64415310000186,-0.3251948058605194,0.7846271395683289,0.08110662549734116,0.12628838419914246,0.4853181540966034,0.20614787936210632,0.8402503132820129
33.64812600000005,-0.32526695728302,0.7846576571464539,0.08113840222358704,0.12586723268032074,0.48515766859054565,0.206668883562088,0.8402782082557678
33.6525127000059,-0.32536017894744873,0.7846859693527222,0.08115717768669128,0.1250704973936081,0.48468947410583496,0.2081001251935959,0.8403141498565674
33.656697300000815,-0.3254401683807373,0.7847261428833008,0.08118949085474014,0.12435288727283478,0.4844004213809967,0.20878656208515167,0.8404170274734497
33.66089230000216,-0.32552570104599,0.7847522497177124,0.08122391998767853,0.12375994026660919,0.48433277010917664,0.20922666788101196,0.8404340744018555
33.66509270000097,-0.32561084628105164,0.7847782373428345,0.08125317096710205,0.12319676578044891,0.484206885099411,0.20971378684043884,0.8404679298400879
33.671272600011434,-0.3256959021091461,0.7848105430603027,0.08129291981458664,0.12267927080392838,0.4840123951435089,0.21026933193206787,0.8405168652534485
33.675216100004036,-0.32577913999557495,0.7848382592201233,0.08133163303136826,0.12206990271806717,0.4837913513183594,0.2108362913131714,0.8405908346176147
33.67986830000882,-0.3258574903011322,0.7848744988441467,0.08139660209417343,0.12128593027591705,0.483547568321228,0.21139514446258545,0.8407042026519775
33.68388409999898,-0.3259475529193878,0.7848929762840271,0.08143280446529388,0.12102506309747696,0.4831034541130066,0.21263718605041504,0.8406838774681091
33.68771579999884,-0.32604026794433594,0.7849095463752747,0.08148908615112305,0.12121371179819107,0.4829607605934143,0.21252939105033875,0.8407659530639648
33.691452600003686,-0.3261069357395172,0.7849478721618652,0.08155953884124756,0.12115528434515,0.48292118310928345,0.21262304484844208,0.8407734632492065
33.69505229999777,-0.3261784613132477,0.7849692702293396,0.08161622285842896,0.12092450261116028,0.48278409242630005,0.21297363936901093,0.8407966494560242
33.69883030001074,-0.32626140117645264,0.7850087285041809,0.08168289065361023,0.12083819508552551,0.4825148582458496,0.21317283809185028,0.8409131169319153
33.702619800009415,-0.3263223171234131,0.7850366830825806,0.08174463361501694,0.1208239421248436,0.48240527510643005,0.21323837339878082,0.8409614562988281
33.707207300001755,-0.32638025283813477,0.7850680351257324,0.08181606978178024,0.12090495973825455,0.48263388872146606,0.21278110146522522,0.8409344553947449
33.71129380000639,-0.32643067836761475,0.7850841283798218,0.0818835198879242,0.12071976810693741,0.48244014382362366,0.2129196971654892,0.8410371541976929
33.71533070001169,-0.3264977037906647,0.7851069569587708,0.08194351196289062,0.12075018137693405,0.48203572630882263,0.2132302224636078,0.841185986995697
33.719690199999604,-0.32655566930770874,0.7851284742355347,0.08197988569736481,0.12067749351263046,0.4817672669887543,0.21343013644218445,0.8412994742393494
33.72359150000557,-0.32662391662597656,0.7851669788360596,0.08202032744884491,0.12046438455581665,0.4818827211856842,0.21360808610916138,0.8412187099456787
33.72819010000967,-0.326684832572937,0.7851869463920593,0.08206392079591751,0.12032784521579742,0.48166364431381226,0.2136409878730774,0.8413554430007935
33.732040400005644,-0.3267517387866974,0.7852014899253845,0.08210109919309616,0.12022769451141357,0.4814390540122986,0.21373502910137177,0.8414743542671204
33.736325400008354,-0.32680803537368774,0.7852141261100769,0.08214353024959564,0.1200205534696579,0.48133793473243713,0.21384859085083008,0.8415329456329346
33.74034699999902,-0.3268621563911438,0.7852123975753784,0.08219363540410995,0.11981268227100372,0.4811355769634247,0.21432439982891083,0.8415572047233582
33.74450240000442,-0.3269236385822296,0.78522789478302,0.08223374933004379,0.11962832510471344,0.4810507893562317,0.2143438160419464,0.8416270017623901
33.748777400003746,-0.3269888758659363,0.7852323055267334,0.08228016644716263,0.11944620311260223,0.48091569542884827,0.2141772210597992,0.8417723774909973
33.75446209999791,-0.32705825567245483,0.7852495908737183,0.08230731636285782,0.1191350519657135,0.4808773398399353,0.21443089842796326,0.8417738676071167
33.75818550000258,-0.3271245062351227,0.7852662205696106,0.08235951513051987,0.11898632347583771,0.48062586784362793,0.21439416706562042,0.8419477939605713
33.76282610000635,-0.3271918296813965,0.7852934002876282,0.0823739692568779,0.11851076781749725,0.4806573688983917,0.21471823751926422,0.8419143557548523
33.766812800007756,-0.3272740840911865,0.7853202819824219,0.08242674916982651,0.11799723654985428,0.4803246557712555,0.21509294211864471,0.8420807719230652
33.77037900000869,-0.3273523449897766,0.7853520512580872,0.08244515210390091,0.11745303869247437,0.48039406538009644,0.21530167758464813,0.842063844203949
33.77371459999995,-0.32745039463043213,0.785371720790863,0.08248051255941391,0.11711388826370239,0.4802992045879364,0.21571628749370575,0.8420591354370117
33.777799900009995,-0.32753607630729675,0.7854184508323669,0.08251192420721054,0.11671056598424911,0.4802887737751007,0.21636013686656952,0.841955840587616
33.781920400011586,-0.32762157917022705,0.7854515314102173,0.08254512399435043,0.11625570803880692,0.4802226126194,0.21662737429141998,0.8419877886772156
33.785917000001064,-0.3277035057544708,0.7854984402656555,0.08257501572370529,0.11588962376117706,0.4801649749279022,0.2167079895734787,0.8420503735542297
33.790430400011246,-0.3277922570705414,0.7855438590049744,0.08261072635650635,0.11545906215906143,0.4801274240016937,0.21680143475532532,0.8421068787574768
33.798502200006624,-0.3279553949832916,0.7856416702270508,0.0826708972454071,0.11460909247398376,0.48010051250457764,0.21769101917743683,0.8420088291168213
33.802703500012285,-0.3280312120914459,0.7856900095939636,0.08270692080259323,0.11423704028129578,0.47999340295791626,0.21804922819137573,0.8420277237892151
33.80665050000243,-0.3281078040599823,0.7857484221458435,0.08276255428791046,0.11353427171707153,0.47966092824935913,0.21863049268722534,0.8421615958213806
33.81080640001164,-0.32817867398262024,0.7858211398124695,0.08280619978904724,0.1131487563252449,0.4796407222747803,0.21893924474716187,0.8421447277069092
33.81502730000648,-0.3282804489135742,0.7858847379684448,0.0828438252210617,0.11296942830085754,0.47937193512916565,0.2193569540977478,0.8422131538391113
33.81928830000106,-0.3283577859401703,0.7859469652175903,0.08289631456136703,0.11278903484344482,0.47930362820625305,0.21943995356559753,0.8422545790672302
33.82352920000267,-0.3284521996974945,0.7860123515129089,0.08293526619672775,0.11259353905916214,0.4791727066040039,0.2196630984544754,0.8422970175743103
33.82780480000656,-0.3285326659679413,0.7861049771308899,0.08298420906066895,0.1123911440372467,0.4791868329048157,0.21962907910346985,0.84232497215271
33.83191340000485,-0.3286028206348419,0.7861809134483337,0.08303095400333405,0.11208070069551468,0.4790477156639099,0.2202010154724121,0.8422961235046387
33.83598780000466,-0.32868802547454834,0.7862610220909119,0.08309324830770493,0.11149166524410248,0.47873517870903015,0.22051645815372467,0.8424694538116455
33.84014330001082,-0.3287619352340698,0.7863261699676514,0.08313810080289841,0.11138488352298737,0.4785822629928589,0.2209152728319168,0.8424659371376038
33.8443694000016,-0.32886233925819397,0.7864029407501221,0.08317708224058151,0.11088024824857712,0.4784345030784607,0.22126546502113342,0.842524528503418
33.848336300012306,-0.3289449214935303,0.7864866852760315,0.08321937173604965,0.11064884811639786,0.4781861901283264,0.22209781408309937,0.8424769043922424
33.85272740000801,-0.32904645800590515,0.7865604162216187,0.08324836939573288,0.11024515330791473,0.47797441482543945,0.22276251018047333,0.8424745202064514
33.8568246000068,-0.3291501998901367,0.786644458770752,0.0832810327410698,0.10963653773069382,0.4776352643966675,0.22340093553066254,0.8425772190093994
33.8610680999991,-0.3292662799358368,0.786719560623169,0.08329344540834427,0.10943204909563065,0.4775288999080658,0.22372356057167053,0.8425785303115845
33.865827600006014,-0.3293781280517578,0.7868077754974365,0.08331615477800369,0.10901925712823868,0.47730839252471924,0.22428935766220093,0.8426065444946289
33.869478900000104,-0.32948923110961914,0.786883533000946,0.08332819491624832,0.10824280977249146,0.47714805603027344,0.2249326854944229,0.8426259756088257
33.87360800000897,-0.3295937478542328,0.7869937419891357,0.08338145166635513,0.10785797983407974,0.4765864610671997,0.22617466747760773,0.8426607251167297
33.87770420000015,-0.3297044336795807,0.7871025800704956,0.08340618759393692,0.10710424184799194,0.47599223256111145,0.22735118865966797,0.8427760601043701
33.881858900000225,-0.3298105001449585,0.7872085571289062,0.08344847708940506,0.10646820068359375,0.47565096616744995,0.22821180522441864,0.8428167104721069
33.88598390000698,-0.32993096113204956,0.7873237729072571,0.08349797874689102,0.10593901574611664,0.47511184215545654,0.229101300239563,0.8429461121559143
33.88999930000864,-0.33003950119018555,0.7874441146850586,0.08354955166578293,0.10522101819515228,0.47449398040771484,0.23046649992465973,0.8430119752883911
33.894209899997804,-0.3301588296890259,0.7875804305076599,0.08359630405902863,0.10484953224658966,0.4744166135787964,0.23053883016109467,0.8430820107460022
33.89853550000407,-0.33025842905044556,0.7877066731452942,0.08365993946790695,0.10477931797504425,0.47417527437210083,0.23116348683834076,0.8430554866790771
33.90282970000408,-0.3303464949131012,0.7878263592720032,0.08370564132928848,0.10476170480251312,0.47405773401260376,0.23152440786361694,0.843024730682373
33.90747270001157,-0.3304480016231537,0.787930965423584,0.08375522494316101,0.10464945435523987,0.4739258289337158,0.23167048394680023,0.8430727124214172
33.91104410000844,-0.33053213357925415,0.7880597114562988,0.08379743248224258,0.10383165627717972,0.47379669547080994,0.23225975036621094,0.8430843353271484
33.91456580000522,-0.33053213357925415,0.7880597114562988,0.08379743248224258,0.10383165627717972,0.47379669547080994,0.23225975036621094,0.8430843353271484
33.91887439999846,-0.330684095621109,0.7882981300354004,0.0839109793305397,0.10254816710948944,0.4734845459461212,0.23267239332199097,0.8433029055595398
33.92308710000361,-0.3307599127292633,0.7884100675582886,0.0839666873216629,0.10202647000551224,0.4732072651386261,0.233092799782753,0.8434057235717773
33.92746370000532,-0.33084481954574585,0.7885220646858215,0.08401904255151749,0.10166605561971664,0.47304463386535645,0.23346970975399017,0.8434363007545471
33.931580900010886,-0.3309418857097626,0.7886319756507874,0.08406320959329605,0.10103192180395126,0.4729423224925995,0.23419228196144104,0.8433694243431091
33.93624300000374,-0.331053763628006,0.7887606620788574,0.08411701768636703,0.10035674273967743,0.4724119305610657,0.23435410857200623,0.8437023758888245
33.941982400006964,-0.33115360140800476,0.7888875007629395,0.0841788500547409,0.09972561150789261,0.4720170199871063,0.23445847630500793,0.8439691662788391
33.94598030000634,-0.3312433958053589,0.7889964580535889,0.08423076570034027,0.09930003434419632,0.4717605710029602,0.23456603288650513,0.8441328406333923
33.949646900000516,-0.3313392698764801,0.7890949249267578,0.08428115397691727,0.09903828799724579,0.47156035900115967,0.23438936471939087,0.84432452917099
33.95300280000083,-0.3314383924007416,0.7892009615898132,0.08433123677968979,0.09891526401042938,0.4715385437011719,0.23403207957744598,0.8444502353668213
33.95686289999867,-0.33155590295791626,0.7893111705780029,0.08438100665807724,0.09864675253629684,0.471340149641037,0.23380587995052338,0.8446550369262695
33.96229999999923,-0.33166444301605225,0.7894238829612732,0.08443695306777954,0.09844517707824707,0.47094079852104187,0.23401807248592377,0.8448424339294434
33.9657423000026,-0.3317682445049286,0.7895371913909912,0.08448854088783264,0.09827462583780289,0.4707171320915222,0.23453009128570557,0.8448449969291687
33.96971160000248,-0.3318746089935303,0.789676308631897,0.08455878496170044,0.0980166345834732,0.4701973497867584,0.2355218529701233,0.8448885679244995
33.97347360001004,-0.33199167251586914,0.7897882461547852,0.08462128043174744,0.09755630046129227,0.47024214267730713,0.2352449744939804,0.8449940085411072
33.97820430000138,-0.33209720253944397,0.7899015545845032,0.08468466997146606,0.09704376757144928,0.47000929713249207,0.2357502430677414,0.8450417518615723
33.9817761000013,-0.3322024345397949,0.7900026440620422,0.08474370092153549,0.09648844599723816,0.4697851240634918,0.23608967661857605,0.8451352715492249
33.98587650000991,-0.33232659101486206,0.7901195883750916,0.08481873571872711,0.09604273736476898,0.46972814202308655,0.23590055108070374,0.8452705144882202
33.99116510000022,-0.33242931962013245,0.7902144193649292,0.08486645668745041,0.09568043053150177,0.4695831537246704,0.23620614409446716,0.8453067541122437
33.99468020000495,-0.33253347873687744,0.7903186678886414,0.08491916209459305,0.09511736035346985,0.46948257088661194,0.23650726675987244,0.8453420400619507
33.998455699998885,-0.3326468765735626,0.7904331088066101,0.08496714383363724,0.09428872913122177,0.4695065915584564,0.23691828548908234,0.8453064560890198
34.00267270000768,-0.3327498733997345,0.7905272245407104,0.08502624928951263,0.09404046833515167,0.46945804357528687,0.2372109591960907,0.8452789187431335
34.00714180000068,-0.3328467607498169,0.790616512298584,0.08508651703596115,0.09372658282518387,0.4691927134990692,0.2377179116010666,0.8453187942504883
34.01134290000482,-0.3329508900642395,0.7907198071479797,0.08517171442508698,0.09359797835350037,0.4687900245189667,0.23844203352928162,0.8453525304794312
34.01509950000036,-0.3330552875995636,0.7908208966255188,0.08522903919219971,0.09364614635705948,0.46865251660346985,0.2391483336687088,0.8452237844467163
34.019569500000216,-0.33317747712135315,0.7909165024757385,0.08530092239379883,0.09317843616008759,0.46820953488349915,0.23943065106868744,0.8454410433769226
34.02383190000546,-0.33328747749328613,0.7910305261611938,0.08536949008703232,0.09286452829837799,0.46775248646736145,0.23985996842384338,0.8456068634986877
34.02781210000103,-0.3333946466445923,0.7911462783813477,0.08543933182954788,0.09256630390882492,0.46752145886421204,0.2402060180902481,0.8456690907478333
34.031871500003035,-0.33349061012268066,0.7912530899047852,0.08551451563835144,0.09267371147871017,0.46709495782852173,0.24077662825584412,0.8457307815551758
34.03643980000925,-0.33358633518218994,0.7913680076599121,0.08558941632509232,0.09226340800523758,0.46679383516311646,0.24123157560825348,0.845812201499939
34.04110590000346,-0.33367401361465454,0.7914674282073975,0.08562639355659485,0.09218966960906982,0.4665304720401764,0.24127821624279022,0.8459522724151611
34.04611080000177,-0.33377835154533386,0.7915703654289246,0.0856870487332344,0.09233101457357407,0.4667295515537262,0.24041962623596191,0.8460714221000671
34.05060539999977,-0.333889365196228,0.7916575074195862,0.08571542054414749,0.0921861082315445,0.46651893854141235,0.24088504910469055,0.8460710048675537
34.05440720000479,-0.333976686000824,0.7917661666870117,0.08574602752923965,0.09199579060077667,0.46647003293037415,0.2407449334859848,0.8461585640907288
34.0580142000108,-0.334078311920166,0.7918658256530762,0.08580093830823898,0.09172523766756058,0.4661605656147003,0.2407589852809906,0.8463544845581055
34.061432300004526,-0.33419299125671387,0.7919697165489197,0.08582523465156555,0.09170789271593094,0.46625250577926636,0.2400333285331726,0.8465118408203125
34.065196000010474,-0.33431679010391235,0.7920845150947571,0.0858791172504425,0.09077040106058121,0.4659992754459381,0.23985199630260468,0.8468036651611328
34.069223300000886,-0.3344092071056366,0.7921984195709229,0.08593632280826569,0.0903041660785675,0.46586334705352783,0.23978176712989807,0.8469482064247131
34.073335400011274,-0.3345009386539459,0.792304277420044,0.08598706871271133,0.09009376913309097,0.46581417322158813,0.239523783326149,0.8470706343650818
34.07735940000566,-0.33459702134132385,0.7924261093139648,0.08606104552745819,0.09013007581233978,0.4655551612377167,0.2397661805152893,0.8471406102180481
34.08170410001185,-0.33468663692474365,0.7925252318382263,0.08612081408500671,0.09000808000564575,0.4653586745262146,0.24007868766784668,0.8471730351448059
34.085787300005904,-0.3347872197628021,0.7926331162452698,0.08619216829538345,0.08973538875579834,0.46497973799705505,0.24032139778137207,0.8473411798477173
34.0900532000087,-0.3348947763442993,0.7927411794662476,0.08625157922506332,0.08971019834280014,0.46473243832588196,0.24041755497455597,0.8474521636962891
34.09423790000437,-0.3349952697753906,0.7928502559661865,0.0863211452960968,0.08987899124622345,0.4647185206413269,0.24009691178798676,0.8475328683853149
34.09838799999852,-0.335094690322876,0.7929853796958923,0.0864095389842987,0.08962981402873993,0.4645817279815674,0.2404285967350006,0.8475401997566223
34.10294040000008,-0.33520469069480896,0.7931000590324402,0.08646520972251892,0.08979766070842743,0.4644153416156769,0.24057942628860474,0.8475708365440369
34.108125700004166,-0.33530962467193604,0.7932075262069702,0.0865275040268898,0.08966415375471115,0.4640040099620819,0.2406989485025406,0.8477762937545776
34.11159549999866,-0.33540454506874084,0.793320894241333,0.08658469468355179,0.0895833969116211,0.4641537368297577,0.23997868597507477,0.8479070067405701
34.115261400002055,-0.33549559116363525,0.7934326529502869,0.08666685223579407,0.08941863477230072,0.4638901948928833,0.24022097885608673,0.8480000495910645
34.11921820000862,-0.33558571338653564,0.7935436964035034,0.0867268368601799,0.08914434164762497,0.4634356200695038,0.2408371865749359,0.8481026887893677
34.1234836000076,-0.33568522334098816,0.7936711311340332,0.08677959442138672,0.08885166794061661,0.4632757306098938,0.24043311178684235,0.848335325717926
34.12764310000057,-0.3357781767845154,0.7937838435173035,0.08682812005281448,0.0885900929570198,0.46292805671691895,0.24047622084617615,0.8485402464866638
34.131831500009866,-0.3358894884586334,0.7939099073410034,0.08689681440591812,0.08834783732891083,0.46261531114578247,0.24131865799427032,0.8484969139099121
34.13593090001086,-0.3359990417957306,0.7940284609794617,0.08695745468139648,0.0878877341747284,0.4623472988605499,0.2414657324552536,0.8486489653587341
34.13996610000322,-0.3361164331436157,0.7941529154777527,0.08700424432754517,0.08775666356086731,0.4622180461883545,0.24131731688976288,0.8487751483917236
34.144584900001064,-0.3362208306789398,0.7942694425582886,0.08704971522092819,0.08765410631895065,0.4620957672595978,0.24104638397693634,0.8489292860031128
34.148954500007676,-0.33632826805114746,0.7943820953369141,0.08708368241786957,0.08742218464612961,0.4619801640510559,0.24099262058734894,0.8490313291549683
34.15284100000281,-0.3364487290382385,0.7945050001144409,0.08712028712034225,0.0871674120426178,0.46172213554382324,0.24104054272174835,0.8491842746734619
34.15760130000126,-0.3365797698497772,0.7946346998214722,0.08716440200805664,0.08692607283592224,0.4615895450115204,0.2406744360923767,0.8493849635124207
34.16124120001041,-0.3367054760456085,0.7947511672973633,0.08719739317893982,0.08649004995822906,0.46165135502815247,0.24039974808692932,0.8494735956192017
34.165322100001504,-0.3368256986141205,0.7948988676071167,0.0872710570693016,0.08629688620567322,0.46160438656806946,0.23953992128372192,0.8497616052627563
34.16953860000649,-0.33694392442703247,0.7950383424758911,0.0873175635933876,0.08605580776929855,0.46175384521484375,0.23860377073287964,0.8499682545661926
34.17373760000919,-0.3370600938796997,0.7952072620391846,0.0873420387506485,0.08603261411190033,0.46194007992744446,0.23751385509967804,0.8501746654510498
34.178083700011484,-0.33720239996910095,0.7953582406044006,0.08737148344516754,0.0854887068271637,0.4616587162017822,0.2376922219991684,0.8503324389457703
34.18206910000299,-0.3373626172542572,0.7955194115638733,0.08741989731788635,0.08498237282037735,0.46144089102745056,0.2379145622253418,0.8504392504692078
34.186269800004084,-0.3375292122364044,0.795687198638916,0.08744301646947861,0.08392250537872314,0.46085324883461,0.23932437598705292,0.8504676818847656
34.19112509999832,-0.33767640590667725,0.795823335647583,0.08748795837163925,0.0838274210691452,0.4604443609714508,0.23986898362636566,0.8505449891090393
34.19464960000187,-0.3378269672393799,0.7959662079811096,0.0875290259718895,0.08389969170093536,0.4601093530654907,0.24029521644115448,0.8505988717079163
34.19868410000345,-0.33799371123313904,0.7961191534996033,0.08758716285228729,0.08383423835039139,0.45955532789230347,0.24119459092617035,0.8506503105163574
34.202846700005466,-0.33817821741104126,0.7962652444839478,0.08761631697416306,0.08395715802907944,0.45905452966690063,0.24109229445457458,0.8509374856948853
34.20727500000794,-0.3383275270462036,0.7964243292808533,0.08768287301063538,0.08387722820043564,0.4585610032081604,0.24175888299942017,0.8510223627090454
34.21149349999905,-0.338466078042984,0.7965853810310364,0.08774496614933014,0.08359403163194656,0.45828917622566223,0.24176330864429474,0.8511953949928284
34.215231800000765,-0.33860281109809875,0.7967210412025452,0.0878002718091011,0.08356961607933044,0.45814651250839233,0.2414112240076065,0.8513744473457336
34.21966930000053,-0.3387555778026581,0.7968854904174805,0.08786455541849136,0.08353311568498611,0.45772379636764526,0.2415485382080078,0.8515664935112
34.223670600011246,-0.3389028012752533,0.7970408797264099,0.08792721480131149,0.08309800922870636,0.4573916792869568,0.2415577918291092,0.8517848253250122
34.227921500001685,-0.33904507756233215,0.79719477891922,0.0879734456539154,0.08269061148166656,0.4569856822490692,0.2419423758983612,0.8519331812858582
34.23237060000247,-0.33919376134872437,0.7973359227180481,0.08802242577075958,0.08271262794733047,0.4566461145877838,0.2417980134487152,0.8521541357040405
34.235986800005776,-0.33934202790260315,0.7974830865859985,0.08807545155286789,0.082777239382267,0.4564313590526581,0.24170318245887756,0.8522897958755493
34.24046420000377,-0.3395099639892578,0.7976312637329102,0.08813530206680298,0.08264152705669403,0.45599162578582764,0.24194824695587158,0.852468729019165
34.24430690000008,-0.3396894335746765,0.7977749705314636,0.08817748725414276,0.08258534222841263,0.45536455512046814,0.2423415333032608,0.8526977896690369
34.24872860001051,-0.3398760259151459,0.7979522347450256,0.08823846280574799,0.08284112811088562,0.45495355129241943,0.24242140352725983,0.8528696298599243
34.252813400002196,-0.34003740549087524,0.7980902791023254,0.08827999979257584,0.08259346336126328,0.45456188917160034,0.2425881028175354,0.8530550599098206
34.25680660000944,-0.3401959240436554,0.7982430458068848,0.08830319344997406,0.08225582540035248,0.45421072840690613,0.24255390465259552,0.8532843589782715
34.2609850000008,-0.34034281969070435,0.7984176874160767,0.08834777772426605,0.08124065399169922,0.45387962460517883,0.2428925335407257,0.853461503982544
34.265216200001305,-0.34050390124320984,0.7985719442367554,0.08836737275123596,0.08088868856430054,0.45330384373664856,0.24359005689620972,0.8536020517349243
34.26968160000979,-0.34066328406333923,0.7987239956855774,0.08839564025402069,0.0804344117641449,0.4532592296600342,0.24381014704704285,0.8536059260368347
34.27372009999817,-0.3408074676990509,0.7988887429237366,0.0884438157081604,0.08033149689435959,0.45293673872947693,0.24422861635684967,0.8536670804023743
34.2777333999984,-0.34095466136932373,0.7990391254425049,0.08848198503255844,0.08040466904640198,0.45289281010627747,0.24357911944389343,0.8538690805435181
34.28228930001205,-0.34111034870147705,0.7992033958435059,0.08851917088031769,0.08040504902601242,0.45301705598831177,0.24241608381271362,0.8541340827941895
34.28650380000181,-0.3412848711013794,0.7993471622467041,0.08854222297668457,0.0803333967924118,0.4523945450782776,0.24222944676876068,0.8545237183570862
34.290196800007834,-0.341438889503479,0.7994993925094604,0.08857528865337372,0.07996144145727158,0.45192477107048035,0.24230940639972687,0.8547844290733337
34.29431640000257,-0.34158027172088623,0.7996342182159424,0.08860660344362259,0.07957968860864639,0.451412171125412,0.24284520745277405,0.854938805103302
34.29849680000916,-0.34175610542297363,0.7997755408287048,0.0886489525437355,0.07949148863554001,0.45103535056114197,0.2424010932445526,0.8552719354629517
34.30267580000509,-0.34191083908081055,0.7999277710914612,0.08868791908025742,0.07962136715650558,0.4508029818534851,0.24246712028980255,0.8553636074066162
34.30664570000954,-0.34205982089042664,0.8000830411911011,0.08874458074569702,0.07940744608640671,0.45043516159057617,0.2426697462797165,0.8555198311805725
34.311025200004224,-0.34220585227012634,0.8002402186393738,0.08880805224180222,0.07941391319036484,0.45003384351730347,0.24303993582725525,0.8556252121925354
34.31508250000479,-0.342352032661438,0.8003807067871094,0.08885116130113602,0.07930532097816467,0.4498264491558075,0.24277417361736298,0.855819821357727
34.319203200007905,-0.34249255061149597,0.8005405068397522,0.08887917548418045,0.07943607866764069,0.4497162699699402,0.24204121530056,0.8560732007026672
34.32354769999802,-0.3426384925842285,0.8006772398948669,0.08890854567289352,0.07937540858983994,0.4495423138141632,0.24168959259986877,0.8562694191932678
34.32804570000735,-0.34278404712677,0.8008383512496948,0.08895524591207504,0.0797153189778328,0.44940537214279175,0.2406603991985321,0.8565996289253235
34.33223110000836,-0.3429410457611084,0.8009617328643799,0.08897241950035095,0.0793444961309433,0.44896453619003296,0.24013689160346985,0.8570120334625244
34.33627520001028,-0.343081533908844,0.8011173605918884,0.08898066729307175,0.07837563753128052,0.44864407181739807,0.24091607332229614,0.8570502996444702
34.340173900010996,-0.34323737025260925,0.8012493848800659,0.08899012953042984,0.07783383131027222,0.4485263526439667,0.24073539674282074,0.8572120666503906
34.34475260000909,-0.34340864419937134,0.8013904094696045,0.08902295678853989,0.07765266299247742,0.44817742705345154,0.24058160185813904,0.8574541211128235
34.34843620000174,-0.34357571601867676,0.8015356063842773,0.08904386311769485,0.07764189690351486,0.4480157792568207,0.2402840256690979,0.8576230406761169
34.35268470000301,-0.3437553346157074,0.8017138838768005,0.08908988535404205,0.07715089619159698,0.4475176930427551,0.2406657487154007,0.8578202724456787
34.35720110000693,-0.34392791986465454,0.8018840551376343,0.08910959213972092,0.07647358626127243,0.4469636380672455,0.24151082336902618,0.8579322695732117
34.36579020001227,-0.3442797362804413,0.8021891713142395,0.08913206309080124,0.07635719329118729,0.4462922215461731,0.24196748435497284,0.8581634759902954
34.36980929999845,-0.3444325923919678,0.8023514151573181,0.08918491005897522,0.07668197154998779,0.4459851384162903,0.2421354353427887,0.8582468032836914
34.37360880000051,-0.3445872366428375,0.8025065660476685,0.08921599388122559,0.07690608501434326,0.4460142254829407,0.24072889983654022,0.858607292175293
34.37814430000435,-0.3447459638118744,0.8026547431945801,0.08925241231918335,0.07668653875589371,0.4456350803375244,0.24057213962078094,0.8588675856590271
34.38369729999977,-0.34490126371383667,0.8028315901756287,0.0893055722117424,0.07656088471412659,0.44534873962402344,0.24004213511943817,0.8591756820678711
34.38812139999936,-0.3450559377670288,0.802988588809967,0.0893511176109314,0.07627254724502563,0.4452648460865021,0.23935110867023468,0.8594374656677246
34.39409539999906,-0.3454047739505768,0.8033124804496765,0.08940902352333069,0.07605337351560593,0.4442552626132965,0.2394132763147354,0.8599618673324585
34.39847670000745,-0.3455711007118225,0.803485631942749,0.08941592276096344,0.07572369277477264,0.44389450550079346,0.23972555994987488,0.8600902557373047
34.402565100012,-0.34575167298316956,0.8036577701568604,0.08943009376525879,0.07507045567035675,0.44306671619415283,0.24080771207809448,0.8602721095085144
34.40662280000106,-0.3459479510784149,0.8038203716278076,0.08944521844387054,0.07485134899616241,0.44240623712539673,0.2413029819726944,0.8604921698570251
34.410749600006966,-0.346140593290329,0.8039624094963074,0.0894714966416359,0.07474643737077713,0.4418240785598755,0.2412649244070053,0.8608110547065735
34.416983200004324,-0.3463573455810547,0.804147481918335,0.08948316425085068,0.07470181584358215,0.44184619188308716,0.24037514626979828,0.8610524535179138
34.42302040000504,-0.34653496742248535,0.8043113946914673,0.08952540904283524,0.07437831163406372,0.44177672266960144,0.23974698781967163,0.861291229724884
34.42766600000323,-0.34691160917282104,0.8046497106552124,0.08958572894334793,0.07412756979465485,0.440830260515213,0.24059298634529114,0.8615618348121643
34.43172010000853,-0.3471278250217438,0.8048285245895386,0.08962812274694443,0.07370735704898834,0.44062739610671997,0.24049703776836395,0.8617284297943115
34.43597590000718,-0.34731197357177734,0.8050324320793152,0.08962927013635635,0.07328865677118301,0.4403882622718811,0.2400164008140564,0.8620203733444214
34.44023829999787,-0.3475155234336853,0.8052042722702026,0.08963967114686966,0.07248207926750183,0.43989798426628113,0.24036163091659546,0.8622426390647888
34.44429800000216,-0.3477144241333008,0.8053788542747498,0.08966809511184692,0.07253111153841019,0.43937110900878906,0.23997150361537933,0.8626157641410828
34.44871260000218,-0.34792840480804443,0.8055577278137207,0.08964762091636658,0.07230053097009659,0.4387379586696625,0.239645853638649,0.8630477786064148
34.45276759999979,-0.3481622338294983,0.8057296872138977,0.08965897560119629,0.0719870999455452,0.4378279745578766,0.24020178616046906,0.8633815050125122
34.456907100000535,-0.3483692705631256,0.8059224486351013,0.08966419845819473,0.07179268449544907,0.4375261962413788,0.23999980092048645,0.863606870174408
34.46127470000647,-0.34858229756355286,0.8061169981956482,0.08969432860612869,0.07105258852243423,0.43721577525138855,0.24042265117168427,0.8637076020240784
34.46547080000164,-0.3488069474697113,0.8063006401062012,0.08972204476594925,0.07055217027664185,0.43681836128234863,0.24083612859249115,0.8638345003128052
34.47002470000007,-0.34906238317489624,0.806492030620575,0.08976420760154724,0.07002555578947067,0.4365244507789612,0.24026453495025635,0.8641850352287292
34.473621700002695,-0.3493005931377411,0.8066459894180298,0.08978043496608734,0.07015151530504227,0.4360542595386505,0.23959368467330933,0.8645983338356018
34.47770699999819,-0.34955063462257385,0.8068100214004517,0.08980537205934525,0.06974442303180695,0.43538087606430054,0.2395443469285965,0.8649842143058777
34.48187310001231,-0.34979012608528137,0.8069877028465271,0.08982329815626144,0.06979258358478546,0.4350513517856598,0.239728644490242,0.8650950789451599
34.48623970001063,-0.350039005279541,0.8071913719177246,0.089883953332901,0.06952189654111862,0.4345938265323639,0.2398120015859604,0.8653237223625183
34.490968600002816,-0.3502921462059021,0.8073825836181641,0.08992946892976761,0.06909379363059998,0.4336233139038086,0.2408880740404129,0.8655460476875305
34.494241000007605,-0.35054442286491394,0.8075637221336365,0.08997610211372375,0.06874075531959534,0.4324951469898224,0.2423677295446396,0.8657255172729492
34.498628400004236,-0.3508056402206421,0.8077675104141235,0.09001164883375168,0.0679159089922905,0.4320034086704254,0.24324862658977509,0.865788996219635
34.50378030000138,-0.35111987590789795,0.8079475164413452,0.09004103392362595,0.06750956177711487,0.43107154965400696,0.24359264969825745,0.8661884665489197
34.50719110001228,-0.3513912558555603,0.8081324100494385,0.09006987512111664,0.06747008860111237,0.4308820068836212,0.2421816885471344,0.8666813969612122
34.511436700006016,-0.3516492545604706,0.8083190321922302,0.09011191129684448,0.06749065965414047,0.43062326312065125,0.24110260605812073,0.8671090602874756
34.51507930000662,-0.3519272804260254,0.8084748983383179,0.09015131741762161,0.06822032481431961,0.4301329553127289,0.24004973471164703,0.8675872683525085
34.519210600003134,-0.35220083594322205,0.8086627721786499,0.09021127969026566,0.0680428147315979,0.42952486872673035,0.24043819308280945,0.867794930934906
34.52345540000533,-0.3524976968765259,0.8088945150375366,0.09029362350702286,0.0670916736125946,0.4286741614341736,0.24085524678230286,0.8681738972663879
34.52778330000001,-0.35283538699150085,0.8091088533401489,0.09035612642765045,0.065916046500206,0.4272657334804535,0.24194785952568054,0.8686543107032776
34.5319368000055,-0.3531171679496765,0.8092984557151794,0.09040209650993347,0.06548737734556198,0.42612171173095703,0.24310339987277985,0.8689259886741638
34.53599970000505,-0.3534030318260193,0.8094989657402039,0.09039410203695297,0.06503655761480331,0.4256103038787842,0.24342063069343567,0.8691217303276062
34.540348000009544,-0.3537155091762543,0.8096721172332764,0.09043040871620178,0.06476860493421555,0.4252968728542328,0.243575319647789,0.8692517280578613
34.54446070000995,-0.3540325462818146,0.8098446726799011,0.09048988670110703,0.06446318328380585,0.4245698153972626,0.2433394342660904,0.8696958422660828
34.54876380000496,-0.35435885190963745,0.8100152015686035,0.09054381400346756,0.06355080008506775,0.4237659275531769,0.24255970120429993,0.8703726530075073
34.55267679999815,-0.35468170046806335,0.8101926445960999,0.09058764576911926,0.0633469671010971,0.4227106273174286,0.24185273051261902,0.8710970878601074
34.556996700004674,-0.35498926043510437,0.8103978633880615,0.0906883031129837,0.06305962055921555,0.4216923713684082,0.24223338067531586,0.8715056777000427
34.56103810000059,-0.35527971386909485,0.8105958700180054,0.0907650887966156,0.06307664513587952,0.4210197925567627,0.24215371906757355,0.8718516826629639
34.565136700010044,-0.3555789291858673,0.8107700347900391,0.09082593768835068,0.06315265595912933,0.42029356956481934,0.24277208745479584,0.8720244765281677
34.56920520000858,-0.3559037446975708,0.8109679818153381,0.09088298678398132,0.06354688853025436,0.41968849301338196,0.24333222210407257,0.8721312284469604
34.57370960000844,-0.3562391996383667,0.8111467957496643,0.09096449613571167,0.06293565034866333,0.41843146085739136,0.2433696687221527,0.8727688789367676
34.577570100009325,-0.3565545678138733,0.8113232254981995,0.09103760123252869,0.06206703558564186,0.4179014265537262,0.24311189353466034,0.873156726360321
34.58298469999863,-0.35689160227775574,0.811525285243988,0.09112125635147095,0.061371322721242905,0.41737833619117737,0.2419593781232834,0.8737760186195374
34.58648290000565,-0.3572293221950531,0.8116779327392578,0.09118794649839401,0.0616639219224453,0.41662752628326416,0.2408018708229065,0.8744332790374756
34.59047130000545,-0.35755494236946106,0.8118382096290588,0.09126480668783188,0.061483196914196014,0.41586819291114807,0.24114404618740082,0.874713122844696
34.59463880000112,-0.3578934371471405,0.8120278716087341,0.09135415405035019,0.061121873557567596,0.41503140330314636,0.24117296934127808,0.8751277327537537
34.598429600009695,-0.3582591712474823,0.8122197389602661,0.09140663594007492,0.0606129989027977,0.41400063037872314,0.24270784854888916,0.8752270936965942
34.603364800001145,-0.35863590240478516,0.8124170899391174,0.0915159285068512,0.05992347002029419,0.412644624710083,0.24350890517234802,0.8756923675537109
34.60696270001063,-0.3589794337749481,0.8125982284545898,0.09160482883453369,0.05952637642621994,0.41185978055000305,0.24367642402648926,0.8760422468185425
34.611043900004006,-0.35936492681503296,0.8127806186676025,0.09168905019760132,0.05931715667247772,0.4110092222690582,0.24320663511753082,0.8765862584114075
34.61536010001146,-0.35972830653190613,0.8129562735557556,0.09177636355161667,0.058936141431331635,0.41012808680534363,0.2428564578294754,0.8771215677261353
34.61959440000646,-0.36010104417800903,0.8131406903266907,0.09186156839132309,0.05906393751502037,0.4094901978969574,0.24203766882419586,0.8776372075080872
34.62362920001033,-0.3604784607887268,0.813318133354187,0.09198237955570221,0.05890822038054466,0.40844690799713135,0.24191251397132874,0.8781681060791016
34.628008300001966,-0.36088788509368896,0.8135364651679993,0.0920843556523323,0.058835163712501526,0.4075377881526947,0.24209269881248474,0.8785457015037537
34.63201149999804,-0.36128121614456177,0.8137367963790894,0.09214883297681808,0.05823899805545807,0.40602824091911316,0.24402716755867004,0.8787491321563721
34.63635710001108,-0.36165887117385864,0.8139318227767944,0.09220720082521439,0.0579521507024765,0.40554386377334595,0.2433425933122635,0.879181444644928
34.64016470000206,-0.3620314300060272,0.8141085505485535,0.09227176755666733,0.057692717760801315,0.4053035080432892,0.24214725196361542,0.8796392679214478
34.644152900000336,-0.3620314300060272,0.8141085505485535,0.09227176755666733,0.057692717760801315,0.4053035080432892,0.24214725196361542,0.8796392679214478
34.650122500010184,-0.36241164803504944,0.8142868280410767,0.09234869480133057,0.056944333016872406,0.4040736258029938,0.2426179200410843,0.8801240921020508
34.65680280000379,-0.3635963201522827,0.8149176239967346,0.09261142462491989,0.054389409720897675,0.4012488126754761,0.24390389025211334,0.8812219500541687
34.66199600000982,-0.3639717400074005,0.8151387572288513,0.09269215911626816,0.053927481174468994,0.4001504182815552,0.24541586637496948,0.8813300132751465
34.66610980000405,-0.36437904834747314,0.8153426647186279,0.09277018159627914,0.053663089871406555,0.3988037407398224,0.245731920003891,0.8818683624267578
34.67025640000065,-0.36480042338371277,0.8155565857887268,0.09283357113599777,0.05303575471043587,0.39745309948921204,0.24566492438316345,0.8825344443321228
34.67375420000462,-0.365180641412735,0.815712571144104,0.09289809316396713,0.0530892089009285,0.39679133892059326,0.24480493366718292,0.883067786693573
34.677755500000785,-0.3655638098716736,0.8159072995185852,0.0929798036813736,0.05301818996667862,0.39634132385253906,0.2439584881067276,0.8835082650184631
34.68181780001032,-0.36599627137184143,0.8161291480064392,0.09307628124952316,0.052046775817871094,0.3952943980693817,0.24485185742378235,0.8837878704071045
34.68587580000167,-0.3664112985134125,0.8163201808929443,0.09318876266479492,0.052045855671167374,0.3940376937389374,0.2458898425102234,0.8840608596801758
34.689924899998005,-0.3668513298034668,0.8165479898452759,0.09331797063350677,0.052311815321445465,0.39296838641166687,0.24496185779571533,0.8847784996032715
34.69410659999994,-0.3672233521938324,0.8167316317558289,0.09340368211269379,0.05225294828414917,0.39203712344169617,0.24472197890281677,0.8852613568305969
34.69766780000646,-0.3672233521938324,0.8167316317558289,0.09340368211269379,0.05225294828414917,0.39203712344169617,0.24472197890281677,0.8852613568305969
34.701943000007304,-0.3680304288864136,0.8171151876449585,0.09360123425722122,0.0507826954126358,0.3892938792705536,0.24554160237312317,0.8863298892974854
34.70620330001111,-0.3684607446193695,0.8173166513442993,0.09370888769626617,0.05066906660795212,0.38884586095809937,0.24522648751735687,0.886620283126831
34.710505700000795,-0.3689132034778595,0.8174896240234375,0.09382878243923187,0.04949557036161423,0.38735392689704895,0.24631308019161224,0.8870383501052856
34.71472150000045,-0.3693928122520447,0.8176895380020142,0.09390101581811905,0.048809364438056946,0.3857927918434143,0.24674087762832642,0.887637734413147
34.718945900007384,-0.36980363726615906,0.8178600072860718,0.09398812055587769,0.048917461186647415,0.3849981427192688,0.2466595321893692,0.8879992365837097
34.723132500002976,-0.3702032268047333,0.8180407285690308,0.09409913420677185,0.04854682460427284,0.3843224048614502,0.24702423810958862,0.8882108330726624
34.727648800006136,-0.3706578016281128,0.8182333111763,0.09421499818563461,0.048213742673397064,0.38325580954551697,0.2474168837070465,0.8885805010795593
34.731938299999456,-0.37109729647636414,0.8184316158294678,0.09435868263244629,0.04726122319698334,0.3812781274318695,0.24792753159999847,0.889339804649353
34.73597350000637,-0.37153807282447815,0.8185854554176331,0.09443701058626175,0.04760167747735977,0.37971529364585876,0.24853818118572235,0.8898197412490845
34.74022240001068,-0.3719662129878998,0.818811297416687,0.09455535560846329,0.04824144020676613,0.379179984331131,0.24719126522541046,0.890388548374176
34.74425190000329,-0.37238234281539917,0.8190193772315979,0.09467652440071106,0.04814635589718819,0.37841519713401794,0.2470768690109253,0.8907507658004761
34.74837050000497,-0.3728715181350708,0.8192305564880371,0.09478805959224701,0.04670657962560654,0.3768565058708191,0.24761229753494263,0.8913393616676331
34.75250430000597,-0.3733253479003906,0.8194369077682495,0.09487911313772202,0.046912312507629395,0.3759653866291046,0.24814964830875397,0.8915554881095886
34.7567926000047,-0.373746782541275,0.8196619153022766,0.09499163180589676,0.046511244028806686,0.3749224841594696,0.24824491143226624,0.8919889330863953
34.76293510000687,-0.37418949604034424,0.8198394775390625,0.09505759179592133,0.045993443578481674,0.373593807220459,0.24873650074005127,0.8924362659454346
34.76685390000057,-0.3746727406978607,0.8200855255126953,0.09519301354885101,0.04546992480754852,0.3724810481071472,0.24794448912143707,0.8931483030319214
34.77097710000817,-0.375125527381897,0.8203071355819702,0.09529142081737518,0.04385824874043465,0.37121355533599854,0.24910767376422882,0.8934328556060791
34.77490430000762,-0.37556737661361694,0.8205228447914124,0.09537795931100845,0.04339931905269623,0.3705196678638458,0.2496378868818283,0.893595278263092
34.77832579999813,-0.37602344155311584,0.8207170367240906,0.0954318419098854,0.04329606145620346,0.3689756691455841,0.24985168874263763,0.8941792249679565
34.78195170000254,-0.3764524757862091,0.8209487795829773,0.09553219377994537,0.0424497127532959,0.3679268956184387,0.2501048147678375,0.894581139087677
34.78612499999872,-0.3769350051879883,0.8212023973464966,0.0956418588757515,0.04134063050150871,0.36657240986824036,0.25056156516075134,0.895061194896698
34.79094140000234,-0.37735840678215027,0.8214751482009888,0.09575533121824265,0.041345201432704926,0.3657771646976471,0.24924121797084808,0.8957548141479492
34.795012600006885,-0.37781858444213867,0.8216898441314697,0.09581872075796127,0.0408853217959404,0.3649410605430603,0.24822163581848145,0.896399736404419
34.799335500007146,-0.3782566487789154,0.8218907713890076,0.09586463123559952,0.04111886024475098,0.3643840253353119,0.24808666110038757,0.8966529369354248
34.80344750000222,-0.37868961691856384,0.822147011756897,0.09594911336898804,0.04031369462609291,0.3635067343711853,0.2488740086555481,0.8968274593353271
34.80987130000722,-0.37914150953292847,0.8223900198936462,0.09604646265506744,0.03878582641482353,0.36175575852394104,0.2500210106372833,0.897283673286438
34.8149112000101,-0.3800009787082672,0.8227975964546204,0.09620396792888641,0.03836894407868385,0.3591408133506775,0.24996116757392883,0.8983680605888367
34.819710900002974,-0.3804158866405487,0.8230040669441223,0.09628377854824066,0.03819456696510315,0.3587150275707245,0.2503858804702759,0.8984273672103882
34.82511090001208,-0.38090255856513977,0.8232062458992004,0.09633897989988327,0.037508755922317505,0.3573657274246216,0.2506674826145172,0.8989152908325195
34.82874920000904,-0.38135915994644165,0.8234286308288574,0.0964011698961258,0.03591477870941162,0.35636934638023376,0.25099819898605347,0.8992836475372314
34.83230560000811,-0.38175442814826965,0.8236106634140015,0.0964626744389534,0.03561126068234444,0.3555961847305298,0.2514529824256897,0.8994746208190918
34.83796570000413,-0.3821559548377991,0.8237900137901306,0.09650570154190063,0.03562374413013458,0.35481539368629456,0.25159943103790283,0.8997414708137512
34.841915900004096,-0.3825761377811432,0.8240268230438232,0.09660107642412186,0.03584762662649155,0.35369136929512024,0.25086748600006104,0.9003793597221375
34.84605810001085,-0.3830074071884155,0.8242425322532654,0.09670686721801758,0.035932060331106186,0.3528237044811249,0.25070127844810486,0.9007625579833984
34.85019330000796,-0.38341817259788513,0.8244456648826599,0.09677273035049438,0.03567234426736832,0.35172319412231445,0.24980737268924713,0.9014513492584229
34.85363260000304,-0.38378840684890747,0.8246697783470154,0.09683568775653839,0.034388408064842224,0.3508801758289337,0.2503979504108429,0.9016658663749695
34.85709700000007,-0.3841896057128906,0.8248571753501892,0.09690359234809875,0.03396008163690567,0.34970980882644653,0.25072404742240906,0.9020461440086365
34.860998500007554,-0.3846176564693451,0.82504802942276,0.09690984338521957,0.033919807523489,0.3490724265575409,0.2513166069984436,0.902129590511322
34.86592979999841,-0.38502153754234314,0.8252309560775757,0.0969541147351265,0.03370912745594978,0.34857457876205444,0.2515040338039398,0.9022777676582336
34.86955590000434,-0.3854159712791443,0.8254520893096924,0.09701533615589142,0.03290371969342232,0.34723782539367676,0.2524665296077728,0.9025540947914124
34.873496400003205,-0.38582009077072144,0.8256521224975586,0.09709688276052475,0.032501980662345886,0.3458043336868286,0.2523866295814514,0.9031411409378052
34.87778550000803,-0.3861812353134155,0.8258516192436218,0.09717751294374466,0.03187049552798271,0.3448120653629303,0.25219735503196716,0.9035958647727966
34.88202879999881,-0.3865335285663605,0.826028048992157,0.09719327092170715,0.03160185366868973,0.3443777561187744,0.2515866160392761,0.9039411544799805
34.8861537000048,-0.38689377903938293,0.8261902332305908,0.09720899164676666,0.031145811080932617,0.3435741066932678,0.25184550881385803,0.9041906595230103
34.89024249999784,-0.3872919976711273,0.8263684511184692,0.09720800817012787,0.030665062367916107,0.34267306327819824,0.2519777715206146,0.9045119881629944
34.89457699999912,-0.3876957297325134,0.8265902996063232,0.09724590927362442,0.030382592231035233,0.3420105278491974,0.25089946389198303,0.9050719738006592
34.899000400007935,-0.3880694508552551,0.8267654776573181,0.09727586805820465,0.03015281818807125,0.3414137661457062,0.25040408968925476,0.9054419994354248
34.902693199997884,-0.3883836567401886,0.8269442319869995,0.09731761366128922,0.029845206066966057,0.34077736735343933,0.25062456727027893,0.9056310057640076
34.90682640000887,-0.3887101709842682,0.8271062970161438,0.09733987599611282,0.029956309124827385,0.34040409326553345,0.24973036348819733,0.906014621257782
34.91119840000465,-0.38904932141304016,0.8272902369499207,0.09737120568752289,0.029615238308906555,0.33931389451026917,0.2498551607131958,0.906400203704834
34.91515590000199,-0.3894241452217102,0.8274443745613098,0.09737899154424667,0.02871984988451004,0.3379926383495331,0.2499108761548996,0.9069072008132935
34.91925310000079,-0.3897535502910614,0.827625572681427,0.09741818904876709,0.028347639366984367,0.337431937456131,0.24972780048847198,0.9071781039237976
34.92335090000415,-0.39013075828552246,0.8277764320373535,0.09744018316268921,0.028477279469370842,0.3367268145084381,0.25011754035949707,0.907328724861145
34.92827190000389,-0.39044389128685,0.8279352188110352,0.09747730195522308,0.0278195571154356,0.3362312912940979,0.25090065598487854,0.9073166847229004
34.93184660001134,-0.39078766107559204,0.8280797600746155,0.09750435501337051,0.027623984962701797,0.3355353772640228,0.25107696652412415,0.9075314402580261
34.93610640001134,-0.3911079168319702,0.8282271027565002,0.09751343727111816,0.027482036501169205,0.3348950147628784,0.25074660778045654,0.9078636169433594
34.94040649999806,-0.3914184272289276,0.8283786177635193,0.09753970801830292,0.02739838697016239,0.3342227339744568,0.25087296962738037,0.9080789089202881
34.944395900005475,-0.39173486828804016,0.8285101652145386,0.09755799919366837,0.026797154918313026,0.333073228597641,0.2518104910850525,0.9082596302032471
34.948589799998445,-0.3920266032218933,0.8286551237106323,0.09756575524806976,0.02623080275952816,0.3323020935058594,0.2522074580192566,0.9084485173225403
34.95273430000816,-0.39234459400177,0.8288108110427856,0.09758106619119644,0.026315059512853622,0.33171671628952026,0.2524629533290863,0.9085890054702759
34.957551200001035,-0.39268115162849426,0.8289980888366699,0.09761731326580048,0.026343537494540215,0.33131566643714905,0.25082623958587646,0.9091877341270447
34.96217179999803,-0.3929719626903534,0.8291588425636292,0.09765759110450745,0.025965958833694458,0.3307061791419983,0.2503071427345276,0.9095633625984192
34.96557090000715,-0.3932564854621887,0.8293220400810242,0.09768329560756683,0.02631119079887867,0.3306281268596649,0.24953365325927734,0.9097943902015686
34.96956019999925,-0.39353418350219727,0.8294544219970703,0.09768896549940109,0.026137717068195343,0.3300218880176544,0.24971655011177063,0.9099692702293396
34.9734266000014,-0.39381396770477295,0.8295895457267761,0.0976923331618309,0.02532755769789219,0.32915225625038147,0.250092089176178,0.9102039337158203
34.97774550000031,-0.39410829544067383,0.8297315239906311,0.09767840802669525,0.024630500003695488,0.32810699939727783,0.2503938376903534,0.9105174541473389
34.98175980000815,-0.3944038450717926,0.8298664093017578,0.09765568375587463,0.02423584833741188,0.32744646072387695,0.2500770092010498,0.9108529090881348
34.98582330001227,-0.39469772577285767,0.8300203680992126,0.09766551852226257,0.023906318470835686,0.3271687626838684,0.25013479590415955,0.910945475101471
34.99431460000051,-0.395198255777359,0.8303373456001282,0.0976734310388565,0.023380106315016747,0.32647407054901123,0.2500123381614685,0.9112419486045837
34.99852580000879,-0.3954356014728546,0.8304895758628845,0.09771192818880081,0.02330365590751171,0.3256852924823761,0.25092747807502747,0.9112746119499207
35.00288850000652,-0.3956869840621948,0.8306419849395752,0.09773708879947662,0.02269921265542507,0.32476866245269775,0.2517092525959015,0.9114014506340027
35.00706530000025,-0.3959631323814392,0.8307951092720032,0.0977550595998764,0.021956197917461395,0.32357367873191833,0.2519519329071045,0.9117775559425354
35.01111990000936,-0.39620140194892883,0.8309240341186523,0.09775999933481216,0.021928342059254646,0.3231368064880371,0.25145217776298523,0.9120711088180542
35.01507819999824,-0.39645934104919434,0.8310349583625793,0.09775521606206894,0.021328482776880264,0.3224489688873291,0.25181758403778076,0.9122279286384583
35.019527800002834,-0.3967196047306061,0.8311576843261719,0.0977395623922348,0.021758420392870903,0.3223542273044586,0.2510056793689728,0.9124749898910522
35.024435600003926,-0.3969392478466034,0.8312715291976929,0.09774657338857651,0.021701471880078316,0.32229259610176086,0.2508346438407898,0.9125450849533081
35.027973400006886,-0.3971596360206604,0.8314253091812134,0.09776690602302551,0.02162567712366581,0.32223770022392273,0.2506941854953766,0.9126049280166626
35.032556400008616,-0.3973805606365204,0.8315454125404358,0.09778769314289093,0.021095916628837585,0.3219515085220337,0.2510034143924713,0.9126332402229309
35.035957900006906,-0.39762958884239197,0.8316808938980103,0.09782104939222336,0.02074810117483139,0.3212457001209259,0.2504832446575165,0.9130327701568604
35.040225700009614,-0.3978746235370636,0.8318160772323608,0.09785223752260208,0.020686548203229904,0.32084277272224426,0.2496824562549591,0.91339510679245
35.04415630000585,-0.3980761170387268,0.8319650888442993,0.09788192063570023,0.020495809614658356,0.3204311728477478,0.24940229952335358,0.9136204719543457
35.04822110000532,-0.3982810974121094,0.8320832252502441,0.09788849204778671,0.020335106179118156,0.3197084963321686,0.24966518580913544,0.913805365562439
35.0524587000109,-0.3984963595867157,0.8322182297706604,0.09791512787342072,0.020238680765032768,0.31882184743881226,0.25085213780403137,0.9137922525405884
35.05695240000205,-0.398721307516098,0.8323397040367126,0.09792430698871613,0.02010984718799591,0.31819069385528564,0.2511918544769287,0.9139217138290405
35.061071900010575,-0.39892399311065674,0.8324472308158875,0.09793765097856522,0.020216528326272964,0.31750911474227905,0.2512893080711365,0.9141296148300171
35.06652240001131,-0.39913809299468994,0.8325543403625488,0.09796205908060074,0.020050475373864174,0.3169269263744354,0.2507818639278412,0.914474606513977
35.070170400009374,-0.39934465289115906,0.8326616287231445,0.09801004081964493,0.02002321556210518,0.3167254626750946,0.2505931556224823,0.9145967364311218
35.07358730000851,-0.3995295464992523,0.8327718377113342,0.09803533554077148,0.019670085981488228,0.3165302276611328,0.25041744112968445,0.9147201180458069
35.077625700010685,-0.39972254633903503,0.8328799605369568,0.09803886711597443,0.01889835298061371,0.31619906425476074,0.2506207525730133,0.9147952198982239
35.081956699999864,-0.3999210298061371,0.833001971244812,0.09807615727186203,0.01782451570034027,0.31541070342063904,0.25118163228034973,0.9149351119995117
35.086911000005784,-0.40012043714523315,0.8331120610237122,0.09809708595275879,0.01726158708333969,0.31480857729911804,0.2511857748031616,0.9151520729064941
35.09046200000739,-0.4003112018108368,0.833208441734314,0.09810744225978851,0.01686776429414749,0.3143487870693207,0.25140267610549927,0.9152579307556152
35.09472079999978,-0.4005213975906372,0.8333245515823364,0.09812568128108978,0.01666358858346939,0.31398046016693115,0.25093504786491394,0.9155164361000061
35.09874000000127,-0.4007343351840973,0.8334444761276245,0.0981626957654953,0.016512935981154442,0.31314054131507874,0.2509842813014984,0.9157932996749878
35.10284410000895,-0.4009142518043518,0.8335615396499634,0.0982036292552948,0.016576135531067848,0.3125738501548767,0.25115546584129333,0.9159387946128845
35.10711660000379,-0.40110036730766296,0.833655834197998,0.09823013097047806,0.017097238451242447,0.31201374530792236,0.25104737281799316,0.9161497354507446
35.11120220000157,-0.40126746892929077,0.833776593208313,0.09827214479446411,0.01711161993443966,0.31161218881607056,0.25079017877578735,0.9163565039634705
35.1157389,-0.4014352560043335,0.8338976502418518,0.09833508729934692,0.017034338787198067,0.3112063407897949,0.2509564757347107,0.9164504408836365
35.12171140000282,-0.40159547328948975,0.8340230584144592,0.09842564165592194,0.016067147254943848,0.3106326460838318,0.25116637349128723,0.9166049361228943
35.1253379000118,-0.40177521109580994,0.8341467976570129,0.09848260134458542,0.016029510647058487,0.31072574853897095,0.2503615617752075,0.9167943000793457
35.12913210000261,-0.40194830298423767,0.8342652320861816,0.09854935109615326,0.015399554744362831,0.30998799204826355,0.2504107356071472,0.9170413017272949
35.13251429999946,-0.4021227955818176,0.834381103515625,0.09858673810958862,0.01505274698138237,0.3095986247062683,0.2501845359802246,0.9172403812408447
35.1362727000087,-0.40231528878211975,0.8345093727111816,0.09862878173589706,0.014279767870903015,0.3088013231754303,0.25042596459388733,0.9174555540084839
35.14016629999969,-0.4025033116340637,0.8346233367919922,0.09866698831319809,0.013770042918622494,0.30816638469696045,0.2509508430957794,0.9175333976745605
35.14487879999797,-0.4026891589164734,0.8347280621528625,0.09870316833257675,0.013565012253820896,0.30786213278770447,0.2505424916744232,0.9177502393722534
35.14873840000655,-0.40286609530448914,0.8348281383514404,0.09874790906906128,0.013515999540686607,0.3076835870742798,0.24998190999031067,0.9179635643959045
35.15369659999851,-0.4030165672302246,0.8349193930625916,0.09879037737846375,0.01325178425759077,0.307351291179657,0.25017431378364563,0.918026328086853
35.15868630001205,-0.4031705856323242,0.8350083827972412,0.09883931279182434,0.013068066909909248,0.30691391229629517,0.25030508637428284,0.9181396961212158
35.16546940000262,-0.40347790718078613,0.8352351784706116,0.0989098846912384,0.012239847332239151,0.306059330701828,0.25120609998703003,0.9181902408599854
35.1697267999989,-0.4036478102207184,0.8353332877159119,0.09896580874919891,0.011888320557773113,0.3051358461380005,0.2519315481185913,0.9183034896850586
35.173735700009274,-0.403837114572525,0.8354602456092834,0.09901055693626404,0.011046070605516434,0.3040185868740082,0.25263217091560364,0.9184920191764832
35.17776550000417,-0.4040132761001587,0.8355919718742371,0.09906921535730362,0.010005416348576546,0.30313828587532043,0.25303810834884644,0.9186831712722778
35.1825194000121,-0.4041599929332733,0.8357035517692566,0.09911844879388809,0.009845688007771969,0.3027518689632416,0.25302889943122864,0.9188148975372314
35.1869449000078,-0.4043143093585968,0.8358075618743896,0.09916313737630844,0.009901137091219425,0.3026185631752014,0.2527599036693573,0.9189322590827942
35.19404070000746,-0.40457290410995483,0.8360078930854797,0.09924584627151489,0.0094658387824893,0.30202171206474304,0.252142071723938,0.9193028211593628
35.19843090001086,-0.40469229221343994,0.8361061215400696,0.09927908331155777,0.009291039779782295,0.30160173773765564,0.2520274817943573,0.9194739460945129
35.20250600000145,-0.40480220317840576,0.8361971974372864,0.09931506961584091,0.009056519716978073,0.30117514729499817,0.2521314024925232,0.9195875525474548
35.20640110000386,-0.40480220317840576,0.8361971974372864,0.09931506961584091,0.009056519716978073,0.30117514729499817,0.2521314024925232,0.9195875525474548
35.212126099999296,-0.40503814816474915,0.8363935351371765,0.09939325600862503,0.008856499567627907,0.30053579807281494,0.2514287531375885,0.9199909567832947
35.21550279999792,-0.40516552329063416,0.8364813327789307,0.09944161772727966,0.008636310696601868,0.29999926686286926,0.2511988580226898,0.9202309250831604
35.220019400003366,-0.4052857458591461,0.8365845680236816,0.09950216859579086,0.008469831198453903,0.29933056235313416,0.25131404399871826,0.9204188585281372
35.22447090000787,-0.4054053723812103,0.8367028832435608,0.09957157075405121,0.008607075549662113,0.2992493808269501,0.2502467930316925,0.9207346439361572
35.227965300000506,-0.4055202901363373,0.8367933630943298,0.0996282622218132,0.008680928498506546,0.29875656962394714,0.250064492225647,0.9209434986114502
35.233389400003944,-0.405629962682724,0.8369038701057434,0.09970596432685852,0.008390170522034168,0.29808539152145386,0.2507692873477936,0.9209721088409424
35.237305300004664,-0.4057573974132538,0.8370050191879272,0.09976739436388016,0.008744013495743275,0.2980993986129761,0.2493986189365387,0.9213363528251648
35.24098660000891,-0.40589308738708496,0.837094783782959,0.09980597347021103,0.008188363164663315,0.297709196805954,0.24963173270225525,0.9214045405387878
35.244621900012135,-0.4060167670249939,0.8371690511703491,0.09987412393093109,0.008229427970945835,0.2972561717033386,0.2494003027677536,0.9216130971908569
35.248811500001466,-0.406147837638855,0.8372438549995422,0.09990031272172928,0.008137430995702744,0.29676520824432373,0.2493358701467514,0.9217895269393921
35.25378530001035,-0.4062613546848297,0.8373357653617859,0.09994503110647202,0.007894866168498993,0.29629823565483093,0.24964997172355652,0.9218567609786987
35.257218300001114,-0.4063960611820221,0.8374307751655579,0.09998974949121475,0.007920496165752411,0.2959880232810974,0.24945147335529327,0.9220099449157715
35.26105310001003,-0.4065094292163849,0.8375146389007568,0.10004374384880066,0.007701479829847813,0.2955634295940399,0.24934567511081696,0.9221765995025635
35.26455259999784,-0.4065094292163849,0.8375146389007568,0.10004374384880066,0.007701479829847813,0.2955634295940399,0.24934567511081696,0.9221765995025635
35.269318700011354,-0.4067772328853607,0.8376781940460205,0.10011865943670273,0.006447560619562864,0.29451850056648254,0.2501521408557892,0.9223021268844604
35.273454900001525,-0.4068983495235443,0.8377586603164673,0.10015347599983215,0.005638278555124998,0.2937052547931671,0.25068649649620056,0.9224216938018799
35.27758069999982,-0.40700316429138184,0.8378249406814575,0.1001836434006691,0.005372429266571999,0.29336580634117126,0.2505408525466919,0.9225708246231079
35.281643900001654,-0.4071061611175537,0.8379055261611938,0.10021500289440155,0.0052789426408708096,0.29312625527381897,0.24997791647911072,0.9228001832962036
35.28564820000611,-0.4072096049785614,0.837968111038208,0.10023938119411469,0.005030979868024588,0.2926156520843506,0.2502517104148865,0.9228894114494324
35.289839600009145,-0.4073154926300049,0.8380460739135742,0.10027404129505157,0.00449626287445426,0.29187968373298645,0.2508983612060547,0.9229496121406555
35.29389960000117,-0.4074121415615082,0.8381204605102539,0.10031020641326904,0.004142012447118759,0.2912725508213043,0.2511847913265228,0.923065185546875
35.29841050000687,-0.4075411558151245,0.8382022380828857,0.10034030675888062,0.0031658813823014498,0.2902056872844696,0.25188788771629333,0.923213541507721
35.30272100000002,-0.40764695405960083,0.8382692337036133,0.10037866979837418,0.0027839639224112034,0.2896530330181122,0.25215059518814087,0.9233165383338928
35.306931500002975,-0.40775009989738464,0.8383378982543945,0.1004248559474945,0.0024559595622122288,0.2891767919063568,0.25223830342292786,0.9234427809715271
35.311467100007576,-0.40787366032600403,0.8384197354316711,0.10048520565032959,0.002056195866316557,0.28821998834609985,0.253008097410202,0.9235323667526245
35.31521790000261,-0.40801501274108887,0.8384848833084106,0.10053849220275879,0.0013597956858575344,0.2871541976928711,0.25326767563819885,0.9237943887710571
35.31928380001045,-0.4081312417984009,0.8385410904884338,0.10058560967445374,0.001079466426745057,0.28660088777542114,0.2534448802471161,0.9239180088043213
35.3235840999987,-0.4082764983177185,0.8386116027832031,0.1006409078836441,0.0014616134576499462,0.28654274344444275,0.25209376215934753,0.9243050813674927
35.327679000009084,-0.4084208011627197,0.838668942451477,0.10066962242126465,0.0014510891633108258,0.28590095043182373,0.2517756521701813,0.9245904684066772
35.332044900002074,-0.4085405170917511,0.8387033343315125,0.10069944709539413,0.0012007345212623477,0.2853671610355377,0.25207147002220154,0.9246751070022583
35.33603950000543,-0.4086587131023407,0.8387367129325867,0.10073941946029663,0.0011083480203524232,0.2848500907421112,0.2521791458129883,0.9248053431510925
35.340372500009835,-0.40877944231033325,0.838767945766449,0.10076802223920822,0.0010347721399739385,0.28439560532569885,0.2522922456264496,0.9249144792556763
35.3449743000092,-0.40890592336654663,0.8387966752052307,0.10080220550298691,0.0008463355479761958,0.2838500142097473,0.25248849391937256,0.9250286817550659
35.348956000001635,-0.4090432822704315,0.8388242125511169,0.10083723068237305,0.0005977805121801794,0.28309306502342224,0.25254371762275696,0.9252457022666931
35.352783599999384,-0.40918558835983276,0.8388496041297913,0.10087122768163681,0.00019352523668203503,0.2823192775249481,0.25303080677986145,0.925349235534668
35.35708539999905,-0.4093647599220276,0.8388898372650146,0.10088586807250977,-0.0008493248024024069,0.2810992896556854,0.25402218103408813,0.9254487156867981
35.36114790001011,-0.40952542424201965,0.8389111161231995,0.10088442265987396,-0.0012964762281626463,0.279960960149765,0.25451037287712097,0.9256591200828552
35.369817700004205,-0.40980851650238037,0.8389890789985657,0.10096108913421631,-0.0012474312679842114,0.2794707715511322,0.254564493894577,0.9257923364639282
35.37368160000187,-0.4099302887916565,0.8390184044837952,0.10099200159311295,-0.0012397473910823464,0.2789834439754486,0.2544477581977844,0.9259713888168335
35.377724200006924,-0.4100499451160431,0.8390423059463501,0.10099317133426666,-0.0017723067430779338,0.27846261858940125,0.2548075318336487,0.9260284304618835
35.38193170000159,-0.41017308831214905,0.8390644192695618,0.10100484639406204,-0.0021054218523204327,0.2779111862182617,0.25506848096847534,0.9261215329170227
35.38666000000376,-0.4103005826473236,0.8390928506851196,0.10102693736553192,-0.0024617970921099186,0.2773098945617676,0.25502318143844604,0.9263132810592651
35.39218600001186,-0.4104428291320801,0.8391026258468628,0.10104844719171524,-0.0029168371111154556,0.27639511227607727,0.2549029588699341,0.9266183972358704
35.396079300000565,-0.4105713367462158,0.8391215801239014,0.10105670243501663,-0.0032728705555200577,0.27593886852264404,0.2547837197780609,0.9267860054969788
35.400501399999484,-0.41071847081184387,0.8391447067260742,0.10107529163360596,-0.0033695409074425697,0.2754710912704468,0.2542417645454407,0.92707359790802
35.40513300000748,-0.41086453199386597,0.8391465544700623,0.10109070688486099,-0.003817505668848753,0.27475088834762573,0.2543928623199463,0.9272441267967224
35.40950330000487,-0.411068856716156,0.8391847014427185,0.10110098868608475,-0.005360929295420647,0.2729819416999817,0.25510868430137634,0.9275622963905334
35.41298040001129,-0.41122424602508545,0.8391716480255127,0.10111483931541443,-0.005002552643418312,0.2723790407180786,0.25493255257606506,0.9277899265289307
35.41676649999863,-0.4113636612892151,0.8391373753547668,0.10110504180192947,-0.004631527699530125,0.2717481255531311,0.25468122959136963,0.9280458092689514
35.42317429999821,-0.41167014837265015,0.8391088843345642,0.10112487524747849,-0.0031623065005987883,0.2713925540447235,0.25184187293052673,0.9289304614067078
35.42746980000811,-0.4118117392063141,0.8390599489212036,0.10112966597080231,-0.0035430723801255226,0.2705296576023102,0.2525159418582916,0.9289977550506592
35.431649999998626,-0.4119760990142822,0.8390058875083923,0.10113101452589035,-0.0037732282653450966,0.26969820261001587,0.2530069351196289,0.9291050434112549
35.43588830000954,-0.4121267795562744,0.838954746723175,0.10113754123449326,-0.0038918275386095047,0.26885786652565,0.25343936681747437,0.9292302131652832
35.440403600005084,-0.41230151057243347,0.8388921618461609,0.10113513469696045,-0.004119069315493107,0.26777178049087524,0.2539841830730438,0.9293941259384155
35.444408600000315,-0.4124755859375,0.8388314843177795,0.10116618871688843,-0.004205933306366205,0.2667675316333771,0.2540738582611084,0.9296579957008362
35.44907280000916,-0.41264790296554565,0.8387668132781982,0.10118108987808228,-0.004277392756193876,0.26565006375312805,0.2543284296989441,0.9299079775810242
35.45277590000478,-0.41280293464660645,0.8387117981910706,0.10120376199483871,-0.004223238211125135,0.26498207449913025,0.25459355115890503,0.9300262331962585
35.45716070001072,-0.4130063056945801,0.8386632204055786,0.10121181607246399,-0.005065370816737413,0.26371803879737854,0.2558101713657379,0.9300475716590881
35.46199500000512,-0.4131969213485718,0.8385670781135559,0.1012265533208847,-0.0055755190551280975,0.2622191309928894,0.25692903995513916,0.9301599860191345
35.465749800001504,-0.4133773148059845,0.8385097980499268,0.10123391449451447,-0.0059443190693855286,0.26128262281417847,0.2575124502182007,0.9302598834037781
35.472174000009545,-0.41353917121887207,0.8384641408920288,0.10123815387487411,-0.006301237270236015,0.26041966676712036,0.2578914761543274,0.9303944706916809
35.47641860001022,-0.4137033522129059,0.838412344455719,0.10124282538890839,-0.006692117545753717,0.25962114334106445,0.2583591938018799,0.9304851293563843
35.48221950000152,-0.41411763429641724,0.8383000493049622,0.10121295601129532,-0.007105657830834389,0.257299542427063,0.25831273198127747,0.9311396479606628
35.4863430000114,-0.414334774017334,0.8382373452186584,0.1012292429804802,-0.007897645235061646,0.2561151385307312,0.2587801218032837,0.9313299655914307
35.49034260000917,-0.41454094648361206,0.8381816148757935,0.10123906284570694,-0.008386999368667603,0.25522345304489136,0.25895971059799194,0.9315205216407776
35.49461960000917,-0.4147379398345947,0.8381194472312927,0.10127108544111252,-0.008627389557659626,0.25450652837753296,0.2588566243648529,0.9317432045936584
35.49874460000137,-0.41494420170783997,0.8380881547927856,0.10127187520265579,-0.009144038893282413,0.25365617871284485,0.25896888971328735,0.9319388270378113
35.50319180000224,-0.41517555713653564,0.838036060333252,0.1012902483344078,-0.00918764341622591,0.25276461243629456,0.25892892479896545,0.9321917295455933
35.50739890000841,-0.4154456853866577,0.8379413485527039,0.10130220651626587,-0.009011064656078815,0.2513280212879181,0.2594839334487915,0.9324275851249695
35.51184869999997,-0.4157758355140686,0.8379124999046326,0.10136166214942932,-0.0106651047244668,0.249203160405159,0.2606596350669861,0.932652473449707
35.51557600000524,-0.4160633683204651,0.8378725647926331,0.1013612151145935,-0.011073254980146885,0.24788789451122284,0.26088961958885193,0.9329339265823364
35.51940900000045,-0.4163394868373871,0.8378276228904724,0.10137825459241867,-0.011144792661070824,0.24677631258964539,0.2611735463142395,0.9331482648849487
35.52341090000118,-0.41664940118789673,0.8377847671508789,0.10141408443450928,-0.011077869683504105,0.2456175535917282,0.2619631886482239,0.933233380317688
35.5275629000098,-0.4169454872608185,0.8377373218536377,0.10146265476942062,-0.01146612223237753,0.24399784207344055,0.26273947954177856,0.9334353804588318
35.532173900006455,-0.4172809422016144,0.8376616835594177,0.1015012115240097,-0.01148647628724575,0.24246522784233093,0.26305049657821655,0.933746874332428
35.53598770000099,-0.41762393712997437,0.8375975489616394,0.10154827684164047,-0.011842003092169762,0.2409462183713913,0.26351645588874817,0.9340041875839233
35.54030249999778,-0.41799336671829224,0.8375118970870972,0.1016031801700592,-0.011454648338258266,0.23944535851478577,0.263471394777298,0.934407651424408
35.54437139999936,-0.4183562397956848,0.8374649286270142,0.10167069733142853,-0.011628801934421062,0.23810575902462006,0.26368528604507446,0.9346873760223389
35.54843940000865,-0.4187338054180145,0.8373851776123047,0.10167587548494339,-0.012287316843867302,0.23633340001106262,0.2645704746246338,0.9348787069320679
35.552510900000925,-0.41913095116615295,0.8373224139213562,0.1017022579908371,-0.013341317884624004,0.23442919552326202,0.2657601833343506,0.9350062012672424
35.55686470000364,-0.41951996088027954,0.8372796177864075,0.10173463821411133,-0.013339686207473278,0.23332525789737701,0.2665962278842926,0.9350443482398987
35.561072000011336,-0.4199364483356476,0.8372282385826111,0.1017729863524437,-0.013751567341387272,0.2318262904882431,0.2667624354362488,0.9353636503219604
35.56511490000412,-0.42034900188446045,0.8371857404708862,0.10181127488613129,-0.01339476928114891,0.23065443336963654,0.26649609208106995,0.9357345104217529
35.56927130000258,-0.4207746684551239,0.8371672034263611,0.1018616333603859,-0.013860659673810005,0.22873476147651672,0.26730307936668396,0.9359686374664307
35.573548200001824,-0.4211809039115906,0.8371372818946838,0.10189612209796906,-0.01390108373016119,0.22664037346839905,0.26819196343421936,0.9362232685089111
35.579396000001,-0.4216115474700928,0.8370856642723083,0.10191858559846878,-0.014237958006560802,0.22512371838092804,0.26856377720832825,0.936477541923523
35.583458400011295,-0.42202678322792053,0.8370251655578613,0.1019458919763565,-0.014669711701571941,0.22315049171447754,0.2693694531917572,0.9367116689682007
35.587817600011476,-0.4224834442138672,0.837018609046936,0.10198517888784409,-0.016068201512098312,0.2214580774307251,0.2700923979282379,0.9368821978569031
35.59184040001128,-0.4229206442832947,0.8369709849357605,0.10202894359827042,-0.01613570563495159,0.2198316752910614,0.26970651745796204,0.9373751282691956
35.59538130000874,-0.4233572483062744,0.8369174599647522,0.1020316556096077,-0.016526108607649803,0.21838201582431793,0.2700556516647339,0.937606692314148
35.599582300012116,-0.4238317906856537,0.8369055390357971,0.10201825946569443,-0.01662619598209858,0.2172202467918396,0.2690051794052124,0.9381764531135559
35.60307250000187,-0.42433133721351624,0.836908757686615,0.1020621508359909,-0.01771528087556362,0.21546757221221924,0.2693978250026703,0.9384480118751526
35.60690450000402,-0.42477887868881226,0.8368873000144958,0.10208514332771301,-0.017587507143616676,0.21404266357421875,0.2692602872848511,0.9388159513473511
35.61094060000323,-0.4252472221851349,0.8369081616401672,0.10211244225502014,-0.017787056043744087,0.21272359788417816,0.2696230411529541,0.9390078783035278
35.6150467999978,-0.4257453978061676,0.8369133472442627,0.1021621823310852,-0.018512442708015442,0.2102716714143753,0.27058523893356323,0.9392693042755127
35.619388500010245,-0.4262533485889435,0.8369255661964417,0.10216804593801498,-0.018200434744358063,0.20834678411483765,0.2699063718318939,0.9398995041847229
35.623450400002184,-0.4267456531524658,0.8369032144546509,0.10218970477581024,-0.018668947741389275,0.20696786046028137,0.26953819394111633,0.940300464630127
35.6278835000121,-0.42727571725845337,0.8369308710098267,0.10223910957574844,-0.020510032773017883,0.20487603545188904,0.27045392990112305,0.940457284450531
35.63177170000563,-0.42782723903656006,0.8369477987289429,0.10225528478622437,-0.021052271127700806,0.2037176787853241,0.2710125744342804,0.9405361413955688
35.63606280001113,-0.4283771514892578,0.8369793891906738,0.10227817296981812,-0.02139093540608883,0.20238758623600006,0.27053239941596985,0.94095379114151
35.640094600006705,-0.4289611279964447,0.8370183706283569,0.10230102390050888,-0.02249852940440178,0.20017500221729279,0.27061715722084045,0.9413767457008362
35.64435490001051,-0.4294927418231964,0.8369929194450378,0.10228830575942993,-0.021555475890636444,0.19815009832382202,0.27022790908813477,0.9419388175010681
35.64864710000984,-0.4300372302532196,0.8370253443717957,0.10236094146966934,-0.0218647513538599,0.19622880220413208,0.27111053466796875,0.9420803785324097
35.653411400009645,-0.4306371212005615,0.8370926380157471,0.10240696370601654,-0.022184116765856743,0.194745272397995,0.2719583809375763,0.942136287689209
35.65711860000738,-0.43122079968452454,0.8371081948280334,0.10238941758871078,-0.023376621305942535,0.19289961457252502,0.27306097745895386,0.9421682357788086
35.66108150000218,-0.4317743182182312,0.8371307849884033,0.10243107378482819,-0.025034861639142036,0.1905994862318039,0.27435964345932007,0.9422164559364319
35.66539900000498,-0.43231382966041565,0.8371698260307312,0.10246431827545166,-0.024690015241503716,0.1894882172346115,0.2731310725212097,0.9428065419197083
35.67049770000449,-0.4329102039337158,0.8371963500976562,0.10247992724180222,-0.024150313809514046,0.18785709142684937,0.27243974804878235,0.9433467984199524
35.674058200005675,-0.4334898889064789,0.8372394442558289,0.10248888283967972,-0.025196833536028862,0.18593204021453857,0.27352848649024963,0.943385660648346
35.677664900009404,-0.4340526759624481,0.8372799754142761,0.10249415785074234,-0.025520293042063713,0.18410779535770416,0.27430105209350586,0.9435105323791504
35.68182460000389,-0.4346165657043457,0.8373727202415466,0.10255144536495209,-0.026569189503788948,0.1824999898672104,0.27481770515441895,0.9436435103416443
35.685922200005734,-0.43519943952560425,0.8374584913253784,0.10254058986902237,-0.026149623095989227,0.1811649650335312,0.27363187074661255,0.9442569017410278
35.690128600006574,-0.4357497990131378,0.8374945521354675,0.10251932591199875,-0.02612343057990074,0.17938458919525146,0.2735888361930847,0.9446099996566772
35.6942582000047,-0.43630078434944153,0.8375837802886963,0.1025129109621048,-0.027760425582528114,0.1772376000881195,0.2746666967868805,0.9446557760238647
35.69841599999927,-0.4368579387664795,0.837661862373352,0.10250547528266907,-0.028275789692997932,0.1760665327310562,0.27503660321235657,0.9447517991065979
35.70250169999781,-0.4374423325061798,0.8377135396003723,0.1024455577135086,-0.02903546206653118,0.17470863461494446,0.2740989625453949,0.9452531933784485
35.70679690000543,-0.4380367398262024,0.8378311991691589,0.10241870582103729,-0.030395731329917908,0.17266248166561127,0.2752896845340729,0.9452404379844666
35.71116070001153,-0.4385577142238617,0.8379627466201782,0.10244806855916977,-0.030969055369496346,0.17130333185195923,0.2747523784637451,0.9456253051757812
35.71511869999813,-0.4390946924686432,0.8380504250526428,0.10244134068489075,-0.031246323138475418,0.16928987205028534,0.2750139832496643,0.9459027647972107
35.72113170000375,-0.43967095017433167,0.8381834030151367,0.10241129249334335,-0.031099624931812286,0.1679687798023224,0.27312448620796204,0.9466902613639832
35.725513199999114,-0.44023674726486206,0.8382973670959473,0.10236184298992157,-0.032091524451971054,0.16659493744373322,0.2735951840877533,0.9467639923095703
35.73025069999858,-0.4408244788646698,0.838390052318573,0.10230892151594162,-0.03268999978899956,0.16561146080493927,0.2735375761985779,0.9469326138496399
35.73455900000408,-0.44133955240249634,0.8384672403335571,0.10233106464147568,-0.032930679619312286,0.16438288986682892,0.2734312415122986,0.9471691250801086
35.738976900000125,-0.4418543875217438,0.8385857939720154,0.10226737707853317,-0.033387441188097,0.163103848695755,0.2726365029811859,0.9476032257080078
35.7426783000119,-0.4424443244934082,0.8387118577957153,0.10224612802267075,-0.035025328397750854,0.16032445430755615,0.27409785985946655,0.9475967884063721
35.74734460000764,-0.44302868843078613,0.8388631939888,0.10223933309316635,-0.03529541939496994,0.15927405655384064,0.2741449177265167,0.9477502703666687
35.75517950000358,-0.4440922439098358,0.8391091227531433,0.10221773386001587,-0.03514056280255318,0.15731181204319,0.2760377526283264,0.9475343823432922
35.75904730000184,-0.4446505904197693,0.8392321467399597,0.10215596109628677,-0.03610295429825783,0.1550559550523758,0.2758376896381378,0.9479281902313232
35.76275930000702,-0.4451742470264435,0.839358925819397,0.1021474227309227,-0.035927169024944305,0.15389536321163177,0.2741893231868744,0.9486019611358643
35.76692429999821,-0.4457019865512848,0.8395150899887085,0.10212211310863495,-0.036504197865724564,0.15332907438278198,0.2745874226093292,0.9485565423965454
35.771185900011915,-0.4463130533695221,0.8396808505058289,0.10209301859140396,-0.037220533937215805,0.15155337750911713,0.2749965488910675,0.9486954808235168
35.77584149999893,-0.44683894515037537,0.8398295640945435,0.10204391181468964,-0.03729381784796715,0.15085507929325104,0.27495917677879333,0.9488146901130676
35.77991110000585,-0.4473693072795868,0.8399603962898254,0.10199438035488129,-0.0368519127368927,0.14986437559127808,0.2740808129310608,0.9492430686950684
35.783638599998085,-0.4479402005672455,0.840127170085907,0.10194744169712067,-0.03889306262135506,0.1479671448469162,0.2752053737640381,0.9491338729858398
35.78830730001209,-0.4484752118587494,0.8402522802352905,0.10186178982257843,-0.03944198042154312,0.14633075892925262,0.27502837777137756,0.9494161605834961
35.7920834000106,-0.4490066170692444,0.840419352054596,0.10179005563259125,-0.03979223221540451,0.14553354680538177,0.27494409680366516,0.9495485424995422
35.79596240000683,-0.4495815932750702,0.8405539989471436,0.10167690366506577,-0.040243782103061676,0.14472337067127228,0.27351489663124084,0.9500659108161926
35.80066639999859,-0.4501122832298279,0.8407436609268188,0.10163263976573944,-0.041755810379981995,0.14326506853103638,0.27359339594841003,0.9501990675926208
35.80466570000863,-0.4506538212299347,0.8408914804458618,0.10152917355298996,-0.04299136996269226,0.1425638198852539,0.27339863777160645,0.9503055214881897
35.809442800004035,-0.451189249753952,0.8410062193870544,0.10147607326507568,-0.042678289115428925,0.14059758186340332,0.2729075253009796,0.9507536292076111
35.812905099999625,-0.4517349600791931,0.8411805629730225,0.10139354318380356,-0.04170430824160576,0.13989166915416718,0.2710423171520233,0.9514342546463013
35.81709799999953,-0.452256441116333,0.841352641582489,0.10130281746387482,-0.042520638555288315,0.13894400000572205,0.27092716097831726,0.9515697956085205
35.82160570000997,-0.4528405964374542,0.8415415287017822,0.10123854875564575,-0.0434415303170681,0.1375267654657364,0.27104389667510986,0.9517008066177368
35.82533250001143,-0.45338037610054016,0.841701328754425,0.10117749869823456,-0.0438750684261322,0.13604705035686493,0.2715747654438019,0.9517422914505005
35.82937230000971,-0.45392146706581116,0.8419001698493958,0.10111871361732483,-0.04347383230924606,0.1353040486574173,0.2699023187160492,0.9523422122001648
35.832886900010635,-0.4544602334499359,0.8420646786689758,0.10104115307331085,-0.04494960978627205,0.1333361119031906,0.27100080251693726,0.9522392153739929
35.83635110000614,-0.45504799485206604,0.8422540426254272,0.10090085119009018,-0.04659521207213402,0.13276085257530212,0.27072998881340027,0.9523175358772278
35.840104300004896,-0.45559391379356384,0.8424166440963745,0.10083157569169998,-0.047199103981256485,0.1316475123167038,0.2704477608203888,0.9525225758552551
35.84472590000951,-0.4561590850353241,0.842585027217865,0.10081389546394348,-0.04756948724389076,0.1299915611743927,0.27115398645401,0.9525307416915894
35.848472700003185,-0.456708163022995,0.8427680730819702,0.10071297734975815,-0.047445815056562424,0.128656804561615,0.27026742696762085,0.952970027923584
35.8527291000064,-0.4572702944278717,0.8429079651832581,0.10063580423593521,-0.04808170720934868,0.12734687328338623,0.27142640948295593,0.9527846574783325
35.85690759999852,-0.4578864276409149,0.8430823683738708,0.10050773620605469,-0.04867417737841606,0.12662504613399506,0.27077677845954895,0.9530355930328369
35.86253240000224,-0.45846477150917053,0.8432523012161255,0.1004452109336853,-0.048958536237478256,0.12488436698913574,0.2704581022262573,0.9533411860466003
35.86598450000747,-0.4590170383453369,0.843403697013855,0.10038016736507416,-0.0488809272646904,0.12427385151386261,0.2697279751300812,0.9536318182945251
35.86928310000803,-0.4595874845981598,0.843571662902832,0.10029792785644531,-0.04953485354781151,0.12260551750659943,0.2710096538066864,0.9534505605697632
35.87383050000062,-0.4601998031139374,0.8437624573707581,0.10018789768218994,-0.05131526291370392,0.12114045768976212,0.272393137216568,0.9531493186950684
35.87774520000676,-0.4607650637626648,0.8439173698425293,0.1001071184873581,-0.05055124685168266,0.1200493574142456,0.27163100242614746,0.9535456299781799
35.88222330001008,-0.46134501695632935,0.8440409302711487,0.09995421022176743,-0.051468297839164734,0.11907688528299332,0.2717665433883667,0.9535799026489258
35.88657550000062,-0.46191170811653137,0.8441754579544067,0.09983105212450027,-0.051830098032951355,0.11719158291816711,0.2731696367263794,0.9533929228782654
35.89010670001153,-0.46251216530799866,0.8443245887756348,0.09970516711473465,-0.05179230868816376,0.11628706008195877,0.2733626067638397,0.9534505009651184
35.89415220000956,-0.46308597922325134,0.8444914221763611,0.0995650589466095,-0.051889847964048386,0.11500150710344315,0.2731752097606659,0.9536548256874084
35.898440700009814,-0.46361929178237915,0.8446645736694336,0.09945277124643326,-0.05240866541862488,0.11341798305511475,0.2729952037334442,0.9538676142692566
35.902498100011144,-0.4641164541244507,0.8448061347007751,0.09934598952531815,-0.052591074258089066,0.11271011829376221,0.27278071641921997,0.954002857208252
35.906614300009096,-0.4647221267223358,0.8449894785881042,0.09919127076864243,-0.05337492749094963,0.11119214445352554,0.27376294136047363,0.9538560509681702
35.91110660000413,-0.4652200937271118,0.8450802564620972,0.09895787388086319,-0.056527312844991684,0.10965678840875626,0.2746490240097046,0.9535974264144897
35.91521010000724,-0.46571260690689087,0.8452687859535217,0.09881846606731415,-0.05674886703491211,0.10869535058736801,0.2749893069267273,0.9535962343215942
35.9192527999985,-0.4662036895751953,0.8454369306564331,0.0986739844083786,-0.05703672394156456,0.10760463029146194,0.27499836683273315,0.9537001252174377
35.92342869999993,-0.46676158905029297,0.8455939888954163,0.0984266921877861,-0.05627438798546791,0.10656622797250748,0.2738443613052368,0.9541940093040466
35.927735400007805,-0.46722590923309326,0.8457646369934082,0.09827713668346405,-0.057564038783311844,0.10507726669311523,0.27389073371887207,0.9542688727378845
35.93180580000626,-0.4676932096481323,0.8458870649337769,0.09810369461774826,-0.05827593430876732,0.10420788079500198,0.27439504861831665,0.954176127910614
35.93591540001216,-0.46819621324539185,0.8460689783096313,0.09790604561567307,-0.05815491825342178,0.10237264633178711,0.2746557891368866,0.9543070793151855
35.94042340001033,-0.46866968274116516,0.8462361693382263,0.09767792373895645,-0.05774925649166107,0.10193707793951035,0.273290753364563,0.9547701478004456
35.94426080000994,-0.46911105513572693,0.8463564515113831,0.09744522720575333,-0.058227233588695526,0.10183147341012955,0.2735256850719452,0.9546850919723511
35.94854630000191,-0.46953335404396057,0.8465310335159302,0.09724424034357071,-0.05870053917169571,0.10080612450838089,0.27289965748786926,0.9549440741539001
35.952584300001035,-0.470009982585907,0.8466470837593079,0.09695105999708176,-0.05955761671066284,0.09893164783716202,0.27354660630226135,0.9549019932746887
35.95712550000462,-0.47042012214660645,0.8467312455177307,0.09671523422002792,-0.059952262789011,0.09801747649908066,0.27400147914886475,0.954841136932373
35.961270600004354,-0.4707983732223511,0.8468480706214905,0.09648427367210388,-0.0596366822719574,0.09778862446546555,0.2736148536205292,0.9549952149391174
35.9653801000095,-0.47118955850601196,0.8469725251197815,0.09624633938074112,-0.059071190655231476,0.09653474390506744,0.2728006839752197,0.9553907513618469
35.96960450000188,-0.4716373085975647,0.8471197485923767,0.09603004157543182,-0.0596480593085289,0.09522895514965057,0.27355965971946716,0.955268919467926
35.97341810000944,-0.47202813625335693,0.8472538590431213,0.09576042741537094,-0.06030768156051636,0.09440478682518005,0.27409854531288147,0.9551548361778259
35.9778767000098,-0.47239094972610474,0.8473142385482788,0.09547792375087738,-0.060235921293497086,0.09348300099372864,0.2741284668445587,0.9552413821220398
35.9820069999987,-0.47268757224082947,0.8473743796348572,0.09521126002073288,-0.06058921664953232,0.09357400983572006,0.27362966537475586,0.9553532004356384
35.986098699999275,-0.47303351759910583,0.8474376201629639,0.09491562843322754,-0.06026953086256981,0.09240426868200302,0.2727496027946472,0.9557388424873352
35.9904921999987,-0.4733709990978241,0.8475031852722168,0.09465961903333664,-0.06073613092303276,0.09108815342187881,0.2731110453605652,0.9557324647903442
35.9942802000005,-0.4736957252025604,0.8475790619850159,0.09440262615680695,-0.06080619990825653,0.09076478332281113,0.2737744450569153,0.9555689096450806
35.99844330000633,-0.47399818897247314,0.8476325273513794,0.09410512447357178,-0.06095544621348381,0.0902877002954483,0.27464759349823,0.9553539752960205
36.00276420000591,-0.4743293225765228,0.8476886749267578,0.09379475563764572,-0.061308037489652634,0.08941993862390518,0.27527010440826416,0.9552338719367981
36.00683130000834,-0.47464850544929504,0.8477195501327515,0.09348776191473007,-0.06178829073905945,0.08849688619375229,0.27573469281196594,0.9551548957824707
36.01101610000478,-0.4749055802822113,0.8477577567100525,0.09323593974113464,-0.06178611144423485,0.08788000792264938,0.27593040466308594,0.9551554918289185
36.01504220000061,-0.47516435384750366,0.8477621674537659,0.0929475948214531,-0.06200084835290909,0.08784876763820648,0.2751631438732147,0.9553657174110413
36.019614600008936,-0.4754018485546112,0.8477778434753418,0.09268303215503693,-0.06167575716972351,0.08754050731658936,0.2749515771865845,0.9554759860038757
36.02391709999938,-0.47562375664711,0.8477652668952942,0.09236659854650497,-0.06155083701014519,0.08666734397411346,0.2748282253742218,0.9555991888046265
36.027686600005836,-0.4758254289627075,0.8477405309677124,0.09207157790660858,-0.061255961656570435,0.085552878677845,0.27510571479797363,0.9556387066841125
36.03237939999963,-0.47602441906929016,0.84770268201828,0.0917830541729927,-0.06115714833140373,0.08506665378808975,0.2763597071170807,0.9553265571594238
36.03601530000742,-0.47621291875839233,0.8476657867431641,0.09150217473506927,-0.06081485375761986,0.08484828472137451,0.27617520093917847,0.9554211497306824
36.0401423000003,-0.47635895013809204,0.8476627469062805,0.09124679118394852,-0.060152292251586914,0.08461671322584152,0.27573442459106445,0.9556109309196472
36.04454600000463,-0.4764765501022339,0.8476302623748779,0.09095915406942368,-0.05968239903450012,0.08507765084505081,0.2746688723564148,0.9559062719345093
36.04849739999918,-0.47661685943603516,0.847563624382019,0.09064967930316925,-0.05923330783843994,0.08460425585508347,0.27475911378860474,0.9559503793716431
36.05270970000129,-0.4767165184020996,0.8475406765937805,0.09038879722356796,-0.05918894335627556,0.0842481479048729,0.2754165530204773,0.9557952880859375
36.0588992999983,-0.47680455446243286,0.8475117087364197,0.09013950824737549,-0.05937548354268074,0.08390934020280838,0.275473028421402,0.9557972550392151
36.062637600000016,-0.47690266370773315,0.8474678993225098,0.08986333012580872,-0.06002312898635864,0.08328177779912949,0.27619799971580505,0.9556024670600891
36.06665090000024,-0.476971298456192,0.8474370241165161,0.0896427258849144,-0.059812452644109726,0.08309651911258698,0.2760738730430603,0.9556676745414734
36.07002540001122,-0.477030873298645,0.847432553768158,0.08939826488494873,-0.05899907276034355,0.0832960456609726,0.2751511037349701,0.9559669494628906
36.073707500007,-0.4770961403846741,0.8473780751228333,0.08911818265914917,-0.05832039937376976,0.08371660858392715,0.2739616334438324,0.95631343126297
36.07772710001154,-0.47714900970458984,0.8472822904586792,0.08881748467683792,-0.058052096515893936,0.08325284719467163,0.27454081177711487,0.9562040567398071
36.08194060000824,-0.477215975522995,0.847234308719635,0.08857384324073792,-0.05802285671234131,0.0829160213470459,0.27441537380218506,0.9562711119651794
36.08602040000551,-0.4772629141807556,0.8471968173980713,0.08834168314933777,-0.05791947618126869,0.08266228437423706,0.27453890442848206,0.9562638998031616
36.090027800004464,-0.4772750735282898,0.8471606373786926,0.08814241737127304,-0.05754927545785904,0.08259377628564835,0.27417609095573425,0.9563962817192078
36.094220200000564,-0.4772779047489166,0.847116231918335,0.08795458823442459,-0.057390131056308746,0.08257334679365158,0.27431511878967285,0.9563677906990051
36.09764520000317,-0.4772779047489166,0.847116231918335,0.08795458823442459,-0.057390131056308746,0.08257334679365158,0.27431511878967285,0.9563677906990051
36.10132310001063,-0.47727271914482117,0.8470860719680786,0.08777327835559845,-0.05705823004245758,0.08258505165576935,0.2741200029850006,0.9564424753189087
36.10537430000841,-0.47723883390426636,0.8470618724822998,0.08758941292762756,-0.05664375051856041,0.08281397074460983,0.27392733097076416,0.9565025568008423
36.109850300010294,-0.47721585631370544,0.8470413684844971,0.08738972246646881,-0.056051358580589294,0.08301687985658646,0.2734721601009369,0.9566501975059509
36.11519700000645,-0.4771547317504883,0.8469287753105164,0.0869215801358223,-0.05599438026547432,0.08312664926052094,0.2744647264480591,0.9563596248626709
36.12112750000961,-0.47709816694259644,0.8469045758247375,0.08671451359987259,-0.05571736767888069,0.08312007039785385,0.2743786871433258,0.9564010500907898
36.12522739999986,-0.47704896330833435,0.8468961119651794,0.08653974533081055,-0.05583333969116211,0.08320557326078415,0.27434778213500977,0.95639568567276
36.129714900002,-0.4770127534866333,0.8469129204750061,0.08637434989213943,-0.05603761598467827,0.08292412757873535,0.2747913897037506,0.9562808275222778
36.13405780000903,-0.47697243094444275,0.8469235301017761,0.08619499951601028,-0.05579223483800888,0.08289240300655365,0.2743995785713196,0.9564105272293091
36.137778900010744,-0.47691071033477783,0.8469362854957581,0.08604861795902252,-0.05579188093543053,0.08287840336561203,0.274473637342453,0.9563905000686646
36.142314700002316,-0.4768524169921875,0.8470006585121155,0.08587275445461273,-0.0562143437564373,0.08319495618343353,0.27441200613975525,0.9563559293746948
36.14623500000744,-0.4768042266368866,0.8470269441604614,0.08572971820831299,-0.05628561973571777,0.08318782597780228,0.2744624614715576,0.9563378095626831
36.15027360001113,-0.47675007581710815,0.8470497131347656,0.08559916168451309,-0.05619543045759201,0.08323598653078079,0.2743060290813446,0.9563838243484497
36.15418700000737,-0.4767061471939087,0.8470777273178101,0.08546864241361618,-0.056181762367486954,0.08325785398483276,0.2742290198802948,0.9564048647880554
36.15818170001148,-0.4766615033149719,0.8471068143844604,0.08534843474626541,-0.05617835000157356,0.08328385651111603,0.2742551863193512,0.9563952684402466
36.16198410000652,-0.47661563754081726,0.8471331596374512,0.08522313088178635,-0.056090693920850754,0.08335933834314346,0.27427423000335693,0.9563884139060974
36.16543520000414,-0.4765826463699341,0.847165048122406,0.08510704338550568,-0.056128133088350296,0.08344030380249023,0.27460992336273193,0.9562828540802002
36.170066700011375,-0.47654759883880615,0.8471972346305847,0.08500248938798904,-0.056086983531713486,0.0833866074681282,0.2746915817260742,0.9562664031982422
36.175967600007425,-0.4765428900718689,0.847224771976471,0.08488365262746811,-0.05600753054022789,0.08332501351833344,0.27461671829223633,0.9562979340553284
36.18002549999801,-0.4765152335166931,0.8472282290458679,0.08475218713283539,-0.05648697540163994,0.0828830823302269,0.27572327852249146,0.9559897184371948
36.18396490000305,-0.4765092730522156,0.8472543954849243,0.08464682847261429,-0.056551743298769,0.0823577493429184,0.2758713364601135,0.9559886455535889
36.18797120000818,-0.4764865040779114,0.8472912907600403,0.08451005071401596,-0.056720633059740067,0.08268333226442337,0.27556437253952026,0.9560389518737793
36.19221330000437,-0.4764624238014221,0.8473333120346069,0.08439753949642181,-0.0565069243311882,0.08242009580135345,0.27574434876441956,0.9560225009918213
36.19652520000818,-0.47647184133529663,0.8473717570304871,0.08430640399456024,-0.056601542979478836,0.08251852542161942,0.2763437032699585,0.9558353424072266
36.201326399997924,-0.4764629304409027,0.8474109768867493,0.08421927690505981,-0.05681604892015457,0.08232734352350235,0.2765551805496216,0.9557778835296631
36.20673160000297,-0.4764650762081146,0.8475014567375183,0.08403614908456802,-0.05657925084233284,0.0825565904378891,0.2759110629558563,0.9559583067893982
36.21136800000386,-0.4764455556869507,0.8475571274757385,0.08395588397979736,-0.05658871307969093,0.08238603919744492,0.2757980227470398,0.9560050964355469
36.21482230001129,-0.4764455556869507,0.8475571274757385,0.08395588397979736,-0.05658871307969093,0.08238603919744492,0.2757980227470398,0.9560050964355469
36.21954840001126,-0.4764305353164673,0.8476549386978149,0.08376871049404144,-0.05676362290978432,0.08190060406923294,0.27625665068626404,0.9559040665626526
36.22341000000597,-0.47644126415252686,0.847670316696167,0.08365613967180252,-0.057265687733888626,0.08156739175319672,0.27698764204978943,0.9556909799575806
36.22791050000524,-0.476429283618927,0.8477357029914856,0.08356540650129318,-0.058080095797777176,0.08157874643802643,0.27735936641693115,0.9555330276489258
36.23199030000251,-0.47644439339637756,0.8477745652198792,0.08343274146318436,-0.058060407638549805,0.0810844823718071,0.2773149311542511,0.9555891752243042
36.23594270000467,-0.4764600396156311,0.8477824330329895,0.08328422904014587,-0.05840589478611946,0.08146396279335022,0.2768130302429199,0.9556813836097717
36.24071220000042,-0.47646692395210266,0.8478268980979919,0.08316607028245926,-0.058595817536115646,0.08100394159555435,0.27692821621894836,0.955675482749939
36.2442524000071,-0.47648102045059204,0.8478662371635437,0.08304572850465775,-0.058771006762981415,0.0807645246386528,0.2771299183368683,0.9556266069412231
36.24846430000616,-0.47648748755455017,0.8479110598564148,0.08293382823467255,-0.058873675763607025,0.08059573173522949,0.277054101228714,0.9556564688682556
36.252943100000266,-0.47649529576301575,0.8479718565940857,0.0827927514910698,-0.058783676475286484,0.08038903027772903,0.27670884132385254,0.955779492855072
36.25712220001151,-0.4765053987503052,0.848021924495697,0.08264924585819244,-0.05869714170694351,0.08020789176225662,0.27700716257095337,0.9557136297225952
36.261465600007796,-0.4765072762966156,0.8480590581893921,0.08251708000898361,-0.0586288683116436,0.0800851583480835,0.2769145965576172,0.9557548761367798
36.26514250000764,-0.47651416063308716,0.848099946975708,0.08237305283546448,-0.05887902155518532,0.07986056059598923,0.27712440490722656,0.9556974768638611
36.26936460001161,-0.47651854157447815,0.8481413722038269,0.0822027325630188,-0.05900384485721588,0.07938816398382187,0.27713385224342346,0.9557264447212219
36.2738459000102,-0.4765222668647766,0.848181962966919,0.08204714953899384,-0.05929812416434288,0.07924405485391617,0.27722349762916565,0.9556941390037537
36.27769719999924,-0.4765392243862152,0.8482144474983215,0.0818588063120842,-0.05982653796672821,0.07905484735965729,0.2784847915172577,0.9553101658821106
36.282628300003125,-0.4765505790710449,0.8482352495193481,0.08167160302400589,-0.059410903602838516,0.07896822690963745,0.27813345193862915,0.9554455280303955
36.286904300010065,-0.4765337407588959,0.8482592701911926,0.08148364722728729,-0.059375155717134476,0.07899259775876999,0.2777019739151001,0.9555712342262268
36.29041680000955,-0.47653937339782715,0.848310649394989,0.08130218088626862,-0.059296417981386185,0.07904612272977829,0.27781668305397034,0.9555383324623108
36.29447760000767,-0.47653308510780334,0.8483670353889465,0.08112628012895584,-0.05922190099954605,0.0786973387002945,0.27776196599006653,0.9555877447128296
36.29839740000898,-0.47651559114456177,0.8484126925468445,0.080942802131176,-0.05906917154788971,0.0784967765212059,0.27762657403945923,0.9556529521942139
36.30271450000873,-0.47649720311164856,0.8484444618225098,0.08076856285333633,-0.05911362171173096,0.07806897163391113,0.2772272229194641,0.9558011889457703
36.30668560000777,-0.47649723291397095,0.8484705090522766,0.08059391379356384,-0.05907072126865387,0.07782609015703201,0.2771705687046051,0.9558400511741638
36.31094989999838,-0.47646966576576233,0.8484812378883362,0.08034652471542358,-0.059306323528289795,0.07768087834119797,0.2777370512485504,0.9556729197502136
36.315312500009895,-0.4764605760574341,0.8484952449798584,0.08015533536672592,-0.05932440608739853,0.07749177515506744,0.277740478515625,0.9556861519813538
36.31925610000326,-0.47645846009254456,0.8485288023948669,0.07993650436401367,-0.05900689959526062,0.07726956158876419,0.2773320972919464,0.9558423161506653
36.32348490000004,-0.47646433115005493,0.8485167622566223,0.0796876773238182,-0.05939960852265358,0.07785490155220032,0.27699151635169983,0.9558692574501038
36.32773129999987,-0.4764574468135834,0.8485308885574341,0.0794546976685524,-0.05957820639014244,0.07719957083463669,0.2771306037902832,0.9558709859848022
36.33179120000568,-0.4764385521411896,0.8485389947891235,0.07925326377153397,-0.05963718518614769,0.07703840732574463,0.2771525979042053,0.9558739066123962
36.336257900009514,-0.4764338433742523,0.8485454320907593,0.07902538031339645,-0.05945874750614166,0.07696664333343506,0.2775324881076813,0.955780565738678
36.34015270000964,-0.47639477252960205,0.8485249876976013,0.07879269868135452,-0.05947999283671379,0.07630804181098938,0.2776794135570526,0.9557893872261047
36.3444126000104,-0.4763849377632141,0.8484945297241211,0.07853323221206665,-0.05898800864815712,0.07636086642742157,0.2768919765949249,0.95604407787323
36.35081910000008,-0.47637417912483215,0.8485031723976135,0.07831395417451859,-0.05851804465055466,0.07639108598232269,0.2761649787425995,0.9562808275222778
36.35446760000195,-0.47635725140571594,0.8485046029090881,0.07806887477636337,-0.05929555743932724,0.07608657330274582,0.27660882472991943,0.9561289548873901
36.36049730000377,-0.47633299231529236,0.8484532237052917,0.07758370041847229,-0.05815189331769943,0.07550466805696487,0.27608606219291687,0.9563962817192078
36.365064199999324,-0.4763242304325104,0.8484375476837158,0.0773664265871048,-0.05715477094054222,0.07557683438062668,0.27517059445381165,0.9567145705223083
36.36928440000338,-0.4763200879096985,0.8483978509902954,0.07712144404649734,-0.05723695084452629,0.07601701468229294,0.274661660194397,0.9568209648132324
36.37350919999881,-0.4763288199901581,0.848360002040863,0.07691725343465805,-0.05744503065943718,0.07552408427000046,0.2747043967247009,0.9568352103233337
36.37812730000587,-0.476303368806839,0.8483256697654724,0.07669353485107422,-0.056981299072504044,0.07561113685369492,0.27470070123672485,0.9568571448326111
36.38278130000981,-0.47630056738853455,0.8482797145843506,0.07645543664693832,-0.056628499180078506,0.07492560148239136,0.2748169004917145,0.9568986296653748
36.38635559999966,-0.4762815237045288,0.848251461982727,0.07621635496616364,-0.05720051750540733,0.07470882683992386,0.2761157751083374,0.956507682800293
36.39016530000663,-0.4762580096721649,0.8482457995414734,0.0759824812412262,-0.0566476546227932,0.07486994564533234,0.2756618857383728,0.9566587805747986
36.39463950000936,-0.4762374758720398,0.8481736183166504,0.07572692632675171,-0.05724363029003143,0.07452864199876785,0.27634090185165405,0.9564540386199951
36.398789200000465,-0.47624173760414124,0.8481311202049255,0.07550349831581116,-0.05694548040628433,0.07430581003427505,0.27620887756347656,0.9565273523330688
36.407493400009116,-0.4762306213378906,0.8480579257011414,0.07507800310850143,-0.056567609310150146,0.07405614107847214,0.27648526430130005,0.9564892649650574
36.41099950000353,-0.4762203097343445,0.8479943871498108,0.07483252137899399,-0.05621056631207466,0.0745585709810257,0.2757498323917389,0.9566835761070251
36.415116700009094,-0.47621774673461914,0.8479766845703125,0.07461738586425781,-0.05553966015577316,0.07463489472866058,0.2750872075557709,0.9569075107574463
36.41970150000998,-0.47619959712028503,0.8479483127593994,0.07443448901176453,-0.055375657975673676,0.0746036246418953,0.27477672696113586,0.9570087194442749
36.42343510000501,-0.4761905372142792,0.8479192852973938,0.07425585389137268,-0.054914966225624084,0.07461147010326385,0.2747151851654053,0.9570522308349609
36.427607999998145,-0.476171612739563,0.8478862643241882,0.07403381168842316,-0.0548689104616642,0.07431483268737793,0.27534204721450806,0.9568979144096375
36.43209850000858,-0.47617486119270325,0.8478790521621704,0.0738522857427597,-0.05409269407391548,0.07418476790189743,0.2745265066623688,0.9571864604949951
36.436710200010566,-0.4761616885662079,0.8478212952613831,0.07366280257701874,-0.054846733808517456,0.07352623343467712,0.27588605880737305,0.9568033218383789
36.44030539999949,-0.4761752784252167,0.847815752029419,0.07349292933940887,-0.05424132198095322,0.07322115451097488,0.275246798992157,0.9570453763008118
36.444239500007825,-0.4761539697647095,0.8478131294250488,0.07334281504154205,-0.05437075346708298,0.07305141538381577,0.2755136787891388,0.95697420835495
36.448672099999385,-0.4761319160461426,0.8478046655654907,0.07319600135087967,-0.05434589833021164,0.07304932922124863,0.27558276057243347,0.9569558501243591
36.452680600006715,-0.47610822319984436,0.8477885723114014,0.07304111868143082,-0.054872989654541016,0.07265958189964294,0.2764240503311157,0.9567127823829651
36.45678150000458,-0.47610196471214294,0.8478172421455383,0.07287300378084183,-0.05462896451354027,0.07246877998113632,0.276348739862442,0.9567630290985107
36.46117550000781,-0.4760729968547821,0.8478266000747681,0.07269415259361267,-0.05466795340180397,0.0727667286992073,0.2762308418750763,0.9567721486091614
36.46542770000815,-0.47607752680778503,0.8478222489356995,0.07255661487579346,-0.05502070114016533,0.07242226600646973,0.27698785066604614,0.9565591812133789
36.47029009999824,-0.4760568141937256,0.847844660282135,0.07243852317333221,-0.0546288825571537,0.07226366549730301,0.2768166959285736,0.9566431641578674
36.48237800000061,-0.47599488496780396,0.8480091691017151,0.07207893580198288,-0.054328616708517075,0.07296935468912125,0.2751767039299011,0.9570797681808472
36.48732670000754,-0.47596579790115356,0.8480652570724487,0.07198221981525421,-0.05419228598475456,0.07281254976987839,0.2749726474285126,0.957158088684082
36.49112000000605,-0.4759483337402344,0.8481379151344299,0.07189016044139862,-0.054618969559669495,0.07275338470935822,0.27485620975494385,0.9571717381477356
36.49973979999777,-0.47590720653533936,0.8482916951179504,0.07172484695911407,-0.05464091897010803,0.0729331523180008,0.2748812437057495,0.9571496844291687
36.504433599999174,-0.4759014844894409,0.8483856320381165,0.07165801525115967,-0.05472758784890175,0.0729052722454071,0.27480095624923706,0.9571698904037476
36.509190700002364,-0.475892037153244,0.8484936952590942,0.07159423828125,-0.05441802367568016,0.07288122177124023,0.2745414078235626,0.9572638273239136
36.514166599998134,-0.47587624192237854,0.8486260175704956,0.07156462222337723,-0.05406934395432472,0.07226594537496567,0.27488434314727783,0.9572318196296692
36.51929240000027,-0.47585493326187134,0.8488842248916626,0.07144764810800552,-0.05371781066060066,0.07223915308713913,0.27472826838493347,0.9572984576225281
36.52383380000538,-0.4758584201335907,0.8490304350852966,0.07138875871896744,-0.05419795960187912,0.0720483809709549,0.27494409680366516,0.9572238326072693
36.52782420000585,-0.47586750984191895,0.8491705656051636,0.07132691144943237,-0.054003939032554626,0.0719049870967865,0.27486780285835266,0.9572675228118896
36.53210770001169,-0.4758663475513458,0.8493417501449585,0.0712386965751648,-0.05426619574427605,0.07198058813810349,0.275926411151886,0.9569423198699951
36.535891899999115,-0.47587189078330994,0.8495033979415894,0.07121419906616211,-0.054463647305965424,0.07195314764976501,0.27639099955558777,0.9567990899085999
36.540107200009516,-0.47585588693618774,0.849679172039032,0.07116679102182388,-0.05423080548644066,0.07215828448534012,0.27599263191223145,0.9569118618965149
36.544619100008276,-0.47584736347198486,0.849886417388916,0.07112531363964081,-0.05480637028813362,0.07237859070301056,0.2759365439414978,0.956878662109375
36.550834900001064,-0.47585198283195496,0.8500785827636719,0.07110202312469482,-0.05515604093670845,0.07242785394191742,0.2759398818016052,0.9568538069725037
36.55438430000504,-0.475860059261322,0.8502739071846008,0.07107945531606674,-0.055602844804525375,0.07236137986183167,0.2758999168872833,0.9568445086479187
36.55881149999914,-0.47586768865585327,0.850459098815918,0.07105337083339691,-0.05568016692996025,0.07230973988771439,0.27574872970581055,0.9568875432014465
36.56296110000403,-0.47586730122566223,0.8506758809089661,0.07105971872806549,-0.055310748517513275,0.0725339949131012,0.2749195694923401,0.9571305513381958
36.56745700001193,-0.47588658332824707,0.8509204983711243,0.07107806950807571,-0.05657677352428436,0.07246804982423782,0.2748158276081085,0.9570913314819336
36.57158170000184,-0.4758993983268738,0.85113126039505,0.07106020301580429,-0.05686365067958832,0.07225410640239716,0.275201678276062,0.9569796323776245
36.576133700000355,-0.47591492533683777,0.8513441681861877,0.07104405015707016,-0.056424468755722046,0.07227780669927597,0.27461743354797363,0.957171618938446
36.58154060000379,-0.4759365916252136,0.8518104553222656,0.07102520763874054,-0.05628328025341034,0.07122717052698135,0.27574658393859863,0.9569340348243713
36.58644749999803,-0.47594255208969116,0.8520466089248657,0.07100784033536911,-0.05639442428946495,0.0710163339972496,0.27628225088119507,0.9567886590957642
36.59027890001016,-0.47592270374298096,0.8523286581039429,0.07095609605312347,-0.05709336698055267,0.07144416868686676,0.2770559787750244,0.9564915895462036
36.594603400008054,-0.4759356677532196,0.8525794744491577,0.07094843685626984,-0.05760037899017334,0.07120945304632187,0.2772305905818939,0.9564281105995178
36.59851840000192,-0.47595661878585815,0.8528305888175964,0.07092590630054474,-0.05791512504220009,0.07089884579181671,0.27689576148986816,0.9565290808677673
36.60301659999823,-0.47595101594924927,0.8531136512756348,0.07094375789165497,-0.05778482183814049,0.07103276252746582,0.27603262662887573,0.95677649974823
36.60699440000462,-0.4759649932384491,0.8534106016159058,0.0709402933716774,-0.059008192270994186,0.07134044170379639,0.2755344808101654,0.9568225741386414
36.611011300003156,-0.47600823640823364,0.8536776304244995,0.07094756513834,-0.0594833642244339,0.07157029211521149,0.27587980031967163,0.9566764831542969
36.615738000007696,-0.4760409891605377,0.8539773225784302,0.070966437458992,-0.05937308445572853,0.07126867771148682,0.27652841806411743,0.9565185308456421
36.62188440001046,-0.4760589003562927,0.8542613387107849,0.07096951454877853,-0.058789752423763275,0.07105134427547455,0.2756989300251007,0.9568101167678833
36.626160300002084,-0.4760708212852478,0.8545337319374084,0.07094216346740723,-0.058598391711711884,0.07147105038166046,0.27525171637535095,0.9569193720817566
36.63053270000091,-0.47609323263168335,0.8548653721809387,0.07094967365264893,-0.05923249572515488,0.07128262519836426,0.27662354707717896,0.9564986824989319
36.635466400010046,-0.47611570358276367,0.8554089665412903,0.07089237868785858,-0.06048918515443802,0.07089400291442871,0.276599258184433,0.9564560055732727
36.63974450000387,-0.47615841031074524,0.8557347059249878,0.07091844081878662,-0.06129283830523491,0.07125180214643478,0.27669069170951843,0.9563517570495605
36.64407980001124,-0.4761688709259033,0.8560142517089844,0.0709097608923912,-0.0615987665951252,0.07108844816684723,0.27643340826034546,0.9564186334609985
36.64862200000789,-0.4762044847011566,0.8563058376312256,0.0709041878581047,-0.061082422733306885,0.07112742960453033,0.27622127532958984,0.9565101265907288
36.652130600006785,-0.4762044847011566,0.8563058376312256,0.0709041878581047,-0.061082422733306885,0.07112742960453033,0.27622127532958984,0.9565101265907288
36.65682870001183,-0.47621697187423706,0.8568741083145142,0.07090406864881516,-0.06064143031835556,0.07044138759374619,0.27698302268981934,0.9563686847686768
36.66087230000994,-0.4762324392795563,0.8571962714195251,0.0708983913064003,-0.061677902936935425,0.07075926661491394,0.2774796783924103,0.9561349749565125
36.66512630000943,-0.4762478768825531,0.8575031161308289,0.07089550793170929,-0.06163814663887024,0.07101162523031235,0.27662426233291626,0.9563665986061096
36.66932380000071,-0.4762684404850006,0.8578137159347534,0.07089295983314514,-0.061899587512016296,0.07098304480314255,0.276765376329422,0.9563109874725342
36.67353300000832,-0.476299524307251,0.8581243753433228,0.07091580331325531,-0.06296044588088989,0.07097722589969635,0.2769578695297241,0.9561865329742432
36.67801730000065,-0.4763108491897583,0.8584586381912231,0.07088915258646011,-0.0629161074757576,0.07118801027536392,0.27647414803504944,0.9563137292861938
36.68232530000387,-0.47634589672088623,0.8587689399719238,0.07086297124624252,-0.06327662616968155,0.0710270032286644,0.27613797783851624,0.9563990831375122
36.68601889999991,-0.4763721525669098,0.8590827584266663,0.0708429217338562,-0.06272361427545547,0.07117755711078644,0.2747041881084442,0.9568370580673218
36.69044479999866,-0.47637131810188293,0.8594394326210022,0.07083570957183838,-0.06341024488210678,0.07075534760951996,0.2749180495738983,0.9567616581916809
36.69436960000894,-0.4763900339603424,0.8597424030303955,0.07081585377454758,-0.0635899156332016,0.0705450177192688,0.2753731310367584,0.9566344618797302
36.69874780000828,-0.4764195680618286,0.8600536584854126,0.07080158591270447,-0.06348583847284317,0.07048210501670837,0.275333970785141,0.9566572904586792
36.70309150000685,-0.47644439339637756,0.8603711724281311,0.07078707963228226,-0.06356124579906464,0.07025966793298721,0.2753995656967163,0.9566497206687927
36.707101100008,-0.47647953033447266,0.8607244491577148,0.07079796493053436,-0.06441518664360046,0.07033436000347137,0.27514150738716125,0.9566614031791687
36.7119010000024,-0.4765336513519287,0.8610305786132812,0.0707860067486763,-0.06495703756809235,0.07026245445013046,0.2751733064651489,0.9566209316253662
36.715322800009744,-0.476580947637558,0.861332893371582,0.07074780762195587,-0.06573140621185303,0.07001383602619171,0.27525660395622253,0.9565622210502625
36.719415900006425,-0.4766072928905487,0.8616810441017151,0.07069173455238342,-0.0665881410241127,0.07007903605699539,0.275610089302063,0.9563963413238525
36.72348850000708,-0.4766588509082794,0.8620012402534485,0.07067335397005081,-0.06667544692754745,0.07042982429265976,0.2760719060897827,0.9562312960624695
36.72779160000209,-0.47670042514801025,0.8623377680778503,0.07067304104566574,-0.06613843142986298,0.07010576128959656,0.2766878008842468,0.9561144709587097
36.731989300009445,-0.4767462909221649,0.8626485466957092,0.07065460830926895,-0.06589771807193756,0.07001402974128723,0.276558518409729,0.9561751484870911
36.73611009999877,-0.47679808735847473,0.8629636168479919,0.07063891738653183,-0.06528665125370026,0.07005971670150757,0.27581724524497986,0.9564278721809387
36.74029460000747,-0.47684627771377563,0.8633070588111877,0.07063935697078705,-0.06596104800701141,0.07004854828119278,0.2761531472206116,0.9562854766845703
36.744336600007955,-0.47690707445144653,0.8636325597763062,0.07059508562088013,-0.06664051115512848,0.06988376379013062,0.2765340805053711,0.9561402797698975
36.74841010000091,-0.4769405424594879,0.8639784455299377,0.07057900726795197,-0.06783392280340195,0.06989675015211105,0.27647265791893005,0.9560731649398804
36.752852600009646,-0.4769842326641083,0.8642878532409668,0.07053068280220032,-0.06751882284879684,0.0697241723537445,0.2760467529296875,0.9562311172485352
36.75698669999838,-0.4770224690437317,0.8646243214607239,0.07048860192298889,-0.06791426241397858,0.06983956694602966,0.2763252258300781,0.9561142325401306
36.761020700010704,-0.477046400308609,0.8649840354919434,0.07050153613090515,-0.06783926486968994,0.06926710903644562,0.27702316641807556,0.9559592008590698
36.764998300001025,-0.47709259390830994,0.8653286099433899,0.07046046853065491,-0.06776352971792221,0.06915125250816345,0.27667826414108276,0.9560728669166565
36.76907690000371,-0.4771329462528229,0.8656972646713257,0.07046566903591156,-0.06804203987121582,0.06942461431026459,0.2760254740715027,0.9562220573425293
36.773722500001895,-0.4771777093410492,0.8660450577735901,0.07042330503463745,-0.06879328936338425,0.06921735405921936,0.2764003872871399,0.9560748934745789
36.777656200007186,-0.47718995809555054,0.8664093613624573,0.07034996151924133,-0.06947916001081467,0.06936430931091309,0.2759399712085724,0.9561477303504944
36.781908200006,-0.4772107005119324,0.8667626976966858,0.0703112781047821,-0.07001706212759018,0.06955536454916,0.2750011086463928,0.9563650488853455
36.78630780000822,-0.4772713780403137,0.8670710921287537,0.07023265957832336,-0.06982867419719696,0.06935185939073563,0.27494016289711,0.9564111828804016
36.79053460000432,-0.47730717062950134,0.8674296140670776,0.07017074525356293,-0.06959600746631622,0.06950398534536362,0.27482935786247253,0.9564489126205444
36.79441050000605,-0.47732260823249817,0.8677932024002075,0.07014480233192444,-0.07003117352724075,0.06953451782464981,0.27508172392845154,0.9563423991203308
36.798462300008396,-0.4773542582988739,0.8681476712226868,0.07013557106256485,-0.0702771469950676,0.06888970732688904,0.275856614112854,0.9561477303504944
36.80299470000318,-0.4773946702480316,0.868574857711792,0.07011184096336365,-0.07200349867343903,0.06909500062465668,0.2764434814453125,0.9558349847793579
36.807402100006584,-0.4774441719055176,0.8689210414886475,0.07003163546323776,-0.07189743220806122,0.06907583773136139,0.2756950855255127,0.9560604095458984
36.811435200012056,-0.47752201557159424,0.8692544102668762,0.06999213993549347,-0.07187119126319885,0.06925719976425171,0.2756759524345398,0.9560547471046448
36.815289500009385,-0.4775826334953308,0.8695632815361023,0.06992126256227493,-0.07218391448259354,0.06912827491760254,0.27579548954963684,0.9560060501098633
36.81934460000775,-0.4776381850242615,0.8698806762695312,0.06988488137722015,-0.07189614325761795,0.06899689882993698,0.2754633128643036,0.9561330080032349
36.82376340001065,-0.47769802808761597,0.8702120184898376,0.06981699913740158,-0.07122809439897537,0.06898551434278488,0.27446436882019043,0.9564710855484009
36.82789450000564,-0.4777667820453644,0.8705427050590515,0.06975715607404709,-0.07175212353467941,0.06883303076028824,0.27537718415260315,0.9561805129051208
36.83198010000342,-0.47782349586486816,0.8709326386451721,0.0696808323264122,-0.07283782958984375,0.06853210926055908,0.27595287561416626,0.9559539556503296
36.83643850000226,-0.4778515100479126,0.8712712526321411,0.06965304166078568,-0.07297439873218536,0.06769018620252609,0.27642932534217834,0.9558658599853516
36.84018330000981,-0.47790583968162537,0.8715841174125671,0.06957894563674927,-0.07328493148088455,0.0676751434803009,0.27660396695137024,0.9557926654815674
36.84439940001175,-0.4779677391052246,0.8719137907028198,0.06952374428510666,-0.07371765375137329,0.06729746609926224,0.2765572965145111,0.9557996392250061
36.84838770001079,-0.47803330421447754,0.8721996545791626,0.06944513320922852,-0.0735204890370369,0.06703142076730728,0.276255339384079,0.9559207558631897
36.85238820000086,-0.4780696630477905,0.8725165724754333,0.06938555836677551,-0.07349362969398499,0.0669463723897934,0.2757813036441803,0.9560656547546387
36.85690600000089,-0.47809749841690063,0.8728801608085632,0.06932611763477325,-0.0733041986823082,0.06736642867326736,0.2757561206817627,0.9560580253601074
36.86314990000392,-0.4781551957130432,0.8732923269271851,0.06924977898597717,-0.07356300204992294,0.06758411973714828,0.27527865767478943,0.9561603665351868
36.867164000010234,-0.47819074988365173,0.8736398816108704,0.06919105350971222,-0.07405364513397217,0.0674905776977539,0.27547487616539,0.9560725092887878
36.87103890000435,-0.4782148003578186,0.873960018157959,0.06912622600793839,-0.07422538846731186,0.06745316833257675,0.2753462791442871,0.9560989141464233
36.875109400003566,-0.4782286584377289,0.8742837905883789,0.06906639784574509,-0.074503593146801,0.0665716752409935,0.27636486291885376,0.9558451771736145
36.87880540000333,-0.47824859619140625,0.8746243119239807,0.0689963698387146,-0.07441287487745285,0.0664600357413292,0.27576038241386414,0.9560344815254211
36.882969900005264,-0.4782729148864746,0.874947726726532,0.06891272217035294,-0.07486078143119812,0.06683375686407089,0.2756005525588989,0.9560195803642273
36.886997000008705,-0.4783024489879608,0.87530916929245,0.06881753355264664,-0.07508349418640137,0.0670924186706543,0.2750048041343689,0.95615553855896
36.89269810001133,-0.4783388376235962,0.8756386041641235,0.06870048493146896,-0.07508809864521027,0.06718985736370087,0.2751293480396271,0.9561125040054321
36.898220700008096,-0.4784109592437744,0.8763068914413452,0.0685357004404068,-0.07483427226543427,0.06712766736745834,0.27454665303230286,0.9563042521476746
36.90273040000466,-0.47844189405441284,0.8766310214996338,0.06841971725225449,-0.07442835718393326,0.06710834056138992,0.27385416626930237,0.9565358757972717
36.906190200010315,-0.47844189405441284,0.8766310214996338,0.06841971725225449,-0.07442835718393326,0.06710834056138992,0.27385416626930237,0.9565358757972717
36.91025349999836,-0.4785207509994507,0.8772937655448914,0.06819699704647064,-0.07591643929481506,0.0671272948384285,0.2752044200897217,0.9560298919677734
36.913985700011835,-0.4785207509994507,0.8772937655448914,0.06819699704647064,-0.07591643929481506,0.0671272948384285,0.2752044200897217,0.9560298919677734
36.91942130000098,-0.4786001741886139,0.877953052520752,0.06799626350402832,-0.07621055096387863,0.06585968285799026,0.27597036957740784,0.9558739066123962
36.923507500003325,-0.4786500930786133,0.8783144354820251,0.06793979555368423,-0.07719485461711884,0.06592774391174316,0.27632835507392883,0.9556866884231567
36.928359500001534,-0.47870492935180664,0.8786730766296387,0.06784489005804062,-0.07642734795808792,0.06581650674343109,0.27594223618507385,0.9558677077293396
36.93242250000185,-0.4787381887435913,0.8789893388748169,0.067737877368927,-0.07630843669176102,0.06563348323106766,0.2755576968193054,0.9560006260871887
36.93688230001135,-0.47876930236816406,0.879320502281189,0.06760901212692261,-0.07719934731721878,0.065458282828331,0.2756823003292084,0.9559051990509033
36.94082040000649,-0.4788266122341156,0.8796433210372925,0.06747149676084518,-0.07727819681167603,0.06562967598438263,0.27536842226982117,0.9559776186943054
36.944538399999146,-0.4788569211959839,0.8799297213554382,0.06736762821674347,-0.07751546055078506,0.06579034775495529,0.27531465888023376,0.9559627771377563
36.94875680000405,-0.47889724373817444,0.8802523612976074,0.06725459545850754,-0.07715761661529541,0.06610549986362457,0.27506107091903687,0.956043004989624
36.952114400002756,-0.47889724373817444,0.8802523612976074,0.06725459545850754,-0.07715761661529541,0.06610549986362457,0.27506107091903687,0.956043004989624
36.957471100002294,-0.47898903489112854,0.8809023499488831,0.06703478842973709,-0.07759087532758713,0.06599514186382294,0.27489566802978516,0.9560631513595581
36.961343300004955,-0.479030966758728,0.8812427520751953,0.06691460311412811,-0.07764210551977158,0.06605368107557297,0.2746717035770416,0.9561192393302917
36.965231700000004,-0.47907811403274536,0.8815456032752991,0.06677514314651489,-0.07776020467281342,0.06582065671682358,0.27434512972831726,0.9562195539474487
36.9694443000044,-0.4791201651096344,0.8818623423576355,0.06667515635490417,-0.07737061381340027,0.06491151452064514,0.2744944393634796,0.9562704563140869
36.97361600000295,-0.4791644811630249,0.8821516633033752,0.06660550087690353,-0.07803516089916229,0.06488307565450668,0.2746586501598358,0.9561712741851807
36.9779062000016,-0.4792356491088867,0.8824450373649597,0.0664559155702591,-0.07820499688386917,0.06471733003854752,0.2753286063671112,0.9559758901596069
36.981924799998524,-0.47928497195243835,0.8827274441719055,0.06634176522493362,-0.07856237143278122,0.06441572308540344,0.27511343359947205,0.956028938293457
36.986311400003615,-0.47931811213493347,0.8830735683441162,0.06623279303312302,-0.07834572345018387,0.06467285007238388,0.2742546498775482,0.956275999546051
36.99051960000361,-0.4793488085269928,0.8833662867546082,0.06609485298395157,-0.07943201065063477,0.06433260440826416,0.27491992712020874,0.9560182690620422
36.99427970001125,-0.47938409447669983,0.8837022185325623,0.06596526503562927,-0.07880167663097382,0.06439477205276489,0.2736351788043976,0.9564347863197327
36.998769300000276,-0.47945305705070496,0.8840093016624451,0.0658174678683281,-0.07857616990804672,0.0641908198595047,0.2742820978164673,0.9562816619873047
37.00278799999796,-0.47948163747787476,0.8842812776565552,0.06569140404462814,-0.07864151895046234,0.06415356695652008,0.2745094299316406,0.956213653087616
37.006815200002166,-0.4795082211494446,0.8845499157905579,0.06555767357349396,-0.07894522696733475,0.06425267457962036,0.2747311592102051,0.9561182856559753
37.01101900001231,-0.4795120656490326,0.8848884105682373,0.06542139500379562,-0.07945547997951508,0.06473458558320999,0.2747943699359894,0.9560253620147705
37.0149536000099,-0.4795445203781128,0.88518226146698,0.06528747081756592,-0.07985538244247437,0.06461746990680695,0.2745904326438904,0.9560584425926208
37.019392300004256,-0.47959497570991516,0.8855082392692566,0.06515813618898392,-0.07933458685874939,0.06490237265825272,0.27346476912498474,0.9564051032066345
37.023565399998915,-0.47963809967041016,0.8857792615890503,0.06501254439353943,-0.0798073261976242,0.06471958756446838,0.2735784947872162,0.9563456773757935
37.027616700012004,-0.4796694815158844,0.8860747814178467,0.06492944806814194,-0.07947983592748642,0.0640137568116188,0.2738036811351776,0.9563560485839844
37.03187659999821,-0.47971659898757935,0.8863528370857239,0.06479904800653458,-0.07920820266008377,0.06396311521530151,0.27405160665512085,0.9563108682632446
37.03625119999924,-0.4797349274158478,0.8866574764251709,0.06468164920806885,-0.07938387989997864,0.06357312202453613,0.27395114302635193,0.956351101398468
37.04016400000546,-0.47974860668182373,0.8869462609291077,0.06454280018806458,-0.07975532114505768,0.06365789473056793,0.2746102809906006,0.9561254978179932
37.04421700000239,-0.47976696491241455,0.8872455358505249,0.06440351903438568,-0.08071204274892807,0.06344754248857498,0.27512359619140625,0.9559115767478943
37.04852110000502,-0.47978729009628296,0.8875256180763245,0.06426745653152466,-0.08071056008338928,0.06345934420824051,0.27476438879966736,0.9560142159461975
37.05279149999842,-0.4798031747341156,0.8877981901168823,0.06415731459856033,-0.08132369816303253,0.06337542086839676,0.27434614300727844,0.9560880064964294
37.05676659999881,-0.4798313081264496,0.8880839347839355,0.06400483846664429,-0.08142627030611038,0.0631570816040039,0.27422231435775757,0.9561291933059692
37.06091300000844,-0.47984635829925537,0.8883451819419861,0.06387776136398315,-0.08158137649297714,0.06295006722211838,0.273994117975235,0.9561951160430908
37.06521380000049,-0.4798467755317688,0.8886579871177673,0.06375560164451599,-0.08149214088916779,0.06320753693580627,0.2728579044342041,0.9565105438232422
37.06924870000512,-0.4798770248889923,0.8889282941818237,0.0636363998055458,-0.08199570327997208,0.06276874989271164,0.27354490756988525,0.9563001990318298
37.07329510001,-0.4798845648765564,0.8891913890838623,0.06344859302043915,-0.08214183896780014,0.06319078058004379,0.2738305926322937,0.9561781287193298
37.07731340000464,-0.4799130856990814,0.8894550204277039,0.06329622864723206,-0.08220881223678589,0.06302430480718613,0.27398163080215454,0.9561399817466736
37.081851300012204,-0.4799315631389618,0.8897008299827576,0.0631813108921051,-0.08197265863418579,0.06302610039710999,0.2733326554298401,0.9563458561897278
37.08627230000275,-0.4799618721008301,0.8899341821670532,0.06303858757019043,-0.08231792598962784,0.06264705210924149,0.27335411310195923,0.9563350081443787
37.09010539999872,-0.4800040125846863,0.8901747465133667,0.06291850656270981,-0.08244390785694122,0.06252584606409073,0.272888720035553,0.956464946269989
37.094482600004994,-0.48003527522087097,0.8904205560684204,0.06277763843536377,-0.0826716423034668,0.06199441850185394,0.27280619740486145,0.9565034508705139
37.098545300003025,-0.48006361722946167,0.8906686305999756,0.06263132393360138,-0.08231481164693832,0.0626116544008255,0.27194735407829285,0.9567386507987976
37.10437610000372,-0.48009878396987915,0.8908596038818359,0.06251012533903122,-0.08256787806749344,0.062497176229953766,0.27240344882011414,0.9565945267677307
37.10862480000651,-0.4801188111305237,0.8911052346229553,0.062387336045503616,-0.08236555755138397,0.0623876228928566,0.27303141355514526,0.9564400911331177
37.11300320000737,-0.48012977838516235,0.8913795948028564,0.06229414790868759,-0.08254464715719223,0.06199564039707184,0.2735183537006378,0.9563109874725342
37.11697270000877,-0.4801393747329712,0.8915839791297913,0.06218351051211357,-0.08246858417987823,0.061845581978559494,0.27340707182884216,0.9563590884208679
37.121007499998086,-0.48016032576560974,0.8917968273162842,0.06204618141055107,-0.08281982690095901,0.06148857995867729,0.2738491892814636,0.9562252163887024
37.125150899999426,-0.4801686704158783,0.8919959664344788,0.06192683055996895,-0.08277258276939392,0.061301760375499725,0.2733779549598694,0.9563760757446289
37.12938009999925,-0.4801582992076874,0.8922123312950134,0.06179045885801315,-0.0836273580789566,0.061185386031866074,0.27327457070350647,0.9563388228416443
37.13381610000215,-0.4801598787307739,0.8923895359039307,0.06167648360133171,-0.08417461812496185,0.06092087924480438,0.2736484706401825,0.9562007784843445
37.13789410000027,-0.48014721274375916,0.8925583362579346,0.06156064569950104,-0.084257572889328,0.06106208637356758,0.27380111813545227,0.9561407566070557
37.14216509999824,-0.48014140129089355,0.8927322626113892,0.06145051121711731,-0.08454500138759613,0.060840725898742676,0.27431797981262207,0.9559813141822815
37.14597420000064,-0.48012638092041016,0.8929130434989929,0.061304979026317596,-0.0844746008515358,0.06074437499046326,0.273916631937027,0.9561086893081665
37.15024980000453,-0.4801298677921295,0.8930832147598267,0.06116418167948723,-0.0843023806810379,0.060809966176748276,0.2741082012653351,0.9560648798942566
37.15417480000178,-0.4801340699195862,0.8932456374168396,0.06105425953865051,-0.08348405361175537,0.06089334934949875,0.27308693528175354,0.9564235210418701
37.15794070000993,-0.48013079166412354,0.8933724761009216,0.06093414127826691,-0.08359862864017487,0.06090172752737999,0.2734379768371582,0.9563126564025879
37.16475190001074,-0.4801313579082489,0.8936486840248108,0.060713112354278564,-0.08419216424226761,0.06098936125636101,0.2741294503211975,0.956057071685791
37.16984250000678,-0.4801211357116699,0.8937652111053467,0.060581110417842865,-0.08413990586996078,0.06094708666205406,0.27333205938339233,0.9562925696372986
37.173400100000435,-0.4801371693611145,0.8938596844673157,0.0604557991027832,-0.0843573659658432,0.06053732708096504,0.2733137905597687,0.956304669380188
37.17764590001025,-0.48014724254608154,0.8939539790153503,0.06033464893698692,-0.08403005450963974,0.0605219230055809,0.27284955978393555,0.9564670324325562
37.18179010000313,-0.48015066981315613,0.8940345644950867,0.06022521108388901,-0.08390404284000397,0.0605272576212883,0.2726297080516815,0.9565404057502747
37.18611690000398,-0.4801490306854248,0.8940984606742859,0.06012352183461189,-0.08381970226764679,0.06051152944564819,0.2725488841533661,0.9565719366073608
37.19034539999848,-0.48016393184661865,0.8941394090652466,0.060018572956323624,-0.08392691612243652,0.06055455282330513,0.2726548910140991,0.9565296173095703
37.19427170000563,-0.4801613390445709,0.8941960334777832,0.05992158129811287,-0.08357249200344086,0.06057257205247879,0.27226999402046204,0.9566690325737
37.19858330000716,-0.4801710546016693,0.8942412734031677,0.059819288551807404,-0.08372586965560913,0.06075361743569374,0.27281442284584045,0.956489086151123
37.202571700006956,-0.48016321659088135,0.8942842483520508,0.05972032621502876,-0.08375653624534607,0.060624461621046066,0.27298158407211304,0.9564468264579773
37.207299100002274,-0.48015347123146057,0.8942973017692566,0.05962835252285004,-0.08351694047451019,0.060571957379579544,0.27300700545310974,0.9564638733863831
37.21101230000204,-0.4801313579082489,0.8943191170692444,0.05953194573521614,-0.08335496485233307,0.06043648347258568,0.27293476462364197,0.9565072655677795
37.215018200004124,-0.48011866211891174,0.8943458199501038,0.05945034697651863,-0.08314350992441177,0.060375336557626724,0.27276358008384705,0.9565783739089966
37.21960750001017,-0.48012182116508484,0.8943614363670349,0.05935242772102356,-0.08314953744411469,0.060503751039505005,0.2733200192451477,0.9564107656478882
37.22337580000749,-0.4801007807254791,0.8943738341331482,0.05925093591213226,-0.08258109539747238,0.06051352620124817,0.2730470299720764,0.9565373659133911
37.227636900002835,-0.48006314039230347,0.8943594098091125,0.05914783477783203,-0.08194464445114136,0.06011519208550453,0.2723354995250702,0.9568200707435608
37.2318149000057,-0.4800429046154022,0.894361138343811,0.059071868658065796,-0.081923708319664,0.06007692217826843,0.27225160598754883,0.9568482041358948
37.23588610001025,-0.480024516582489,0.8943597078323364,0.058985140174627304,-0.08191049844026566,0.06013143062591553,0.27216044068336487,0.9568718075752258
37.24015340000915,-0.4800087809562683,0.8943440318107605,0.0588802807033062,-0.0819891020655632,0.060453761368989944,0.27179425954818726,0.9569488763809204
37.245998500002315,-0.47998762130737305,0.8943504095077515,0.058765899389982224,-0.08198034763336182,0.06076575815677643,0.27153435349464417,0.957003653049469
37.25023859999783,-0.47996264696121216,0.8943273425102234,0.05864201858639717,-0.08224508911371231,0.06086685508489609,0.27130037546157837,0.9570407867431641
37.254400300007546,-0.47994139790534973,0.8943220973014832,0.058541685342788696,-0.08220323920249939,0.060997650027275085,0.27104926109313965,0.9571071863174438
37.25868410000112,-0.47990554571151733,0.8943164944648743,0.05845048651099205,-0.0821564570069313,0.06100640818476677,0.27088218927383423,0.9571579694747925
37.264823300007265,-0.4798775315284729,0.8942655324935913,0.0582401268184185,-0.08242223411798477,0.06077771261334419,0.27080294489860535,0.957172155380249
37.271123800004716,-0.4798521101474762,0.8942355513572693,0.058130793273448944,-0.08227917551994324,0.06099503114819527,0.27031052112579346,0.9573097825050354
37.27531670000462,-0.47983917593955994,0.89420086145401,0.05804051458835602,-0.08225227892398834,0.061000604182481766,0.2703630030155182,0.9572969079017639
37.27963080001064,-0.4798136353492737,0.8941882252693176,0.0579390712082386,-0.08296377956867218,0.06103738397359848,0.2706286311149597,0.957158088684082
37.283678600011626,-0.4798027276992798,0.8941456079483032,0.057853709906339645,-0.08289812505245209,0.061025314033031464,0.2704477906227112,0.9572156071662903
37.28873460000614,-0.47979578375816345,0.8940935730934143,0.05776558071374893,-0.08274625241756439,0.060954321175813675,0.2704809606075287,0.9572239518165588
37.292944600005285,-0.479790598154068,0.8940338492393494,0.057673800736665726,-0.08261323720216751,0.06091225892305374,0.27045246958732605,0.9572462439537048
37.30048420000821,-0.4797717332839966,0.8938822746276855,0.057490672916173935,-0.08223278820514679,0.06067856028676033,0.27042585611343384,0.9573012590408325
37.30486689999816,-0.47977587580680847,0.8937790393829346,0.05741526186466217,-0.08147945255041122,0.060408785939216614,0.27025100588798523,0.9574321508407593
37.3094878999982,-0.47977179288864136,0.8936629295349121,0.05730906128883362,-0.080616794526577,0.06019051373004913,0.27006930112838745,0.9575701951980591
37.314044300001115,-0.47977757453918457,0.8935631513595581,0.057217054069042206,-0.08075398951768875,0.06042497232556343,0.2700592577457428,0.9575467109680176
37.31897449999815,-0.4797789752483368,0.8933555483818054,0.057024940848350525,-0.08062571287155151,0.06039247661828995,0.2695603668689728,0.9577000737190247
37.32321380000212,-0.4797751307487488,0.8932349681854248,0.05692904070019722,-0.08097346872091293,0.06026992201805115,0.2702150344848633,0.9574940204620361
37.3295339000033,-0.47976621985435486,0.8931095004081726,0.05685853958129883,-0.08109737187623978,0.06026675924658775,0.2704160809516907,0.957426905632019
37.333460699999705,-0.4797600209712982,0.8929904699325562,0.05678300932049751,-0.08106596767902374,0.06016071140766144,0.27062931656837463,0.9573760032653809
37.337070300010964,-0.47974690794944763,0.8928703665733337,0.05671238154172897,-0.08101172000169754,0.060090966522693634,0.2705605626106262,0.9574044346809387
37.34052100000554,-0.4797365665435791,0.8927457332611084,0.05663822591304779,-0.08096591383218765,0.060043834149837494,0.27072909474372864,0.9573636651039124
37.34433540000464,-0.47972583770751953,0.8926159143447876,0.056571368128061295,-0.08095131814479828,0.0599462166428566,0.27075493335723877,0.9573636651039124
37.34830270000384,-0.47968873381614685,0.8924564123153687,0.056489117443561554,-0.08134867995977402,0.059783924371004105,0.2716270387172699,0.9570930004119873
37.35248450000654,-0.4796605110168457,0.8922739028930664,0.05640082433819771,-0.08094339072704315,0.059723492711782455,0.27142438292503357,0.9571886658668518
37.35758660000283,-0.47963544726371765,0.8920993208885193,0.0563180111348629,-0.0806068629026413,0.05977654829621315,0.2711738646030426,0.9572847485542297
37.36100250000891,-0.4796197712421417,0.8918800354003906,0.056209713220596313,-0.08025159686803818,0.06031256541609764,0.27002397179603577,0.9576059579849243
37.36530499999935,-0.4795930087566376,0.8917153477668762,0.056148428469896317,-0.07975298166275024,0.06047455593943596,0.2695731818675995,0.9577643871307373
37.36925050000718,-0.4795822203159332,0.8915162682533264,0.05605383217334747,-0.07990307360887527,0.06034211441874504,0.26981833577156067,0.9576912522315979
37.37376139999833,-0.47955524921417236,0.8913296461105347,0.055997252464294434,-0.07996676862239838,0.06038316339254379,0.2698928713798523,0.9576623439788818
37.37815980000596,-0.4794926941394806,0.8911589980125427,0.05594182014465332,-0.07984104752540588,0.060249581933021545,0.2697800397872925,0.9577130079269409
37.381789899998694,-0.4794405996799469,0.8909755945205688,0.05588876083493233,-0.07937406748533249,0.060571976006031036,0.2697142958641052,0.9577499628067017
37.38655790001212,-0.4794025123119354,0.890771210193634,0.055847667157649994,-0.07864736020565033,0.06062272563576698,0.269605427980423,0.9578373432159424
37.390127999999095,-0.4793654680252075,0.8905515670776367,0.05579766631126404,-0.07815179228782654,0.060374271124601364,0.2690768539905548,0.9580422043800354
37.39415910000389,-0.47933080792427063,0.8903398513793945,0.055738415569067,-0.07786098122596741,0.06027054041624069,0.2691557705402374,0.9580503106117249
37.40059800000745,-0.4792761206626892,0.8901009559631348,0.05569996312260628,-0.0785333663225174,0.06006842106580734,0.2704755365848541,0.957636296749115
37.40456619999895,-0.47921544313430786,0.8898361921310425,0.055599961429834366,-0.07864432036876678,0.060810066759586334,0.27005478739738464,0.9576991200447083
37.40865250000206,-0.47917094826698303,0.8895958662033081,0.05554119125008583,-0.07885961979627609,0.06071952357888222,0.2707552909851074,0.9574894309043884
37.41301010000461,-0.47910717129707336,0.889349639415741,0.055493585765361786,-0.07882900536060333,0.06074078008532524,0.270657479763031,0.9575181603431702
37.417244100011885,-0.4790368974208832,0.8891093730926514,0.055448707193136215,-0.07819022983312607,0.060929037630558014,0.2702268362045288,0.9576802849769592
37.42139560000214,-0.4789538085460663,0.8888751268386841,0.05541389435529709,-0.07766737043857574,0.06078349053859711,0.26937901973724365,0.9579708576202393
37.42549160000635,-0.47889837622642517,0.8886438608169556,0.05538621172308922,-0.07745177298784256,0.06084275245666504,0.26898062229156494,0.9580965042114258
37.42952270001115,-0.47881510853767395,0.8883975744247437,0.0553499311208725,-0.0766855999827385,0.06093021109700203,0.26832354068756104,0.9583368301391602
37.43373540000175,-0.4787518382072449,0.8881624937057495,0.055328622460365295,-0.07687873393297195,0.06096009165048599,0.26902005076408386,0.9581241607666016
37.437674500004505,-0.4786841571331024,0.8879252076148987,0.055293969810009,-0.0766863003373146,0.061084650456905365,0.26914453506469727,0.9580966830253601
37.44186260001152,-0.478622704744339,0.887605607509613,0.055242471396923065,-0.07692300528287888,0.061389192938804626,0.27004608511924744,0.9578045010566711
37.44528500000888,-0.4785339832305908,0.8873093128204346,0.05517447367310524,-0.07665565609931946,0.061433807015419006,0.2706403136253357,0.9576552510261536
37.448982600006275,-0.47843310236930847,0.8870232701301575,0.05510077625513077,-0.0757526084780693,0.06187930703163147,0.2705286145210266,0.9577300548553467
37.45323630000348,-0.47835034132003784,0.8867431282997131,0.05509408190846443,-0.07540182024240494,0.06178634613752365,0.27043789625167847,0.9577893018722534
37.456950899999356,-0.4782456159591675,0.8864644765853882,0.055094022303819656,-0.0746576115489006,0.06220681965351105,0.26964864134788513,0.9580429792404175
37.46141720000014,-0.4781566560268402,0.8862004280090332,0.05510231852531433,-0.07429780066013336,0.06230824813246727,0.2691211998462677,0.9582126140594482
37.465307400008896,-0.4780690371990204,0.8859300017356873,0.05505741387605667,-0.07378865778446198,0.062341947108507156,0.26930585503578186,0.958197832107544
37.46929540000565,-0.47799208760261536,0.8856613039970398,0.05503356084227562,-0.07371669262647629,0.06263060122728348,0.26869750022888184,0.9583553671836853
37.473378499998944,-0.4778986871242523,0.8854008316993713,0.05500233545899391,-0.07368416339159012,0.0626794695854187,0.2688502371311188,0.9583117961883545
37.47777640000277,-0.47780483961105347,0.8850754499435425,0.05494019761681557,-0.07488378137350082,0.0630645602941513,0.2699226140975952,0.9578920006752014
37.48211070000252,-0.47770074009895325,0.8847827911376953,0.05491577088832855,-0.07364876568317413,0.06332625448703766,0.2695866823196411,0.9580650925636292
37.488375700006145,-0.4775911271572113,0.8844598531723022,0.054846376180648804,-0.07314182072877884,0.06263045221567154,0.2696305513381958,0.9581372737884521
37.4945321999985,-0.4773990511894226,0.883903443813324,0.05482260137796402,-0.07259109616279602,0.06303494423627853,0.270037978887558,0.9580379128456116
37.498448300000746,-0.47730788588523865,0.8836191892623901,0.05480634793639183,-0.07270244508981705,0.06323912739753723,0.2698424160480499,0.9580711126327515
37.50285270001041,-0.4772047698497772,0.8833251595497131,0.05475115403532982,-0.07235585898160934,0.0635351613163948,0.2691556215286255,0.9582709670066833
37.50678590001189,-0.4771218001842499,0.8830363154411316,0.0547332800924778,-0.07213470339775085,0.06362064927816391,0.26907241344451904,0.958305299282074
37.51154390000738,-0.47703397274017334,0.8826861381530762,0.054695192724466324,-0.07249476760625839,0.06409289687871933,0.2687075138092041,0.9583491086959839
37.51594620000105,-0.4769589304924011,0.882382869720459,0.05467242747545242,-0.07210048288106918,0.06414005160331726,0.26875871419906616,0.9583612680435181
37.51974010000413,-0.4768730103969574,0.8820286393165588,0.05463939532637596,-0.07181629538536072,0.06408705562353134,0.27019912004470825,0.9579811096191406
37.52353250001033,-0.476814329624176,0.8817226886749268,0.054619088768959045,-0.07112047076225281,0.0638018324971199,0.2704877257347107,0.9579705595970154
37.52792130000307,-0.47669902443885803,0.8814617991447449,0.054659146815538406,-0.07094474881887436,0.06396818161010742,0.27038654685020447,0.9580010771751404
37.53212830000848,-0.47662773728370667,0.8811756372451782,0.05465797334909439,-0.07002425193786621,0.064047671854496,0.27033886313438416,0.9580768942832947
37.53616200000397,-0.47653886675834656,0.8808484673500061,0.05463153496384621,-0.06956104934215546,0.06399940699338913,0.2706504762172699,0.9580259323120117
37.54040870000608,-0.4764394164085388,0.8805697560310364,0.05462046340107918,-0.06982097029685974,0.06431853771209717,0.27048012614250183,0.9580338001251221
37.54458030000387,-0.4763459265232086,0.8802376985549927,0.05460553243756294,-0.06945614516735077,0.0641578659415245,0.2709410786628723,0.9579408168792725
37.54863610000757,-0.4762670695781708,0.879909873008728,0.05456072464585304,-0.06921417266130447,0.06498576700687408,0.2704707682132721,0.958035409450531
37.55276220000815,-0.4761526584625244,0.8796311020851135,0.054531510919332504,-0.06998059153556824,0.06473073363304138,0.2708914577960968,0.9578781127929688
37.557076000011875,-0.4760238528251648,0.8793235421180725,0.05451778694987297,-0.07008229941129684,0.06493810564279556,0.27142706513404846,0.957705020904541
37.56129750001128,-0.47592809796333313,0.8790019154548645,0.0545336939394474,-0.06901618093252182,0.06466080248355865,0.27075159549713135,0.9579923152923584
37.56467170000542,-0.47592809796333313,0.8790019154548645,0.0545336939394474,-0.06901618093252182,0.06466080248355865,0.27075159549713135,0.9579923152923584
37.56887840000854,-0.47576168179512024,0.8784281611442566,0.05448462814092636,-0.0674191564321518,0.06433846801519394,0.2703341841697693,0.9582456350326538
37.57350640000368,-0.4756711721420288,0.8781552314758301,0.05445283651351929,-0.06695816665887833,0.06449038535356522,0.26974615454673767,0.9584334492683411
37.5779554000037,-0.4756011664867401,0.8778602480888367,0.054410967975854874,-0.06707917898893356,0.06456031650304794,0.2701698839664459,0.9583009481430054
37.58194490001188,-0.47550979256629944,0.8775796294212341,0.054391443729400635,-0.0671815499663353,0.06459749490022659,0.270114004611969,0.9583069682121277
37.585958600000595,-0.4754328727722168,0.8772979378700256,0.05433298274874687,-0.0670989453792572,0.06534253060817719,0.26948273181915283,0.9584400057792664
37.590060500006075,-0.47535860538482666,0.8770456910133362,0.054305821657180786,-0.06712006777524948,0.0653880164027214,0.26985588669776917,0.9583303928375244
37.59460070000205,-0.4752891957759857,0.8767791986465454,0.05426285043358803,-0.06776529550552368,0.06521031260490417,0.27105751633644104,0.957957923412323
37.598668400009046,-0.4751899540424347,0.8764742016792297,0.05425127595663071,-0.06700219213962555,0.06519199162721634,0.27123838663101196,0.9579616785049438
37.602918500007945,-0.475117027759552,0.876197874546051,0.054254673421382904,-0.06680714339017868,0.0651116669178009,0.2716662585735321,0.9578595161437988
37.60739440000907,-0.4750213921070099,0.8759187459945679,0.05421346053481102,-0.0649619922041893,0.06551375985145569,0.2712495028972626,0.958077073097229
37.61098250000214,-0.4749220907688141,0.8756470680236816,0.0541873462498188,-0.0642738789319992,0.06566599756479263,0.27022913098335266,0.9584013223648071
37.615318199998,-0.4748631417751312,0.875386655330658,0.0541670136153698,-0.06393426656723022,0.06584879010915756,0.2705136835575104,0.9583311676979065
37.62156220000179,-0.4747556149959564,0.875095009803772,0.054153889417648315,-0.06434621661901474,0.06604664027690887,0.27055323123931885,0.9582788348197937
37.625135900001624,-0.474695086479187,0.8748139142990112,0.054104629904031754,-0.06480464339256287,0.06665123999118805,0.27020472288131714,0.9583044648170471
37.62930720001168,-0.47463372349739075,0.8745680451393127,0.054080404341220856,-0.06508837640285492,0.06661971658468246,0.2707228660583496,0.9581411480903625
37.6326984000043,-0.4745687246322632,0.8742927312850952,0.0540364533662796,-0.06572163105010986,0.06652074307203293,0.2716161012649536,0.9578519463539124
37.636248399998294,-0.4745088517665863,0.8740404844284058,0.054005734622478485,-0.06552893668413162,0.06664445996284485,0.27164557576179504,0.9578482508659363
37.64000450000458,-0.4744361937046051,0.8737832903862,0.05397795885801315,-0.06469589471817017,0.0668952465057373,0.27154529094696045,0.9579158425331116
37.644165300007444,-0.4743731617927551,0.8734784126281738,0.053974173963069916,-0.06287219375371933,0.06670282036066055,0.271093487739563,0.9581785798072815
37.648517900001025,-0.4743044078350067,0.8732284307479858,0.053957052528858185,-0.06182071194052696,0.06701751798391342,0.27124711871147156,0.9581815004348755
37.652505000005476,-0.4742433726787567,0.8730036020278931,0.053936250507831573,-0.061538200825452805,0.06704514473676682,0.2718051075935364,0.9580397009849548
37.65681570000015,-0.4741620421409607,0.8727489709854126,0.05392138287425041,-0.06225856393575668,0.0670120045542717,0.2729283273220062,0.9576760530471802
37.66083420001087,-0.474087119102478,0.872518002986908,0.053898900747299194,-0.06239892542362213,0.06714886426925659,0.2731482684612274,0.9575946927070618
37.66516810000758,-0.4740337133407593,0.872242271900177,0.05382827669382095,-0.06275282055139542,0.06806140393018723,0.2724733352661133,0.9576994180679321
37.66933400000562,-0.47393152117729187,0.8719964027404785,0.05379968136548996,-0.06294366717338562,0.06843996793031693,0.27271705865859985,0.9575905203819275
37.67334330000449,-0.47385743260383606,0.8717415928840637,0.0537538155913353,-0.06332287937402725,0.06817591190338135,0.2734045386314392,0.9573882222175598
37.677951999998186,-0.4737670123577118,0.8715057969093323,0.053713057190179825,-0.0633431077003479,0.068276546895504,0.2735115587711334,0.9573492407798767
37.681846999999834,-0.47367390990257263,0.8712371587753296,0.053668227046728134,-0.06180029362440109,0.0683615654706955,0.27259397506713867,0.9577056169509888
37.68583880001097,-0.4736000597476959,0.8710178136825562,0.05362764373421669,-0.061482783406972885,0.0684671476483345,0.27275991439819336,0.9576712250709534
37.690081200009445,-0.473531574010849,0.8707922101020813,0.053604383021593094,-0.06057275831699371,0.06869515031576157,0.2727510333061218,0.9577153921127319
37.694258000003174,-0.4734659194946289,0.8705633878707886,0.05357653647661209,-0.060104768723249435,0.06893561035394669,0.27255111932754517,0.9577845931053162
37.69847980000486,-0.473413348197937,0.8703334927558899,0.0535539947450161,-0.06004154309630394,0.0687776729464531,0.27310267090797424,0.9576427936553955
37.7045436000044,-0.47334909439086914,0.8700851798057556,0.053490739315748215,-0.060591407120227814,0.06932606548070908,0.2728751003742218,0.9576334953308105
37.70870040000591,-0.47326523065567017,0.8698664307594299,0.053466349840164185,-0.06067816913127899,0.0692606270313263,0.2722594141960144,0.9578078985214233
37.71279850001156,-0.47318434715270996,0.8696485757827759,0.05344407632946968,-0.060628052800893784,0.06927900016307831,0.2722296416759491,0.9578181505203247
37.71713869999803,-0.4731261730194092,0.8694038987159729,0.053391605615615845,-0.06099586933851242,0.06926339119672775,0.27266937494277954,0.9576708674430847
37.72105459999875,-0.47306740283966064,0.8691820502281189,0.05336536094546318,-0.06085602939128876,0.0694476068019867,0.27288588881492615,0.9576047658920288
37.72520749999967,-0.47301122546195984,0.8689491152763367,0.05333283171057701,-0.06057362258434296,0.06970807164907455,0.2730349898338318,0.9575612545013428
37.72922400000971,-0.4729604721069336,0.8687101602554321,0.053289663046598434,-0.05962156504392624,0.06985718011856079,0.27243173122406006,0.957781970500946
37.73286580000422,-0.4728928208351135,0.8684801459312439,0.05324871838092804,-0.05879360809922218,0.07037056982517242,0.27226588129997253,0.9578426480293274
37.73618859999988,-0.4728298783302307,0.8682529926300049,0.05319909378886223,-0.058487389236688614,0.07058259099721909,0.2720187306404114,0.9579160809516907
37.7406226000021,-0.4727899730205536,0.868048369884491,0.05316377058625221,-0.05821290612220764,0.0709647536277771,0.2720395028591156,0.9578986763954163
37.74425570000312,-0.4727163016796112,0.8678069710731506,0.05312852934002876,-0.058153748512268066,0.07207020372152328,0.27211856842041016,0.9577972888946533
37.74841060000472,-0.4726722836494446,0.8675744533538818,0.05310658738017082,-0.05776478350162506,0.07176822423934937,0.27273258566856384,0.9576687812805176
37.7524631999986,-0.47259658575057983,0.8673279285430908,0.05310913547873497,-0.05829286575317383,0.07161733508110046,0.27263185381889343,0.9576767683029175
37.75681530000293,-0.47254490852355957,0.8671217560768127,0.053073495626449585,-0.058138325810432434,0.07181420177221298,0.27244117856025696,0.9577256441116333
37.76101539999945,-0.47249940037727356,0.8669061660766602,0.05301971361041069,-0.058616869151592255,0.07168828696012497,0.2733694016933441,0.9574414491653442
37.76511110000138,-0.47245100140571594,0.8667086362838745,0.05298745632171631,-0.05828006565570831,0.07199320942163467,0.27327919006347656,0.9574648141860962
37.76930610000272,-0.4723981022834778,0.8664758205413818,0.052930209785699844,-0.05726220831274986,0.07213004678487778,0.27270761132240295,0.9576789736747742
37.773597899999004,-0.4723575711250305,0.8662935495376587,0.05290189012885094,-0.05702127888798714,0.07227262109518051,0.2725275754928589,0.9577337503433228
37.77758150000591,-0.4723331034183502,0.8660919666290283,0.05286546051502228,-0.056922826915979385,0.07231608778238297,0.2724135220050812,0.9577688574790955
37.78179850000015,-0.47230586409568787,0.8658915758132935,0.05283479765057564,-0.056548524647951126,0.07243606448173523,0.2722697854042053,0.9578227996826172
37.78593880000699,-0.472286194562912,0.8656435608863831,0.052767958492040634,-0.056839633733034134,0.07290952652692795,0.2715931236743927,0.9579616785049438
37.79008070001146,-0.472278892993927,0.8654575943946838,0.05272533744573593,-0.0567510686814785,0.07313209772109985,0.2717561423778534,0.9579038023948669
37.794203900004504,-0.47228169441223145,0.8652631640434265,0.05269945040345192,-0.05672173574566841,0.07305681705474854,0.2718651294708252,0.9578803181648254
37.798306700002286,-0.4722747504711151,0.8650726079940796,0.052697502076625824,-0.05698302015662193,0.07317933440208435,0.2722965478897095,0.9577328562736511
37.80294040001172,-0.47225895524024963,0.8648770451545715,0.05267266929149628,-0.057425208389759064,0.073104128241539,0.27325326204299927,0.9574397206306458
37.806904900004156,-0.4722626805305481,0.8645877838134766,0.05266892910003662,-0.0572802759706974,0.07275356352329254,0.27414649724960327,0.9572197794914246
37.815232500011916,-0.47225645184516907,0.8641480207443237,0.052603933960199356,-0.05606114864349365,0.07290330529212952,0.2746048867702484,0.957149088382721
37.819391600001836,-0.4722423553466797,0.8639336228370667,0.05259734019637108,-0.055962517857551575,0.07275915145874023,0.2743847966194153,0.95722895860672
37.824163500001305,-0.47224724292755127,0.8637264370918274,0.05258524417877197,-0.05594642460346222,0.07290472835302353,0.2744901776313782,0.9571886658668518
37.828050600001006,-0.4722720980644226,0.8634925484657288,0.05254629626870155,-0.05614786967635155,0.07361062616109848,0.27431654930114746,0.9571725726127625
37.8318658000062,-0.4722845256328583,0.8632931113243103,0.05253342539072037,-0.055891718715429306,0.07364845275878906,0.27417299151420593,0.9572257995605469
37.836330000005546,-0.4722744822502136,0.863124430179596,0.05252239853143692,-0.055814478546381,0.07406950742006302,0.27409791946411133,0.9572193622589111
37.84015450000879,-0.4722719192504883,0.8629422187805176,0.052506767213344574,-0.05557583272457123,0.07429105043411255,0.2737421989440918,0.9573177695274353
37.8443116999988,-0.4722699224948883,0.8627762794494629,0.05248812958598137,-0.05572647601366043,0.07433263212442398,0.27366089820861816,0.9573290348052979
37.84833720000461,-0.4722761809825897,0.8625831007957458,0.052442118525505066,-0.05582888424396515,0.0740470215678215,0.2742282450199127,0.9571828842163086
37.852609300010954,-0.4722391963005066,0.8624162077903748,0.05243530496954918,-0.05577573552727699,0.07392008602619171,0.2736787796020508,0.9573530554771423
37.856621600003564,-0.47223880887031555,0.8622046113014221,0.0523950532078743,-0.054691705852746964,0.07366198301315308,0.2734994888305664,0.9574866890907288
37.860860700006015,-0.4722220003604889,0.8620225191116333,0.052388954907655716,-0.054860517382621765,0.07368389517068863,0.2736010253429413,0.9574463963508606
37.86518480000086,-0.4722117483615875,0.8618557453155518,0.05237218737602234,-0.05506610497832298,0.07366502285003662,0.2739694118499756,0.9573306441307068
37.86934220000694,-0.4721985459327698,0.8616960644721985,0.05235226824879646,-0.054931268095970154,0.07369630038738251,0.2740541696548462,0.957311749458313
37.87343370000599,-0.47218745946884155,0.8615385890007019,0.05234111100435257,-0.05479965731501579,0.07379770278930664,0.27386337518692017,0.9573660492897034
37.8776751000114,-0.4721798002719879,0.8613550662994385,0.052307046949863434,-0.05457805097103119,0.07468504458665848,0.27340635657310486,0.9574404954910278
37.8817415000085,-0.4721778333187103,0.8611994981765747,0.05228915438055992,-0.054425857961177826,0.07480286806821823,0.2733331620693207,0.957460880279541
37.885973500000546,-0.4721890091896057,0.861029863357544,0.05227502062916756,-0.05485548451542854,0.07441055029630661,0.2741811275482178,0.9572244882583618
37.89011079999909,-0.4721764624118805,0.8608635663986206,0.052282679826021194,-0.055039674043655396,0.0746496394276619,0.27419784665107727,0.9571905136108398
37.89440640000976,-0.4721739888191223,0.8607250452041626,0.052272215485572815,-0.055072054266929626,0.07480212301015854,0.27412909269332886,0.9571964144706726
37.89847470000677,-0.4721739888191223,0.8605872988700867,0.05226270109415054,-0.05512022227048874,0.07490413635969162,0.27404358983039856,0.9572101831436157
37.9044331000041,-0.47218093276023865,0.8604376316070557,0.05222690850496292,-0.05572151020169258,0.07470524311065674,0.2750419080257416,0.9569045305252075
37.908620800008066,-0.4721831977367401,0.8603106737136841,0.05221458151936531,-0.05584148317575455,0.07478174567222595,0.2752070426940918,0.9568440914154053
37.91273250000086,-0.47218501567840576,0.8601849675178528,0.05219656974077225,-0.05598684400320053,0.07483154535293579,0.2752782106399536,0.956811249256134
37.916205700006685,-0.4721783399581909,0.8600441217422485,0.052145056426525116,-0.05539318174123764,0.07488315552473068,0.27525612711906433,0.9568480253219604
37.92038799999864,-0.47217458486557007,0.8599128723144531,0.0521431565284729,-0.055363040417432785,0.0747111365199089,0.274892657995224,0.9569677710533142
37.92373540000699,-0.47217339277267456,0.8597857356071472,0.05211148411035538,-0.05508476495742798,0.07481783628463745,0.27493277192115784,0.9569639563560486
37.92768390000856,-0.4721904397010803,0.8596279621124268,0.052090536803007126,-0.05481891706585884,0.07462138682603836,0.2752891480922699,0.9568920731544495
37.93177780001133,-0.4722006022930145,0.8595142364501953,0.05205664783716202,-0.05492560565471649,0.07485645264387131,0.2754194736480713,0.9568300843238831
37.93594850000227,-0.47220268845558167,0.8593776822090149,0.05199523642659187,-0.05488385632634163,0.07533690333366394,0.27471762895584106,0.9569965600967407
37.940143600004376,-0.47220727801322937,0.8592689633369446,0.05196407437324524,-0.054992981255054474,0.07542448490858078,0.27488940954208374,0.9569340348243713
37.94421120001061,-0.4722224473953247,0.8591685891151428,0.051931705325841904,-0.054932743310928345,0.07561487704515457,0.27466052770614624,0.9569881558418274
37.94849140000588,-0.47224161028862,0.8590601682662964,0.05190129578113556,-0.05507366731762886,0.0756966695189476,0.2750171720981598,0.9568711519241333
37.952435300001525,-0.47228071093559265,0.8589637279510498,0.051884159445762634,-0.05504729971289635,0.0755293145775795,0.27490857243537903,0.9569172263145447
37.956795100006275,-0.47231513261795044,0.8588774800300598,0.05184777081012726,-0.05519277974963188,0.07582469284534454,0.27518707513809204,0.9568053483963013
37.96168829999806,-0.47233396768569946,0.8587892651557922,0.05181809514760971,-0.05518082529306412,0.07624508440494537,0.2752527892589569,0.9567537307739258
37.96512629999779,-0.4723866581916809,0.858695387840271,0.051803816109895706,-0.05524842441082001,0.0760558694601059,0.27526912093162537,0.9567601680755615
37.969352300002356,-0.4724404215812683,0.858568549156189,0.051750779151916504,-0.055970706045627594,0.07592122256755829,0.27637356519699097,0.9564104080200195
37.97353580000345,-0.47248345613479614,0.8584704399108887,0.051723774522542953,-0.056124087423086166,0.07595057785511017,0.2764449119567871,0.9563785791397095
37.977632300011464,-0.4725313186645508,0.858368992805481,0.0516950897872448,-0.05619822070002556,0.07606950402259827,0.2765581011772156,0.9563320279121399
37.981678700001794,-0.47258123755455017,0.8582451343536377,0.05163922160863876,-0.05558811128139496,0.07612109929323196,0.27651146054267883,0.9563770890235901
37.9858394000039,-0.47262901067733765,0.8581173419952393,0.0516061969101429,-0.055415671318769455,0.07632511854171753,0.2764609456062317,0.9563853740692139
37.990348899998935,-0.47269830107688904,0.858002245426178,0.05158749595284462,-0.0554572194814682,0.07585833221673965,0.2765815258026123,0.9563852548599243
37.99480830000539,-0.4727601408958435,0.8578856587409973,0.05155269801616669,-0.055624257773160934,0.0759032815694809,0.27664074301719666,0.9563547968864441
38.001212300005136,-0.4728306531906128,0.8577418327331543,0.05148717015981674,-0.05584096908569336,0.0766473263502121,0.2761728763580322,0.9564180374145508
38.00660490000155,-0.4729665219783783,0.8574839234352112,0.05143589898943901,-0.056529972702264786,0.07667664438486099,0.27712392807006836,0.9561001062393188
38.0113652,-0.47306951880455017,0.857366144657135,0.05143580213189125,-0.05671452358365059,0.07676800340414047,0.2775145173072815,0.9559685587882996
38.015098900010344,-0.47317638993263245,0.8572428822517395,0.051408376544713974,-0.05693716183304787,0.07692765444517136,0.278184175491333,0.9557477831840515
38.01926169999933,-0.4733029901981354,0.8570723533630371,0.05136774107813835,-0.056876081973314285,0.07636725157499313,0.27863872051239014,0.9556639790534973
38.0235723000078,-0.47341388463974,0.856947124004364,0.051330793648958206,-0.05661286041140556,0.07632619142532349,0.27844730019569397,0.9557386636734009
38.027911800003494,-0.473538339138031,0.8568161725997925,0.0512891449034214,-0.05672352388501167,0.0764349028468132,0.27850428223609924,0.955706775188446
38.031989299997804,-0.4736475348472595,0.856643795967102,0.051275283098220825,-0.05656914785504341,0.07610129565000534,0.27820518612861633,0.9558296799659729
38.03603149999981,-0.47375982999801636,0.8565105199813843,0.05124529451131821,-0.05653849616646767,0.0761551558971405,0.2782557010650635,0.9558125138282776
38.040115900003,-0.4739122688770294,0.8563719391822815,0.05116414651274681,-0.056654442101716995,0.077046237885952,0.27805373072624207,0.9557930827140808
38.04415400000289,-0.47403788566589355,0.8562271595001221,0.05111374706029892,-0.056914739310741425,0.07695851475000381,0.27848896384239197,0.9556578397750854
38.0484976000007,-0.4741661250591278,0.8560953140258789,0.051099736243486404,-0.05704118683934212,0.07682885229587555,0.2779729962348938,0.9558109641075134
38.05274490000738,-0.4742841124534607,0.8559828400611877,0.05107922479510307,-0.05667012929916382,0.07692942023277283,0.277483731508255,0.9559671878814697
38.05681750000804,-0.4744023084640503,0.8558693528175354,0.05104600638151169,-0.056835222989320755,0.07677438110113144,0.27742886543273926,0.9559856653213501
38.06100630000583,-0.47452613711357117,0.8557279109954834,0.050992872565984726,-0.057383060455322266,0.07639017701148987,0.27817797660827637,0.9557660818099976
38.06451370001014,-0.47452613711357117,0.8557279109954834,0.050992872565984726,-0.057383060455322266,0.07639017701148987,0.27817797660827637,0.9557660818099976
38.069154299999354,-0.47481614351272583,0.8554463982582092,0.05096952244639397,-0.05731045454740524,0.07548294961452484,0.2788850665092468,0.9556364417076111
38.07344259999809,-0.4749329090118408,0.8553054928779602,0.050955187529325485,-0.057254280894994736,0.07564635574817657,0.27865827083587646,0.9556930065155029
38.07767350001086,-0.47504866123199463,0.8551645874977112,0.05089931935071945,-0.05650157481431961,0.07558050751686096,0.2782309353351593,0.95586758852005
38.08175860000483,-0.4752047061920166,0.8550075888633728,0.050850462168455124,-0.056923557072877884,0.07625286281108856,0.2771952152252197,0.956089973449707
38.08590330000152,-0.4753570258617401,0.8548726439476013,0.05080106854438782,-0.05654839798808098,0.07630113512277603,0.2768472135066986,0.9562091827392578
38.09008990001166,-0.47550350427627563,0.8547396063804626,0.05077593773603439,-0.05641418322920799,0.07638351619243622,0.27667704224586487,0.9562597870826721
38.09464239999943,-0.47566187381744385,0.854606032371521,0.05073331668972969,-0.05636610463261604,0.07645249366760254,0.2766263782978058,0.956271767616272
38.09846069999912,-0.4758334755897522,0.854487419128418,0.050699736922979355,-0.0563870444893837,0.07678262144327164,0.2772126793861389,0.9560743570327759
38.102495300001465,-0.4759886562824249,0.8543422222137451,0.05065486952662468,-0.05692753940820694,0.0767756924033165,0.2782084047794342,0.9557535648345947
38.10665190000145,-0.47613829374313354,0.8542045950889587,0.050610028207302094,-0.05720312520861626,0.07689468562602997,0.27840644121170044,0.9556698203086853
38.1109967000084,-0.4762918949127197,0.8540626168251038,0.0505841001868248,-0.05735901743173599,0.07685794681310654,0.27866169810295105,0.9555890560150146
38.11509050001041,-0.47645407915115356,0.853890061378479,0.050546180456876755,-0.05745392292737961,0.07678090035915375,0.2791673541069031,0.9554420113563538
38.11929260000761,-0.47664228081703186,0.8537201881408691,0.05050007626414299,-0.05746326968073845,0.07661207020282745,0.27864402532577515,0.9556077718734741
38.12346339999931,-0.476807564496994,0.8535889387130737,0.05048380792140961,-0.05742771178483963,0.07617692649364471,0.278893381357193,0.9555718898773193
38.12847490000422,-0.4769498407840729,0.8534550070762634,0.05045903101563454,-0.05737188085913658,0.07616407424211502,0.27884218096733093,0.9555912613868713
38.132180600005086,-0.47709333896636963,0.8533251881599426,0.050445761531591415,-0.057168178260326385,0.07615920901298523,0.27869871258735657,0.9556456804275513
38.13612710000598,-0.47726237773895264,0.8531908392906189,0.050432972609996796,-0.057345520704984665,0.07581865787506104,0.2788836359977722,0.9556082487106323
38.140130200001295,-0.4774092733860016,0.8530270457267761,0.05041607469320297,-0.05778214707970619,0.07540138065814972,0.27896443009376526,0.9555913209915161
38.14422360000026,-0.4775502681732178,0.8529045581817627,0.050397444516420364,-0.05770803987979889,0.07535811513662338,0.2789452075958252,0.9556048512458801
38.14907569999923,-0.477701872587204,0.8527728915214539,0.05035746470093727,-0.0575830452144146,0.07534543424844742,0.278754323720932,0.955669105052948
38.152578300010646,-0.4778427481651306,0.8526536226272583,0.0503256730735302,-0.057581692934036255,0.07537490129470825,0.27856338024139404,0.955722451210022
38.15690500001074,-0.4779937267303467,0.8525083065032959,0.05028190463781357,-0.057217035442590714,0.0751674473285675,0.27831941843032837,0.95583176612854
38.16096839999955,-0.47817039489746094,0.8523403406143188,0.05022106319665909,-0.05735371634364128,0.07602321356534958,0.27749931812286377,0.9559943079948425
38.165019799998845,-0.4783393442630768,0.8521752953529358,0.0501839704811573,-0.05676216259598732,0.0761139765381813,0.2770070433616638,0.9561652541160583
38.169146100000944,-0.4784826934337616,0.8520557880401611,0.05015724524855614,-0.05669811740517616,0.07611282914876938,0.276603639125824,0.956285834312439
38.17347480000171,-0.47866925597190857,0.85195392370224,0.05014507472515106,-0.056554049253463745,0.07617509365081787,0.27769169211387634,0.9559740424156189
38.177699000007124,-0.47884804010391235,0.8518394231796265,0.05009741336107254,-0.05675499513745308,0.07561871409416199,0.27777063846588135,0.9559834003448486
38.18178870000702,-0.4790114760398865,0.8517083525657654,0.05004776269197464,-0.05761785805225372,0.07524819672107697,0.2786571681499481,0.9557029604911804
38.186076400001184,-0.47920161485671997,0.8516002297401428,0.05000973865389824,-0.05836160108447075,0.07485730946063995,0.27902114391326904,0.955582320690155
38.190328199998476,-0.47938764095306396,0.8514943718910217,0.04997243359684944,-0.058556172996759415,0.07486991584300995,0.2790961265563965,0.955547571182251
38.1943450000108,-0.47958049178123474,0.8513646125793457,0.04991711676120758,-0.05836886167526245,0.07448863238096237,0.2793155014514923,0.955524742603302
38.198828599997796,-0.4797835648059845,0.8512462377548218,0.049877047538757324,-0.05809364840388298,0.07426115870475769,0.27890583872795105,0.9556787610054016
38.20305809999991,-0.48001301288604736,0.8511000275611877,0.04977850988507271,-0.05854331701993942,0.07497251033782959,0.2788766026496887,0.9556043148040771
38.206930100001046,-0.4802083969116211,0.8509976863861084,0.0497322641313076,-0.058438487350940704,0.07488701492547989,0.2788242995738983,0.9556326866149902
38.21114220000163,-0.48043614625930786,0.8509012460708618,0.049703482538461685,-0.0583249032497406,0.07479884475469589,0.278562068939209,0.9557231068611145
38.21523280000838,-0.48066219687461853,0.8507694005966187,0.049668412655591965,-0.057743240147829056,0.07405553758144379,0.2786395251750946,0.9557936191558838
38.220312100005685,-0.48087674379348755,0.8506712913513184,0.049631521105766296,-0.0580366849899292,0.07369414716959,0.27964699268341064,0.955509603023529
38.22459230000095,-0.4810778796672821,0.8505918383598328,0.04961630702018738,-0.05832769721746445,0.07330095767974854,0.27969568967819214,0.9555078744888306
38.22852020000573,-0.4813147783279419,0.8505166172981262,0.04957033321261406,-0.058636102825403214,0.07305727899074554,0.28055164217948914,0.9552566409111023
38.23653490000288,-0.4817728102207184,0.8503209352493286,0.04946717247366905,-0.05864743888378143,0.07196760922670364,0.28011128306388855,0.9554678201675415
38.241085600006045,-0.4820498824119568,0.8501942157745361,0.04935746639966965,-0.05935712903738022,0.07247644662857056,0.2807863652706146,0.9551874399185181
38.244865800006664,-0.48227399587631226,0.8501242995262146,0.049306485801935196,-0.059403274208307266,0.07242583483457565,0.2804701328277588,0.9552813172340393
38.24914230000286,-0.4825294613838196,0.8500409126281738,0.04925238713622093,-0.05932909622788429,0.07191823422908783,0.2800091803073883,0.9554594159126282
38.25333760000649,-0.4827633202075958,0.8499733209609985,0.0491974875330925,-0.05936628207564354,0.0720234289765358,0.28003811836242676,0.9554407000541687
38.26085210000747,-0.48323777318000793,0.8497862219810486,0.0491645485162735,-0.05982478708028793,0.07105489075183868,0.2807450294494629,0.9552772045135498
38.265216200001305,-0.4834965765476227,0.8496909737586975,0.04913453757762909,-0.059857841581106186,0.07069455832242966,0.28100767731666565,0.9552246332168579
38.269167600010405,-0.48380205035209656,0.8495965600013733,0.049066971987485886,-0.05924465134739876,0.07020754367113113,0.28091803193092346,0.955325186252594
38.27349099999992,-0.48410388827323914,0.8495195508003235,0.048995185643434525,-0.05998681113123894,0.06964129954576492,0.2812749445438385,0.9552152752876282
38.27768300000753,-0.48440617322921753,0.8494439721107483,0.04894457012414932,-0.0601872019469738,0.06929206848144531,0.28162065148353577,0.9551261067390442
38.283452400006354,-0.4846999943256378,0.849381685256958,0.048852261155843735,-0.059663672000169754,0.06993149220943451,0.2796303629875183,0.9556969404220581
38.28696090000449,-0.4849945902824402,0.8493255376815796,0.048825133591890335,-0.05997459590435028,0.06963736563920975,0.2802870571613312,0.9555065631866455
38.29044380001142,-0.48527610301971436,0.8492258787155151,0.048761751502752304,-0.06055811420083046,0.06913457810878754,0.28083130717277527,0.9553464651107788
38.29445719999785,-0.4855276942253113,0.8491520881652832,0.0487133264541626,-0.06099005043506622,0.06874524056911469,0.28120115399360657,0.9552383422851562
38.29930189999868,-0.48582181334495544,0.8490586280822754,0.048667557537555695,-0.060939814895391464,0.06827548146247864,0.2810418903827667,0.9553220868110657
38.30275600000459,-0.48612895607948303,0.8489603400230408,0.048590924590826035,-0.06045517697930336,0.06777705997228622,0.28123560547828674,0.9553313851356506
38.306814499999746,-0.48643600940704346,0.8488477468490601,0.04852651059627533,-0.06042613461613655,0.066900834441185,0.28130775690078735,0.9553737044334412
38.31172389999847,-0.48673900961875916,0.8487617373466492,0.04846189543604851,-0.060231078416109085,0.0671631246805191,0.28090575337409973,0.9554858803749084
38.315491800007294,-0.4870648980140686,0.848707914352417,0.04843481257557869,-0.0601034052670002,0.06682456284761429,0.28129610419273376,0.9554028511047363
38.319243900012225,-0.4873993694782257,0.848620593547821,0.04833565279841423,-0.060664936900138855,0.0672789141535759,0.28117743134498596,0.9553704261779785
38.323500099999364,-0.4877275228500366,0.8485475182533264,0.048258062452077866,-0.06095665693283081,0.06654829531908035,0.28210708498954773,0.9551289081573486
38.32773230000748,-0.48810848593711853,0.8484752178192139,0.04816201701760292,-0.060880836099386215,0.06588159501552582,0.28108736872673035,0.9554805159568787
38.34023790000356,-0.4884226620197296,0.8483866453170776,0.048103731125593185,-0.06073077768087387,0.06533677875995636,0.2811092734336853,0.9555210471153259
38.344790900009684,-0.4894721508026123,0.848192036151886,0.047949887812137604,-0.06146770715713501,0.06475326418876648,0.2821830213069916,0.9551971554756165
38.349241300005815,-0.48983749747276306,0.8481051921844482,0.04788219928741455,-0.06123296916484833,0.06395705789327621,0.2819974422454834,0.9553205966949463
38.35312710001017,-0.4902597665786743,0.8480170965194702,0.04778420180082321,-0.062137506902217865,0.06333927065134048,0.28230535984039307,0.9552124738693237
38.357781600003364,-0.4906289577484131,0.8479901552200317,0.047708094120025635,-0.061579715460538864,0.06336667388677597,0.2814198434352875,0.9555079936981201
38.36132590001216,-0.4910145401954651,0.8479194045066833,0.04762931540608406,-0.06110084801912308,0.06312577426433563,0.2819972336292267,0.9553844332695007
38.36510160000762,-0.49137136340141296,0.8478488326072693,0.04758533835411072,-0.061642833054065704,0.06234712898731232,0.2832633852958679,0.9550260901451111
38.36935059999814,-0.4917410612106323,0.8477915525436401,0.04748921096324921,-0.06193132326006889,0.0619133785367012,0.28327131271362305,0.9550333619117737
38.37399610001012,-0.4921416938304901,0.8477368354797363,0.047391366213560104,-0.06172187626361847,0.061345383524894714,0.28236889839172363,0.9553506970405579
38.377742100012256,-0.49249768257141113,0.8476912379264832,0.047339439392089844,-0.06195968762040138,0.061127275228500366,0.2818200886249542,0.9555113315582275
38.381710200003,-0.4929061532020569,0.8476628065109253,0.0472610704600811,-0.06246010959148407,0.060825448483228683,0.2820053696632385,0.9554433226585388
38.38632370000414,-0.49331507086753845,0.8475831747055054,0.04712078720331192,-0.062346551567316055,0.061010509729385376,0.2817695438861847,0.9555085301399231
38.390544499998214,-0.4937227666378021,0.8475063443183899,0.04704321548342705,-0.06234743073582649,0.06011993810534477,0.281934529542923,0.9555162191390991
38.39437530000578,-0.49415016174316406,0.847491979598999,0.04697105288505554,-0.06334895640611649,0.059810981154441833,0.2823624908924103,0.9553434252738953
38.39849510000204,-0.49455705285072327,0.8474281430244446,0.04692657291889191,-0.06339595466852188,0.05896718427538872,0.28159981966018677,0.9556177854537964
38.40283040000941,-0.49496009945869446,0.8473793864250183,0.04687778651714325,-0.06356526911258698,0.05857186019420624,0.28095588088035583,0.9558204412460327
38.407686800012016,-0.49537593126296997,0.8473271727561951,0.04678870737552643,-0.06363227963447571,0.05797743424773216,0.28064873814582825,0.9559424519538879
38.41156690000207,-0.4958416521549225,0.8473007678985596,0.0467398464679718,-0.06402067840099335,0.05762756988406181,0.28143855929374695,0.9557053446769714
38.41511640000681,-0.4962911009788513,0.8472100496292114,0.04657493159174919,-0.0638856440782547,0.057459186762571335,0.2809200882911682,0.9558770656585693
38.41944769999827,-0.4967317581176758,0.8471482396125793,0.04651869833469391,-0.06425021588802338,0.056817151606082916,0.28092068433761597,0.9558908939361572
38.423409700000775,-0.4971551299095154,0.8470810651779175,0.0464339442551136,-0.06445193290710449,0.0561569407582283,0.2812163829803467,0.955829381942749
38.42825630000152,-0.4976097345352173,0.8470341563224792,0.046383216977119446,-0.06348589807748795,0.05534633621573448,0.2800496220588684,0.9562837481498718
38.43201470001077,-0.4980863630771637,0.8469839096069336,0.0462295338511467,-0.06376861035823822,0.05516840144991875,0.2806449234485626,0.9561006426811218
38.43590110000514,-0.4985775053501129,0.8469343781471252,0.04614630341529846,-0.06507451832294464,0.05419712886214256,0.28139811754226685,0.9558468461036682
38.441866100009065,-0.4990638196468353,0.8468768000602722,0.046065255999565125,-0.06493546068668365,0.05291523039340973,0.28164342045783997,0.9558558464050293
38.44538950000424,-0.49952518939971924,0.8467845320701599,0.04595360532402992,-0.06512188166379929,0.053094010800123215,0.2815289795398712,0.9558669328689575
38.44894909999857,-0.500007688999176,0.8467457890510559,0.04589631035923958,-0.06425688415765762,0.05292355269193649,0.2810368537902832,0.9560797214508057
38.45271830000274,-0.5005180835723877,0.8467166423797607,0.04580337554216385,-0.06475331634283066,0.052660536020994186,0.28153952956199646,0.9559128284454346
38.456879600009415,-0.5010189414024353,0.8466672897338867,0.045710671693086624,-0.06534529477357864,0.05153694003820419,0.2816914916038513,0.9558890461921692
38.46114420000231,-0.5015043020248413,0.8466123938560486,0.045663394033908844,-0.06454695016145706,0.05081603676080704,0.28166478872299194,0.9559897184371948
38.46516890000203,-0.501978874206543,0.8465985059738159,0.04559625685214996,-0.06485637277364731,0.050308726727962494,0.28189748525619507,0.9559270739555359
38.469358200003626,-0.502481997013092,0.8465619087219238,0.04545643925666809,-0.0646744966506958,0.0497250035405159,0.2810885012149811,0.9562081098556519
38.47343690000707,-0.5029975175857544,0.8465050458908081,0.04532443732023239,-0.06495043635368347,0.04970238730311394,0.2812582552433014,0.9561406373977661
38.477706400008174,-0.5034843683242798,0.8464813232421875,0.045233093202114105,-0.06559327244758606,0.048869188874959946,0.28107279539108276,0.9561942219734192
38.481971600005636,-0.503954291343689,0.8464465141296387,0.04515932500362396,-0.06596191227436066,0.04814586415886879,0.28170010447502136,0.9560209512710571
38.485919400001876,-0.5044471025466919,0.8464011549949646,0.04502851888537407,-0.06547139585018158,0.04758533462882042,0.2811146378517151,0.9562550783157349
38.49016380000103,-0.5048993229866028,0.846367597579956,0.04491390660405159,-0.06537282466888428,0.046870145946741104,0.28081953525543213,0.9563838243484497
38.49406050000107,-0.5048993229866028,0.846367597579956,0.04491390660405159,-0.06537282466888428,0.046870145946741104,0.28081953525543213,0.9563838243484497
38.49759769999946,-0.5048993229866028,0.846367597579956,0.04491390660405159,-0.06537282466888428,0.046870145946741104,0.28081953525543213,0.9563838243484497
38.501020399999106,-0.5048993229866028,0.846367597579956,0.04491390660405159,-0.06537282466888428,0.046870145946741104,0.28081953525543213,0.9563838243484497
38.50433080000221,-0.5048993229866028,0.846367597579956,0.04491390660405159,-0.06537282466888428,0.046870145946741104,0.28081953525543213,0.9563838243484497
38.510539800001425,-0.5067666172981262,0.8463030457496643,0.04456033557653427,-0.06683722138404846,0.04544977471232414,0.279494971036911,0.9567391276359558
38.51591320001171,-0.5076093077659607,0.8462471961975098,0.04435377195477486,-0.06695666909217834,0.044722843915224075,0.27920234203338623,0.9568504095077515
38.520355100001325,-0.5080868601799011,0.8462368845939636,0.04422752559185028,-0.06690898537635803,0.04395202919840813,0.2792403995990753,0.9568783640861511
38.52462770001148,-0.5085290670394897,0.8462364673614502,0.04414181783795357,-0.06717800348997116,0.043299391865730286,0.2793661057949066,0.9568526148796082
38.52805670000089,-0.5089204907417297,0.8462302088737488,0.04405989870429039,-0.06706763058900833,0.04325232282280922,0.278780072927475,0.9570333361625671
38.53196970000863,-0.5093375444412231,0.8461832404136658,0.0439402237534523,-0.0672588124871254,0.04365250840783119,0.2776154577732086,0.9573403000831604
38.53779400000349,-0.509728193283081,0.8461705446243286,0.04384727030992508,-0.06747037917375565,0.04332830756902695,0.27726587653160095,0.9574414491653442
38.5420504000067,-0.5101512670516968,0.8461233377456665,0.04372769966721535,-0.06738384068012238,0.042630117386579514,0.2775633633136749,0.9573926329612732
38.54613950000203,-0.5105839967727661,0.8461378216743469,0.04366112872958183,-0.06779919564723969,0.04188694804906845,0.2779301106929779,0.9572896957397461
38.55037430000084,-0.5109657049179077,0.8461387157440186,0.04357978701591492,-0.06787052750587463,0.041688431054353714,0.2779645323753357,0.9572833776473999
38.55454310000641,-0.5113601088523865,0.8461222648620605,0.04350021108984947,-0.0674319788813591,0.04143792763352394,0.2776346206665039,0.9574210047721863
38.558711200006655,-0.5117394328117371,0.8460981249809265,0.04342787712812424,-0.06723817437887192,0.04107849299907684,0.27726832032203674,0.9575561881065369
38.56267200000002,-0.5120863914489746,0.8460649847984314,0.04336254298686981,-0.06737833470106125,0.04092653840780258,0.27729135751724243,0.9575461745262146
38.566147000005,-0.5124237537384033,0.8460683822631836,0.04332355782389641,-0.06739190220832825,0.04104463383555412,0.27732446789741516,0.9575306177139282
38.569515200011665,-0.5127977132797241,0.8460316061973572,0.04321366176009178,-0.06775613129138947,0.04087306186556816,0.27737629413604736,0.9574971795082092
38.57355070000631,-0.5131542682647705,0.8460466265678406,0.043107133358716965,-0.06773855537176132,0.04014015197753906,0.27786529064178467,0.9573876857757568
38.57778550000512,-0.5134732723236084,0.8460589051246643,0.04301748797297478,-0.06790085136890411,0.040049344301223755,0.27755776047706604,0.9574692249298096
38.58179330000712,-0.5138314366340637,0.8461129665374756,0.042905230075120926,-0.06698045879602432,0.03996181860566139,0.2761908769607544,0.9579327702522278
38.58637400000589,-0.5141236186027527,0.8461055755615234,0.042823150753974915,-0.06709317862987518,0.039714742451906204,0.27605491876602173,0.957974374294281
38.59188180000638,-0.5144223570823669,0.8461353182792664,0.042739976197481155,-0.067826047539711,0.03937894478440285,0.2764293849468231,0.95782870054245
38.59529300000577,-0.5146991014480591,0.8461800217628479,0.0426826998591423,-0.06806401163339615,0.039073195308446884,0.2758743166923523,0.9579843282699585
38.5988331999979,-0.5150094032287598,0.8462256789207458,0.0426199845969677,-0.06830070912837982,0.03875260055065155,0.2761619985103607,0.9578976035118103
38.60272220001207,-0.515300452709198,0.8462715744972229,0.04249931126832962,-0.06873069703578949,0.03824465349316597,0.2762264907360077,0.9578686952590942
38.607005600002594,-0.5155560970306396,0.8462992310523987,0.042408574372529984,-0.06831112504005432,0.03835335373878479,0.27542248368263245,0.9581258296966553
38.61098570001195,-0.5158576965332031,0.8462911248207092,0.04226481169462204,-0.06817332655191422,0.039038870483636856,0.27435430884361267,0.9584143757820129
38.615553499999805,-0.5160999894142151,0.8463013768196106,0.04218174144625664,-0.06807488203048706,0.03856729716062546,0.27459776401519775,0.9583708047866821
38.61931770000956,-0.5163281559944153,0.846335232257843,0.042110711336135864,-0.06822334975004196,0.038356173783540726,0.27487561106681824,0.9582890272140503
38.623364400002174,-0.5165639519691467,0.84637451171875,0.04203644022345543,-0.0685182586312294,0.037815339863300323,0.27484291791915894,0.9582988619804382
38.62771040000371,-0.5167884826660156,0.8464213609695435,0.0419631227850914,-0.06873801350593567,0.037549588829278946,0.27498382329940796,0.9582530856132507
38.63194230000954,-0.5170680284500122,0.8465057015419006,0.041871484369039536,-0.06842593103647232,0.03754550218582153,0.2752513289451599,0.9581987857818604
38.63619489999837,-0.5172958970069885,0.8465666770935059,0.04179789870977402,-0.06907882541418076,0.037118129432201385,0.2754020690917969,0.9581253528594971
38.640507500007516,-0.5175227522850037,0.8465943336486816,0.041685666888952255,-0.06923288106918335,0.03721167892217636,0.2754110097885132,0.9581079483032227
38.6442517000105,-0.5177218914031982,0.846625030040741,0.041623737663030624,-0.06932871788740158,0.03694908693432808,0.2751830816268921,0.9581766724586487
38.64864080000552,-0.5179142355918884,0.846670925617218,0.04157007485628128,-0.0696006789803505,0.036880820989608765,0.2748998701572418,0.9582408666610718
38.6525832000043,-0.5180821418762207,0.8466848731040955,0.041502632200717926,-0.06979437917470932,0.03687378391623497,0.2748750150203705,0.9582341909408569
38.657015300006606,-0.5182456374168396,0.8467074632644653,0.041439492255449295,-0.06994349509477615,0.03664266690611839,0.27478256821632385,0.9582586884498596
38.660967400006484,-0.518413782119751,0.8467315435409546,0.041369661688804626,-0.06999864429235458,0.03654337301850319,0.27460137009620667,0.9583104848861694
38.66589980000572,-0.5185943841934204,0.8467645049095154,0.041292704641819,-0.07033505290746689,0.036103371530771255,0.27431631088256836,0.9583841562271118
38.670333500005654,-0.5187505483627319,0.8467778563499451,0.04122160002589226,-0.07053288072347641,0.035954516381025314,0.27464839816093445,0.9582800269126892
38.67364350000571,-0.5189356207847595,0.8467844128608704,0.041114870458841324,-0.07070551067590714,0.03676228225231171,0.27483460307121277,0.9581832885742188
38.67773210001178,-0.5190930366516113,0.8467962741851807,0.04105512052774429,-0.07074233144521713,0.03672672435641289,0.2748212218284607,0.9581857919692993
38.681784800006426,-0.5192955136299133,0.8467970490455627,0.04094621539115906,-0.07039814442396164,0.0365014411509037,0.2751091718673706,0.9581370949745178
38.6859043000004,-0.5194395184516907,0.8468106985092163,0.04087066650390625,-0.0705060213804245,0.0366433821618557,0.2750888764858246,0.9581295251846313
38.690020599999116,-0.5195584297180176,0.8468225002288818,0.04079533740878105,-0.07064112275838852,0.036591172218322754,0.27506235241889954,0.9581292271614075
38.69452180000371,-0.5196825861930847,0.8468258380889893,0.04073115065693855,-0.07068983465433121,0.03650062158703804,0.275015264749527,0.9581426382064819
38.700194400007604,-0.5198147296905518,0.8468432426452637,0.040679238736629486,-0.0708676278591156,0.03617808595299721,0.2750629484653473,0.9581279754638672
38.70399790001102,-0.5199277400970459,0.8468459248542786,0.04061495140194893,-0.07088843733072281,0.03596850484609604,0.2750667929649353,0.9581332802772522
38.70745800000441,-0.5200402736663818,0.8468339443206787,0.040546827018260956,-0.07092930376529694,0.03582495450973511,0.27498969435691833,0.9581577777862549
38.71128440000757,-0.5201932787895203,0.846831738948822,0.04046217352151871,-0.07130825519561768,0.035411983728408813,0.27563178539276123,0.9579604864120483
38.715093999999226,-0.5202928781509399,0.8468216061592102,0.040398743003606796,-0.0714576467871666,0.03523971140384674,0.27580419182777405,0.9579061269760132
38.719538300007116,-0.5203835964202881,0.8468112945556641,0.04033644497394562,-0.07146777212619781,0.03518166393041611,0.27584850788116455,0.9578947424888611
38.72546349999902,-0.5204760432243347,0.8468124866485596,0.04027571156620979,-0.07187236100435257,0.03497704863548279,0.2760622501373291,0.9578102827072144
38.72943900000246,-0.5205720663070679,0.8467819094657898,0.04021148756146431,-0.07151409238576889,0.03516654297709465,0.2761884927749634,0.9577937722206116
38.73362680000719,-0.5206604599952698,0.846770703792572,0.0401533879339695,-0.07159341871738434,0.035057537257671356,0.276333749294281,0.9577499628067017
38.73766500000784,-0.5207411050796509,0.8467410802841187,0.040090642869472504,-0.07142973691225052,0.03505993261933327,0.2763972282409668,0.9577438235282898
38.74112820001028,-0.520824670791626,0.8467010259628296,0.040006641298532486,-0.07129181921482086,0.03494471684098244,0.27662190794944763,0.9576933979988098
38.7446048999991,-0.5209090709686279,0.8467010855674744,0.03994357958436012,-0.07065902650356293,0.03525729104876518,0.27615001797676086,0.9578649997711182
38.748408300001756,-0.520972490310669,0.8466798663139343,0.0399010144174099,-0.07061959058046341,0.03527003526687622,0.2761458456516266,0.9578686952590942
38.75247659999877,-0.5210434794425964,0.8466336131095886,0.03980616480112076,-0.07071778178215027,0.03552522137761116,0.2757321000099182,0.9579712152481079
38.756907000002684,-0.5211073756217957,0.8466183543205261,0.03974270075559616,-0.07083509117364883,0.03524206951260567,0.27579665184020996,0.957954466342926
38.761005200009095,-0.5211464166641235,0.8465932607650757,0.039689548313617706,-0.07091403752565384,0.03524148091673851,0.27599138021469116,0.9578925371170044
38.76504680000653,-0.5211820602416992,0.8465773463249207,0.0396498441696167,-0.07091805338859558,0.03518135845661163,0.2760191559791565,0.9578863978385925
38.76925900000788,-0.5212104320526123,0.8465590476989746,0.0395917184650898,-0.07084297388792038,0.03509298339486122,0.2758829891681671,0.9579344391822815
38.7736189999996,-0.5212328433990479,0.8465437889099121,0.039543088525533676,-0.07083825021982193,0.035072751343250275,0.2757100760936737,0.9579853415489197
38.77749430001131,-0.5212555527687073,0.8465386033058167,0.039487700909376144,-0.07105793803930283,0.034872934222221375,0.27581891417503357,0.9579450488090515
38.78180190001149,-0.5212735533714294,0.8465249538421631,0.039439477026462555,-0.07092852890491486,0.0348309762775898,0.2757638692855835,0.95797199010849
38.78593759999785,-0.5212869048118591,0.8465175628662109,0.03938627988100052,-0.07105131447315216,0.034821122884750366,0.27576789259910583,0.9579620361328125
38.79011339999852,-0.5212936401367188,0.8465092778205872,0.03934093937277794,-0.07104980200529099,0.03476337715983391,0.2756046652793884,0.958011269569397
38.79421910000383,-0.5213037133216858,0.8465064167976379,0.03929075598716736,-0.071052186191082,0.034704361110925674,0.27561578154563904,0.9580100178718567
38.79828329999873,-0.5213069319725037,0.8465032577514648,0.03923697769641876,-0.0712478831410408,0.034663133323192596,0.2755963206291199,0.9580026268959045
38.80257929999789,-0.5213059186935425,0.8464964032173157,0.03918289765715599,-0.07135111838579178,0.034648776054382324,0.27544060349464417,0.9580402374267578
38.80661189999955,-0.521324634552002,0.8464804291725159,0.03912980109453201,-0.07119487971067429,0.03423437848687172,0.2754388451576233,0.9580671787261963
38.81100840000727,-0.5213304162025452,0.8464727401733398,0.039089884608983994,-0.0712038055062294,0.03420710563659668,0.27550625801086426,0.9580481052398682
38.81512900000962,-0.5213328003883362,0.8464627861976624,0.039041005074977875,-0.0712469294667244,0.0341675840318203,0.27555397152900696,0.9580326080322266
38.820115800001076,-0.5213412642478943,0.8464525938034058,0.038999173790216446,-0.07118070870637894,0.03413093090057373,0.27548253536224365,0.9580593705177307
38.82367199999862,-0.5213392972946167,0.8464553356170654,0.038948237895965576,-0.07158592343330383,0.03411257266998291,0.2756657898426056,0.9579771161079407
38.82780389999971,-0.5213410258293152,0.8464360237121582,0.03890988230705261,-0.07177074998617172,0.034008558839559555,0.2758881449699402,0.9579029679298401
38.8328104000102,-0.521354079246521,0.8463994264602661,0.03887789696455002,-0.07133694738149643,0.03393169492483139,0.2759131193161011,0.9579309225082397
38.836972500008414,-0.5213534235954285,0.8463922739028931,0.03882966935634613,-0.0718296468257904,0.03385947644710541,0.27624860405921936,0.957800030708313
38.84041889999935,-0.5213562846183777,0.8463485240936279,0.03880412504076958,-0.07134408503770828,0.03388049453496933,0.27617472410202026,0.9578567743301392
38.84430750001047,-0.5213598012924194,0.8463253974914551,0.03876940533518791,-0.07129461318254471,0.0338272862136364,0.2762952148914337,0.9578276872634888
38.84850720000395,-0.521360456943512,0.8462995290756226,0.038740985095500946,-0.07124898582696915,0.03381231054663658,0.2764229476451874,0.9577946662902832
38.852687300008256,-0.5213534235954285,0.8462804555892944,0.038712240755558014,-0.07102705538272858,0.03386155143380165,0.2765175402164459,0.9577822089195251
38.856900400001905,-0.5213461518287659,0.8462539911270142,0.03868415579199791,-0.07109274715185165,0.03378516435623169,0.2765491306781769,0.957770824432373
38.86100580000493,-0.5213321447372437,0.8462340235710144,0.038665711879730225,-0.0709119513630867,0.033858779817819595,0.27641981840133667,0.9578189253807068
38.865651200001594,-0.521312952041626,0.846206784248352,0.038645997643470764,-0.07085124403238297,0.03391234576702118,0.27640777826309204,0.9578250646591187
38.86929539999983,-0.5212981700897217,0.8461887836456299,0.03862772881984711,-0.07082628458738327,0.034012243151664734,0.27638348937034607,0.9578304290771484
38.873492600003374,-0.5212761163711548,0.846165657043457,0.03861519321799278,-0.0707794576883316,0.034020841121673584,0.2765503525733948,0.9577853679656982
38.87797620000492,-0.5212588906288147,0.8461174368858337,0.03858892619609833,-0.0710596889257431,0.034005727618932724,0.27691781520843506,0.9576589465141296
38.88201100000879,-0.5212334394454956,0.8460891842842102,0.038583435118198395,-0.0710250660777092,0.03402000665664673,0.27690330147743225,0.957665205001831
38.886309200010146,-0.5211967825889587,0.8460355401039124,0.038576312363147736,-0.07156869769096375,0.03384014591574669,0.27775076031684875,0.9573857188224792
38.890193900006125,-0.5211580991744995,0.8460124731063843,0.03856108710169792,-0.0713731050491333,0.03409590944647789,0.2777055501937866,0.9574043154716492
38.89431840000907,-0.5211240649223328,0.8459654450416565,0.03854771703481674,-0.0710059180855751,0.03420780599117279,0.27763670682907104,0.9574475884437561
38.8989728000015,-0.5210902094841003,0.8459323644638062,0.03853863477706909,-0.07097747921943665,0.03426654264330864,0.2776404619216919,0.9574464559555054
38.902585700008785,-0.5210601091384888,0.8458988070487976,0.038524869829416275,-0.07111446559429169,0.03417961299419403,0.27787038683891296,0.9573727250099182
38.906923300004564,-0.5210263729095459,0.8458663821220398,0.03852004185318947,-0.07113484293222427,0.03431037813425064,0.27784931659698486,0.9573727250099182
38.91100420001021,-0.5209941267967224,0.8458349704742432,0.038511723279953,-0.07109267264604568,0.034399501979351044,0.27792102098464966,0.9573518633842468
38.91507200000342,-0.520962655544281,0.8458104133605957,0.03851388767361641,-0.07101957499980927,0.034375645220279694,0.27793028950691223,0.9573553800582886
38.919255800006795,-0.5208892822265625,0.8457916378974915,0.03850799798965454,-0.07080578058958054,0.03516445308923721,0.27744343876838684,0.9574837684631348
38.92333530000178,-0.5208508968353271,0.8457646369934082,0.03850910812616348,-0.07086831331253052,0.03521718084812164,0.27750158309936523,0.957460343837738
38.92784180000308,-0.5208109021186829,0.8457363843917847,0.038508348166942596,-0.07074286043643951,0.03550927713513374,0.27740272879600525,0.9574874639511108
38.93189400000847,-0.5207732915878296,0.8457183837890625,0.03851648047566414,-0.07072308659553528,0.035573072731494904,0.27745652198791504,0.9574709534645081
38.9359206000081,-0.5207133889198303,0.8457006216049194,0.03854928910732269,-0.07052432000637054,0.03568311780691147,0.2774186432361603,0.9574925899505615
38.94031600000744,-0.5206636190414429,0.845678448677063,0.03857076168060303,-0.07047706842422485,0.03577297925949097,0.2774178087711334,0.9574929475784302
38.94421260000672,-0.5206053853034973,0.8456550240516663,0.03857571631669998,-0.07008884102106094,0.03599590063095093,0.27747082710266113,0.9574976563453674
38.94830780000484,-0.5205393433570862,0.8456258773803711,0.03859579935669899,-0.07009577751159668,0.03594408556818962,0.27761390805244446,0.9574577212333679
38.95226200000616,-0.5204748511314392,0.8455947041511536,0.038618844002485275,-0.0703146904706955,0.03593030571937561,0.27791523933410645,0.957354724407196
38.95652130000235,-0.5204150676727295,0.8455813527107239,0.03865861892700195,-0.06977294385433197,0.03625405952334404,0.2773759663105011,0.9575384855270386
38.96083219999855,-0.5203461647033691,0.8455482125282288,0.03867504000663757,-0.06981612741947174,0.03630530461668968,0.2775273025035858,0.957489550113678
38.96486680000089,-0.5202761292457581,0.8454887270927429,0.03868814557790756,-0.06919245421886444,0.036423906683921814,0.2776239514350891,0.9575023055076599
38.96926870000607,-0.5201987028121948,0.8454453349113464,0.03870359808206558,-0.06918816268444061,0.036460813134908676,0.2773604094982147,0.957577645778656
38.97338039999886,-0.5201132893562317,0.8454131484031677,0.038722578436136246,-0.06923509389162064,0.03642603009939194,0.2775149643421173,0.9575307369232178
38.97768160000851,-0.5200220942497253,0.8453655242919922,0.0387546643614769,-0.06929560005664825,0.03622619807720184,0.27701428532600403,0.9576789736747742
38.981816600004095,-0.5199194550514221,0.8453367352485657,0.038799818605184555,-0.06955642253160477,0.03609822690486908,0.2771599292755127,0.957622766494751
38.986006100007216,-0.5198308229446411,0.845302402973175,0.03883173689246178,-0.06950158625841141,0.036087989807128906,0.2768620550632477,0.9577133059501648
38.990374700006214,-0.5197389721870422,0.8452731370925903,0.03886735066771507,-0.0697321966290474,0.03604762628674507,0.2769220173358917,0.9576806426048279
38.99467280000681,-0.5196434259414673,0.8452416062355042,0.03890394791960716,-0.06980233639478683,0.03607241064310074,0.2768513262271881,0.9576950669288635
38.998462300005485,-0.5195500254631042,0.8452160358428955,0.03893960267305374,-0.06993771344423294,0.03607359901070595,0.27675268054008484,0.9577136635780334
39.00272450000921,-0.5194439888000488,0.8451810479164124,0.03897814452648163,-0.0697617307305336,0.03617982938885689,0.276110976934433,0.9579077363014221
39.00678190001054,-0.5193459987640381,0.8451566696166992,0.03901701420545578,-0.06963861733675003,0.036198996007442474,0.27609142661094666,0.95792156457901
39.010937800005195,-0.519231379032135,0.8451312184333801,0.03906439244747162,-0.06982552260160446,0.036745015531778336,0.27580761909484863,0.9579688906669617
39.015401500000735,-0.5191107988357544,0.8450722098350525,0.03909123316407204,-0.06950738281011581,0.036856845021247864,0.2752177119255066,0.9581573009490967
39.01978529999906,-0.5190030932426453,0.8450388312339783,0.03912196308374405,-0.06926259398460388,0.03709530830383301,0.27547308802604675,0.9580925703048706
39.023648300004425,-0.5188825130462646,0.8450070023536682,0.039182692766189575,-0.06911616027355194,0.03772193565964699,0.2755400240421295,0.9580593705177307
39.027645699999994,-0.5187604427337646,0.8449483513832092,0.03920619562268257,-0.06910694390535355,0.03782767429947853,0.27619072794914246,0.9578685164451599
39.03184590001183,-0.5186487436294556,0.8449049592018127,0.0392632782459259,-0.0688568651676178,0.03778911381959915,0.27564361691474915,0.9580456018447876
39.036014900004375,-0.5185452103614807,0.8448582291603088,0.03930873051285744,-0.0685160905122757,0.03798668459057808,0.2756284475326538,0.9580665230751038
39.040110100002494,-0.5184374451637268,0.8448194861412048,0.03933513164520264,-0.06858578324317932,0.03811304271221161,0.2754270136356354,0.9581145644187927
39.044709300011164,-0.5183278322219849,0.8447802662849426,0.039380382746458054,-0.06850030273199081,0.03804488852620125,0.2755663990974426,0.9580832123756409
39.048717400000896,-0.5182111263275146,0.8447579145431519,0.03943699970841408,-0.06869082897901535,0.03810157999396324,0.27595147490501404,0.9579565525054932
39.0526772000012,-0.5180944204330444,0.8447278141975403,0.03949720785021782,-0.06835537403821945,0.038019903004169464,0.2758815288543701,0.9580039381980896
39.05687980000221,-0.5179710388183594,0.8446996212005615,0.03954075276851654,-0.06846200674772263,0.03799387067556381,0.27602580189704895,0.9579557776451111
39.06123010000738,-0.5178545713424683,0.8446801900863647,0.03959188982844353,-0.06854982674121857,0.0379256047308445,0.27614524960517883,0.9579178094863892
39.066181900008814,-0.5177322030067444,0.8446592688560486,0.03963671997189522,-0.06862081587314606,0.037944115698337555,0.2762845456600189,0.9578717947006226
39.06961880000017,-0.5175805687904358,0.8446434736251831,0.03970392048358917,-0.0688348338007927,0.03818787634372711,0.27617383003234863,0.9578786492347717
39.07411359999969,-0.5174468159675598,0.8446061611175537,0.039757419377565384,-0.06914303451776505,0.03822300583124161,0.2766202688217163,0.957726240158081
39.07831080000324,-0.5172986388206482,0.8445647954940796,0.03981343284249306,-0.06903666257858276,0.03816252201795578,0.27613580226898193,0.9578761458396912
39.08185940000112,-0.5172986388206482,0.8445647954940796,0.03981343284249306,-0.06903666257858276,0.03816252201795578,0.27613580226898193,0.9578761458396912
39.086146900008316,-0.5170141458511353,0.8444846272468567,0.03994238004088402,-0.06861276179552078,0.03898539021611214,0.27637872099876404,0.9578033089637756
39.09019519999856,-0.5168666839599609,0.8444313406944275,0.03998652100563049,-0.0682448223233223,0.03939489275217056,0.27629807591438293,0.9578362107276917
39.094441100009135,-0.5167253613471985,0.844399094581604,0.040061354637145996,-0.06843578070402145,0.038846809417009354,0.27725541591644287,0.9575682282447815
39.0987146999978,-0.5165840983390808,0.8443583846092224,0.04011131450533867,-0.06832342594861984,0.038912367075681686,0.27728506922721863,0.9575650691986084
39.10259049999877,-0.5164357423782349,0.8443068861961365,0.040163736790418625,-0.06850093603134155,0.03878176212310791,0.2776150107383728,0.9574620127677917
39.10690300000715,-0.5162706971168518,0.8442344665527344,0.04021133482456207,-0.06858289986848831,0.03861687704920769,0.2777681052684784,0.9574183821678162
39.110974000010174,-0.5161036849021912,0.844182550907135,0.040266212075948715,-0.06869016587734222,0.03843987360596657,0.278055340051651,0.9573344588279724
39.11519810000027,-0.5159267783164978,0.8441329002380371,0.04031001776456833,-0.0693037286400795,0.038765814155340195,0.2781016230583191,0.957263708114624
39.119326200001524,-0.5157706141471863,0.8440721035003662,0.04035525396466255,-0.06949036568403244,0.03866908326745033,0.2783970832824707,0.9571681022644043
39.123382300007506,-0.5156111121177673,0.8440030813217163,0.04042515531182289,-0.06938870251178741,0.0386846624314785,0.27826106548309326,0.9572144150733948
39.12744890000613,-0.5154550671577454,0.8439506888389587,0.04047570377588272,-0.06918211281299591,0.03878774866461754,0.27841755747795105,0.9571797251701355
39.13161740000942,-0.5152949094772339,0.8438721299171448,0.04055129364132881,-0.06874246895313263,0.03922450542449951,0.2785654664039612,0.9571506381034851
39.1357704000111,-0.5151036381721497,0.8438113331794739,0.04061494395136833,-0.0680297464132309,0.03940402716398239,0.2778297960758209,0.9574078917503357
39.14019710000139,-0.5149513483047485,0.8437614440917969,0.04066086560487747,-0.06784258782863617,0.03958119824528694,0.2778182327747345,0.9574173092842102
39.144264100003056,-0.5148012638092041,0.8437036871910095,0.040711596608161926,-0.06771611422300339,0.03973265364766121,0.2776455283164978,0.9574699997901917
39.148466099999496,-0.5146234631538391,0.8436527848243713,0.04077395051717758,-0.06755886226892471,0.039936330169439316,0.2777940034866333,0.9574296474456787
39.15244150000217,-0.5144690871238708,0.8435952663421631,0.04082835465669632,-0.0675898939371109,0.039957933127880096,0.2781262993812561,0.9573299884796143
39.15680019999854,-0.514281690120697,0.8435500264167786,0.040899015963077545,-0.06793508678674698,0.040286675095558167,0.2782113254070282,0.9572671055793762
39.16099070000928,-0.5141025185585022,0.8434708118438721,0.04096594080328941,-0.06838516145944595,0.04003746435046196,0.2789632976055145,0.9570266008377075
39.16515010000148,-0.5139243006706238,0.8434107899665833,0.041009556502103806,-0.067863829433918,0.04033549875020981,0.278129518032074,0.9572938680648804
39.169518200011225,-0.5137483477592468,0.843352198600769,0.041065189987421036,-0.06735394150018692,0.04047257825732231,0.2781655788421631,0.957313597202301
39.173426800000016,-0.513554573059082,0.843268096446991,0.04111279547214508,-0.06683565676212311,0.04099688306450844,0.27782851457595825,0.9574254751205444
39.17767650001042,-0.5133689641952515,0.843207597732544,0.041163694113492966,-0.06681163609027863,0.041185494512319565,0.27726849913597107,0.9575814604759216
39.18239349999931,-0.5131744146347046,0.8431472182273865,0.041203826665878296,-0.0672643780708313,0.04136810451745987,0.2784217596054077,0.957207202911377
39.186308500007726,-0.5129911303520203,0.8430858254432678,0.04125957563519478,-0.06699305027723312,0.04144231230020523,0.27806729078292847,0.9573260545730591
39.19045300000289,-0.5128111839294434,0.8430541753768921,0.04134264588356018,-0.06740817427635193,0.041667088866233826,0.2784416377544403,0.9571782946586609
39.19419470000139,-0.5126193761825562,0.8430161476135254,0.04140150547027588,-0.0676787719130516,0.0421145036816597,0.278751015663147,0.957049548625946
39.1982571999979,-0.5124497413635254,0.842960774898529,0.0414479561150074,-0.06771731376647949,0.0422358475625515,0.27849075198173523,0.9571173191070557
39.20268670000951,-0.5122773051261902,0.8429234623908997,0.04152613505721092,-0.06749830394983292,0.042153239250183105,0.2782860994338989,0.9571958780288696
39.20702010000241,-0.5121029615402222,0.8428829908370972,0.04158952459692955,-0.06684686988592148,0.0415615513920784,0.27855902910232544,0.9571881294250488
39.21150330000091,-0.5119275450706482,0.8428047299385071,0.04166608676314354,-0.06651782989501953,0.04151994735002518,0.27857083082199097,0.9572094082832336
39.21518270000524,-0.5117533802986145,0.8427312970161438,0.04170631989836693,-0.06647065281867981,0.04171572998166084,0.27877309918403625,0.9571452140808105
39.219356600005995,-0.5115792155265808,0.8426392674446106,0.04178312048316002,-0.06621092557907104,0.04172123223543167,0.2784430980682373,0.9572591185569763
39.22346540000581,-0.5114154815673828,0.8425670862197876,0.04182981327176094,-0.06616197526454926,0.041766032576560974,0.27872028946876526,0.9571797847747803
39.2276564000058,-0.5112514495849609,0.8424944877624512,0.041876330971717834,-0.06576509773731232,0.04187076538801193,0.2787225842475891,0.9572018980979919
39.23255130001053,-0.5110675096511841,0.8423935770988464,0.04192357510328293,-0.06603418290615082,0.04180954396724701,0.27931687235832214,0.9570128321647644
39.236218700010795,-0.5108946561813354,0.8423253297805786,0.04200627654790878,-0.06632842123508453,0.04216231405735016,0.2797676622867584,0.9568454027175903
39.24031839999952,-0.5107306241989136,0.8422580361366272,0.04206821322441101,-0.0660555511713028,0.042179714888334274,0.2792503237724304,0.9570145010948181
39.24440799999866,-0.5105929970741272,0.8421990275382996,0.04212956503033638,-0.06583596765995026,0.04226231575012207,0.2791479527950287,0.9570558667182922
39.248558799998136,-0.5104219317436218,0.842134952545166,0.04221796989440918,-0.06608819216489792,0.04200822860002518,0.2796407639980316,0.9569058418273926
39.2527720000071,-0.5102664828300476,0.8420612215995789,0.04229821264743805,-0.06564128398895264,0.04230908676981926,0.2796105444431305,0.9569321870803833
39.256767099999706,-0.5101123452186584,0.841995120048523,0.04236375913023949,-0.06558308005332947,0.042312901467084885,0.27951300144195557,0.9569644927978516
39.261026899999706,-0.5099508762359619,0.8419226408004761,0.0424494668841362,-0.06558160483837128,0.0425289124250412,0.2798638343811035,0.9568524956703186
39.26559700000507,-0.5098065137863159,0.8418595790863037,0.04252117872238159,-0.06556886434555054,0.04262188822031021,0.279844731092453,0.9568547606468201
39.26925520000805,-0.5096655488014221,0.8417972326278687,0.0425906777381897,-0.065550297498703,0.04274692013859749,0.27995556592941284,0.9568181037902832
39.2735071000061,-0.5095265507698059,0.8417421579360962,0.04265442490577698,-0.06533390283584595,0.04287553206086159,0.28006789088249207,0.9567942023277283
39.27771190000931,-0.5093445181846619,0.8417004346847534,0.04274587333202362,-0.0657871812582016,0.04332667216658592,0.280690997838974,0.9565601944923401
39.28169250000792,-0.5092169046401978,0.8416191339492798,0.042813967913389206,-0.06563341617584229,0.04333733022212982,0.2811010181903839,0.9564499258995056
39.28610009999829,-0.5090713500976562,0.8415550589561462,0.04287951812148094,-0.06552097201347351,0.04345093294978142,0.2812883257865906,0.9563973546028137
39.290236200002255,-0.5089332461357117,0.8415062427520752,0.04294624552130699,-0.06562674045562744,0.043622132390737534,0.2817941904067993,0.9562333822250366
39.29473069999949,-0.508805513381958,0.8414491415023804,0.04300622269511223,-0.06508435308933258,0.0438685417175293,0.2815605700016022,0.9563279747962952
39.298738800003775,-0.5086497664451599,0.8413930535316467,0.04308459535241127,-0.06464547663927078,0.04362860694527626,0.2807631194591522,0.9566031694412231
39.30286930000875,-0.5085244178771973,0.8413599729537964,0.04316156730055809,-0.06508778780698776,0.04368908703327179,0.2810344994068146,0.956490695476532
39.30686960001185,-0.5083836913108826,0.8413273096084595,0.04322870820760727,-0.06470717489719391,0.044072382152080536,0.2802446782588959,0.9567306637763977
39.311177399998996,-0.5082622170448303,0.8412718176841736,0.04329527169466019,-0.06429348140954971,0.0443851500749588,0.2796327471733093,0.9569231271743774
39.31524300000456,-0.508147656917572,0.841232419013977,0.0433524064719677,-0.06410229206085205,0.04442334920167923,0.2793532609939575,0.9570158123970032
39.31916780000029,-0.5080252289772034,0.8411785364151001,0.04340286925435066,-0.06451898068189621,0.04441044479608536,0.27986404299736023,0.9568391442298889
39.32338560000062,-0.507905900478363,0.8411559462547302,0.043494440615177155,-0.06445187330245972,0.04381526634097099,0.28069114685058594,0.9566287994384766
39.327688600009424,-0.5077645182609558,0.8411204218864441,0.04358764365315437,-0.0648866593837738,0.04393425211310387,0.2812558710575104,0.9564281105995178
39.3317495000083,-0.507656991481781,0.841077983379364,0.043651141226291656,-0.06493082642555237,0.04404468461871147,0.28111860156059265,0.9564603567123413
39.33598920000077,-0.507561206817627,0.8410277962684631,0.043717700988054276,-0.06504504382610321,0.04407833144068718,0.2814449071884155,0.9563551545143127
39.340269500011345,-0.507469654083252,0.8409839272499084,0.04378470033407211,-0.06508287042379379,0.04415321722626686,0.2814536988735199,0.9563464522361755
39.34469880000688,-0.5073599815368652,0.8409346342086792,0.04385494440793991,-0.06488897651433945,0.044432297348976135,0.28125080466270447,0.9564064145088196
39.34903270000359,-0.5072757005691528,0.8408877849578857,0.0439174510538578,-0.0647706538438797,0.044540416449308395,0.28119009733200073,0.9564272165298462
39.35270699999819,-0.507188618183136,0.8408175110816956,0.044013477861881256,-0.06473618745803833,0.044579632580280304,0.28076282143592834,0.9565532207489014
39.356872200005455,-0.5071055293083191,0.8407740592956543,0.04410356283187866,-0.06472276896238327,0.04434389993548393,0.28084129095077515,0.9565420746803284
39.36083080001117,-0.5070110559463501,0.8407375812530518,0.04418407753109932,-0.06462516635656357,0.04460972175002098,0.28097549080848694,0.9564968943595886
39.365119100009906,-0.5069313645362854,0.8406893014907837,0.04428604245185852,-0.06465936452150345,0.04465034604072571,0.2813197672367096,0.9563915729522705
39.3696018000046,-0.506845235824585,0.8406399488449097,0.04437440261244774,-0.06439821422100067,0.044812384992837906,0.281512975692749,0.9563446640968323
39.37356890000228,-0.506767749786377,0.8406023383140564,0.044457536190748215,-0.06429346650838852,0.04484162852168083,0.2815578877925873,0.9563371539115906
39.37859940000635,-0.5066902041435242,0.8405613303184509,0.044543810188770294,-0.06404893845319748,0.04496929049491882,0.2815757095813751,0.9563422799110413
39.38189710000006,-0.5065985321998596,0.840528130531311,0.04463530331850052,-0.06393095850944519,0.045302413403987885,0.28154218196868896,0.9563443660736084
39.38619590000599,-0.506521999835968,0.8404958844184875,0.04471629485487938,-0.06384057551622391,0.04538737237453461,0.2815520465373993,0.9563434720039368
39.390226600007736,-0.5064185261726379,0.8404527902603149,0.04481636732816696,-0.06384682655334473,0.04534706845879555,0.2811945378780365,0.9564502239227295
39.39422780000314,-0.5063428282737732,0.8404186964035034,0.04489213228225708,-0.0636797621846199,0.04557066783308983,0.28113168478012085,0.9564691185951233
39.39859520000755,-0.5062587857246399,0.8403803110122681,0.04498254507780075,-0.06356730312108994,0.04558391869068146,0.28091681003570557,0.9565390944480896
39.40362520000781,-0.5061856508255005,0.840336263179779,0.045048777014017105,-0.06345020979642868,0.0457303449511528,0.28072312474250793,0.9565967321395874
39.40829880000092,-0.5061160326004028,0.8402948379516602,0.04511156678199768,-0.06355082243680954,0.04583312198519707,0.2807494103908539,0.9565774202346802
39.41198879999865,-0.5060506463050842,0.8402518033981323,0.04518137127161026,-0.06375301629304886,0.045866310596466064,0.28082579374313354,0.9565399885177612
39.41544620000059,-0.5059685707092285,0.8402455449104309,0.04528120532631874,-0.06357458233833313,0.04632510617375374,0.28027719259262085,0.9566906690597534
39.41889300000912,-0.5059685707092285,0.8402455449104309,0.04528120532631874,-0.06357458233833313,0.04632510617375374,0.28027719259262085,0.9566906690597534
39.42321439999796,-0.5058464407920837,0.8401476144790649,0.045439623296260834,-0.06411194056272507,0.04598017409443855,0.2810788154602051,0.9564361572265625
39.42785750000621,-0.5057888627052307,0.840104877948761,0.04551329463720322,-0.06422605365514755,0.04588328301906586,0.2812625765800476,0.956379234790802
39.432264300005045,-0.5057321190834045,0.8400633931159973,0.045603472739458084,-0.06415985524654388,0.04596222937107086,0.28131240606307983,0.956365168094635
39.436111900009564,-0.5056723356246948,0.8400116562843323,0.04569729045033455,-0.06375150382518768,0.045976750552654266,0.2813156247138977,0.9563907980918884
39.44028629999957,-0.5056086182594299,0.8399652242660522,0.045771386474370956,-0.06342179328203201,0.04624374210834503,0.2812695801258087,0.9564133882522583
39.44419900000503,-0.5055480003356934,0.8399288058280945,0.045899808406829834,-0.06276940554380417,0.04542963206768036,0.28154608607292175,0.9564141631126404
39.448612000007415,-0.5054729580879211,0.8399010300636292,0.045972395688295364,-0.06297548115253448,0.045752570033073425,0.28175482153892517,0.9563237428665161
39.45265110000037,-0.5054145455360413,0.8398556709289551,0.04605204612016678,-0.06295919418334961,0.045828577131032944,0.2817511558532715,0.9563222527503967
39.45672060000652,-0.5053570866584778,0.8398095965385437,0.04612154886126518,-0.06285911053419113,0.0458979494869709,0.28176701068878174,0.9563208222389221
39.461142500003916,-0.505280077457428,0.8397768139839172,0.04620140418410301,-0.06288032978773117,0.045919019728899,0.2818407714366913,0.9562966227531433
39.465141300010146,-0.5052103400230408,0.839715301990509,0.04628457501530647,-0.06348943710327148,0.045923225581645966,0.28256455063819885,0.9560426473617554
39.46931179999956,-0.5051459670066833,0.8396776914596558,0.04634568467736244,-0.06345438957214355,0.046027906239032745,0.2826499938964844,0.9560146331787109
39.47335530001146,-0.5050796270370483,0.8396289348602295,0.04643843322992325,-0.0632726177573204,0.045958295464515686,0.28211888670921326,0.9561869502067566
39.4775718000019,-0.5050119161605835,0.8395848870277405,0.046520888805389404,-0.06269750744104385,0.046195000410079956,0.28169938921928406,0.956337034702301
39.481811300007394,-0.5049591064453125,0.8395509719848633,0.0465971976518631,-0.06269171833992004,0.04622364789247513,0.28180697560310364,0.9563043713569641
39.48670920000586,-0.5049006938934326,0.8395034670829773,0.04666326567530632,-0.06261926889419556,0.0464157797396183,0.2808879613876343,0.9565700888633728
39.490334000001894,-0.5048382878303528,0.8394641280174255,0.046734996140003204,-0.06212007999420166,0.04656887799501419,0.28067389130592346,0.956658124923706
39.494516600010684,-0.5047805309295654,0.8394373655319214,0.04680512472987175,-0.062105923891067505,0.046634986996650696,0.28056415915489197,0.9566879272460938
39.49843570000667,-0.5047320127487183,0.8393995761871338,0.04686718434095383,-0.06172330304980278,0.04660199210047722,0.2801622152328491,0.9568320512771606
39.50258369999938,-0.5046809315681458,0.8393729329109192,0.04694048687815666,-0.06159515678882599,0.04680176451802254,0.27981892228126526,0.9569310545921326
39.506691400005366,-0.5046092867851257,0.8393299579620361,0.047037653625011444,-0.06101213023066521,0.0470459908246994,0.27931684255599976,0.9571031332015991
39.51297979999799,-0.5045678019523621,0.8392930030822754,0.04712674766778946,-0.06076795607805252,0.04706227034330368,0.27937015891075134,0.9571022391319275
39.5191393999994,-0.5044909119606018,0.8391820192337036,0.047273650765419006,-0.059784531593322754,0.047431979328393936,0.2791392505168915,0.9572133421897888
39.523681700011366,-0.5044432878494263,0.8391354084014893,0.04736153036355972,-0.05930354818701744,0.04791291803121567,0.27907875180244446,0.9572369456291199
39.527780700009316,-0.504395604133606,0.8390786647796631,0.04744894430041313,-0.05887892097234726,0.047838058322668076,0.2786766588687897,0.9573839902877808
39.53261829999974,-0.5043640732765198,0.8390236496925354,0.04752594232559204,-0.058570727705955505,0.047878239303827286,0.27864840626716614,0.9574092030525208
39.53635990001203,-0.5043218731880188,0.8389546275138855,0.04760489612817764,-0.0580594539642334,0.048109907656908035,0.2787438631057739,0.957400918006897
39.540169400002924,-0.5042935609817505,0.8388859629631042,0.047692544758319855,-0.05776030942797661,0.048219114542007446,0.2786948084831238,0.9574277997016907
39.54466810000304,-0.5042436122894287,0.8388203978538513,0.047776296734809875,-0.05747133493423462,0.048288244754076004,0.2786148488521576,0.9574649333953857
39.548400800005766,-0.5042176246643066,0.838748037815094,0.047850314527750015,-0.05729323625564575,0.04835338518023491,0.27882057428359985,0.9574124813079834
39.55255079999915,-0.5041794776916504,0.8386918306350708,0.047914888709783554,-0.0570240281522274,0.0483989454805851,0.2787613570690155,0.9574434161186218
39.557076800003415,-0.5041490197181702,0.8386364579200745,0.04798292741179466,-0.056636154651641846,0.048304326832294464,0.2784649729728699,0.9575574994087219
39.56520310000633,-0.504081666469574,0.8385128378868103,0.048085905611515045,-0.05683096498250961,0.048150479793548584,0.2787727415561676,0.9574640989303589
39.56913810000697,-0.5040523409843445,0.8384565114974976,0.048131611198186874,-0.056768111884593964,0.048079777508974075,0.27881404757499695,0.9574593901634216
39.57326499999908,-0.504011869430542,0.8383838534355164,0.048196978867053986,-0.055777207016944885,0.04823184385895729,0.27846983075141907,0.9576101303100586
39.579537400000845,-0.5039676427841187,0.8383424282073975,0.048275817185640335,-0.055033184587955475,0.048546209931373596,0.277946799993515,0.9577893018722534
39.582946399998036,-0.5039471387863159,0.8382859230041504,0.04832841828465462,-0.05488407611846924,0.048457033932209015,0.2781340777873993,0.9577479958534241
39.587009700000635,-0.5039287805557251,0.838238000869751,0.04837443679571152,-0.05484951660037041,0.048352088779211044,0.27837222814559937,0.9576860666275024
39.59085160000541,-0.5039063692092896,0.8381785750389099,0.04843921586871147,-0.05484006926417351,0.04806845635175705,0.2779208719730377,0.9578319787979126
39.59822050000366,-0.5038683414459229,0.8380861878395081,0.04852250963449478,-0.054472457617521286,0.04801642894744873,0.27796319127082825,0.9578432440757751
39.6026114999986,-0.5038562417030334,0.8380544185638428,0.04856786131858826,-0.05440134555101395,0.048016566783189774,0.2779542803764343,0.9578498005867004
39.60687319999852,-0.5038517713546753,0.8379969596862793,0.04861971363425255,-0.05418514087796211,0.04782913625240326,0.2777331471443176,0.957935631275177
39.6109781999985,-0.5038308501243591,0.8379749655723572,0.048669103533029556,-0.05400106683373451,0.047877512872219086,0.27752912044525146,0.9580028057098389
39.61512329999823,-0.5038124918937683,0.8379495739936829,0.048713620752096176,-0.05390015244483948,0.04792332649230957,0.2772713303565979,0.9580808281898499
39.61937240000407,-0.5037847757339478,0.8379173278808594,0.04875451698899269,-0.05375561863183975,0.047949787229299545,0.2765940725803375,0.9582833051681519
39.62340989999939,-0.5037626624107361,0.8378865718841553,0.04880893602967262,-0.05354534089565277,0.04782288521528244,0.2762768268585205,0.9583929181098938
39.6278089999978,-0.5037631988525391,0.8378515839576721,0.04886499419808388,-0.053756874054670334,0.04779552295804024,0.2765825688838959,0.9582942724227905
39.63198920000286,-0.5037642121315002,0.8378077149391174,0.04891829565167427,-0.0535537488758564,0.04776117578148842,0.2763030230998993,0.9583879709243774
39.636437400011346,-0.5037708878517151,0.8377679586410522,0.04896388575434685,-0.05360236391425133,0.04777790233492851,0.2765117585659027,0.9583242535591125
39.64062040000863,-0.5037772059440613,0.8377262353897095,0.049007125198841095,-0.0535455122590065,0.04774594306945801,0.27649134397506714,0.9583348631858826
39.64424930000678,-0.5038020610809326,0.8376937508583069,0.04904485493898392,-0.053450748324394226,0.04780333861708641,0.2770017683506012,0.9581899642944336
39.64872950001154,-0.5038137435913086,0.8376515507698059,0.049083612859249115,-0.05338166281580925,0.04775017127394676,0.27719488739967346,0.9581406116485596
39.652799800009234,-0.5038245916366577,0.8376018404960632,0.04911505803465843,-0.053436871618032455,0.04769239202141762,0.27727338671684265,0.9581176042556763
39.657575600009295,-0.503835141658783,0.8375627994537354,0.049144625663757324,-0.05317908525466919,0.04765428975224495,0.27708569169044495,0.9581881761550903
39.66119460000482,-0.5038455724716187,0.8375225067138672,0.04917994141578674,-0.05306534096598625,0.04765720292925835,0.2771552801132202,0.9581742882728577
39.665102800005116,-0.503856897354126,0.8374836444854736,0.0492054745554924,-0.05304360017180443,0.04759585112333298,0.27698466181755066,0.958227813243866
39.669288400007645,-0.5038689970970154,0.8374470472335815,0.049236103892326355,-0.053023356944322586,0.04757380113005638,0.2770366370677948,0.9582149982452393
39.673251800006256,-0.5038771033287048,0.8374093174934387,0.04926518723368645,-0.05306287109851837,0.047536008059978485,0.2769600450992584,0.958236813545227
39.67758010000398,-0.5038938522338867,0.837382435798645,0.04928942397236824,-0.0529913567006588,0.04752158001065254,0.27700790762901306,0.9582276940345764
39.68177860000287,-0.5039085745811462,0.8373502492904663,0.049328822642564774,-0.052994631230831146,0.04747690632939339,0.2770847976207733,0.9582074284553528
39.68587590000243,-0.5039094686508179,0.837324321269989,0.049380406737327576,-0.052809759974479675,0.04758959263563156,0.27702224254608154,0.9582301378250122
39.6903064000071,-0.5039188861846924,0.8372945189476013,0.04943866655230522,-0.05286974459886551,0.04768999665975571,0.2765171527862549,0.9583677053451538
39.69417260000773,-0.5039315223693848,0.8372818827629089,0.04948250204324722,-0.052804794162511826,0.0475194938480854,0.2766587734222412,0.9583389163017273
39.69850949999818,-0.5039424896240234,0.8372640609741211,0.04953719675540924,-0.05266911908984184,0.047487374395132065,0.27656129002571106,0.9583761692047119
39.70259650000662,-0.5039462447166443,0.8372774720191956,0.04962479695677757,-0.05256132408976555,0.046934038400650024,0.2770538628101349,0.958267092704773
39.70663680000871,-0.5039692521095276,0.8372582197189331,0.049670133739709854,-0.052346084266901016,0.04703554883599281,0.2768392562866211,0.9583358764648438
39.71106430000509,-0.5039798021316528,0.837236762046814,0.04970865324139595,-0.052519213408231735,0.04704601690173149,0.27680209279060364,0.9583366513252258
39.715039100003196,-0.5039799809455872,0.8372117877006531,0.04975298047065735,-0.052496373653411865,0.046863507479429245,0.27650532126426697,0.9584324359893799
39.71921000001021,-0.5039903521537781,0.8371970653533936,0.04978235438466072,-0.052406612783670425,0.0468662865459919,0.27643874287605286,0.9584565162658691
39.72383400000399,-0.5039965510368347,0.8371848464012146,0.04981818422675133,-0.05243521183729172,0.0469013974070549,0.27643269300460815,0.9584549069404602
39.72779290001199,-0.504007875919342,0.837165892124176,0.04985439404845238,-0.05232784152030945,0.046926192939281464,0.2762702703475952,0.9585063457489014
39.73227860000043,-0.5040170550346375,0.8371496796607971,0.04989483579993248,-0.05242443457245827,0.04678190127015114,0.27629587054252625,0.9585007429122925
39.7358976000105,-0.5040309429168701,0.8371356129646301,0.04991981387138367,-0.05238194763660431,0.046703681349754333,0.27613288164138794,0.9585539102554321
39.740374000000884,-0.5040424466133118,0.8371222019195557,0.049969665706157684,-0.05247006565332413,0.04630446061491966,0.2766384780406952,0.9584227204322815
39.74478780000936,-0.5040498375892639,0.8370985388755798,0.04999189078807831,-0.05250052362680435,0.04619597643613815,0.27658766508102417,0.9584408402442932
39.74842780000472,-0.504061222076416,0.8370731472969055,0.05001021549105644,-0.052587274461984634,0.046091143041849136,0.27664220333099365,0.9584254026412964
39.75255299999844,-0.5040712356567383,0.8370380401611328,0.0500277504324913,-0.0526762455701828,0.04601763188838959,0.27664610743522644,0.9584230184555054
39.756590500008315,-0.5040798187255859,0.8370055556297302,0.0500459186732769,-0.052691519260406494,0.045904822647571564,0.2766426205635071,0.9584285020828247
39.76082770001085,-0.5041099786758423,0.8369454145431519,0.050077587366104126,-0.05233607813715935,0.04557505249977112,0.27677157521247864,0.9584265351295471
39.76499550000881,-0.5041177272796631,0.8368924260139465,0.05011618509888649,-0.052281223237514496,0.04527236148715019,0.27636879682540894,0.958560049533844
39.76917670000694,-0.5041316747665405,0.8368570804595947,0.050147633999586105,-0.05221434310078621,0.045165613293647766,0.2763737738132477,0.9585673809051514
39.77368120000756,-0.5041472911834717,0.8368117213249207,0.05018412694334984,-0.052334170788526535,0.045016176998615265,0.27664613723754883,0.9584892988204956
39.77787890000036,-0.5041746497154236,0.8367809057235718,0.050222836434841156,-0.05245304852724075,0.04483025521039963,0.2768687903881073,0.9584271907806396
39.78223060000164,-0.5041788816452026,0.8367432951927185,0.050271712243556976,-0.05214362218976021,0.045048076659440994,0.27681422233581543,0.9584496021270752
39.786264000009396,-0.5042001605033875,0.8366929888725281,0.05033305287361145,-0.052278630435466766,0.045011743903160095,0.2772535979747772,0.9583169221878052
39.794220200012205,-0.5042188763618469,0.8366272449493408,0.05043802037835121,-0.05191150680184364,0.045124880969524384,0.27690356969833374,0.9584328532218933
39.79831019999983,-0.5042117238044739,0.8365908265113831,0.05049419030547142,-0.05191505700349808,0.045306362211704254,0.2769849896430969,0.9584004878997803
39.8029358000058,-0.5042091012001038,0.8365713953971863,0.05053917318582535,-0.051739227026700974,0.04542127996683121,0.2768591046333313,0.9584409594535828
39.80715120000241,-0.5042320489883423,0.8365397453308105,0.05059867352247238,-0.05199556425213814,0.045080266892910004,0.276763916015625,0.9584706425666809
39.811038700005156,-0.5042176842689514,0.8365316390991211,0.05064019188284874,-0.05189810320734978,0.045381661504507065,0.27667105197906494,0.9584885239601135
39.8153663000121,-0.5042113661766052,0.8365185260772705,0.05067616328597069,-0.05179346725344658,0.04540417343378067,0.2765275239944458,0.9585345983505249
39.81988330000604,-0.5041936039924622,0.8365024328231812,0.05070982500910759,-0.051907069981098175,0.04551217332482338,0.2764146625995636,0.9585558772087097
39.823714400001336,-0.5041875839233398,0.836496889591217,0.050742149353027344,-0.05183583125472069,0.04552624374628067,0.2761874496936798,0.958624541759491
39.828555200001574,-0.5041601061820984,0.8364914655685425,0.05077569931745529,-0.051760368049144745,0.045585691928863525,0.27605536580085754,0.9586638808250427
39.83203170000343,-0.5041526556015015,0.8364760875701904,0.050806671380996704,-0.05190280079841614,0.0456189289689064,0.27604353427886963,0.95865797996521
39.83655560000625,-0.5041541457176208,0.8364542722702026,0.05084284022450447,-0.05193028971552849,0.04563845321536064,0.27601906657218933,0.9586625695228577
39.84042490000138,-0.5041519999504089,0.8364250063896179,0.05087077617645264,-0.05208694934844971,0.04558664187788963,0.27621832489967346,0.9585991501808167
39.84452959999908,-0.5041474103927612,0.836385190486908,0.05091513320803642,-0.052246201783418655,0.04557608440518379,0.27662619948387146,0.9584733843803406
39.84881930000847,-0.5041613578796387,0.8363652229309082,0.05092985928058624,-0.052176665514707565,0.04555676132440567,0.2765428423881531,0.9585021138191223
39.85270100001071,-0.5041592121124268,0.8363315463066101,0.050973374396562576,-0.05234342813491821,0.045496515929698944,0.27676478028297424,0.9584317803382874
39.85719140000583,-0.5041642785072327,0.8363040685653687,0.05100113898515701,-0.05241302773356438,0.045390818268060684,0.27707186341285706,0.9583442807197571
39.86116920001223,-0.5041878819465637,0.836274266242981,0.051026616245508194,-0.052652712911367416,0.04516439139842987,0.27720579504966736,0.9583031535148621
39.8653054000024,-0.5041857361793518,0.8362460136413574,0.051057130098342896,-0.05263545736670494,0.04524525627493858,0.2773793339729309,0.9582500457763672
39.86962009999843,-0.5042045712471008,0.83621746301651,0.05108559876680374,-0.05277075618505478,0.045002762228250504,0.2775888442993164,0.9581933617591858
39.873386700011906,-0.504205584526062,0.8361965417861938,0.051120974123477936,-0.05246607959270477,0.045132577419281006,0.2774411737918854,0.9582467675209045
39.87789319999865,-0.5042237639427185,0.8361741304397583,0.05115334317088127,-0.05274771898984909,0.04485052824020386,0.2776876986026764,0.9581730961799622
39.88180129999819,-0.5042294859886169,0.836158275604248,0.05119036138057709,-0.05261946842074394,0.04488714039325714,0.2775959372520447,0.9582050442695618
39.88596220000181,-0.5042263269424438,0.8361380100250244,0.051234688609838486,-0.05267902463674545,0.04484321549534798,0.2777193784713745,0.9581680297851562
39.89047510000819,-0.5042158961296082,0.8361212611198425,0.05127711594104767,-0.05240314081311226,0.04489893838763237,0.2776945233345032,0.9581877589225769
39.89422290000948,-0.5042149424552917,0.836094856262207,0.05134182423353195,-0.05180857330560684,0.04498625546693802,0.2775214612483978,0.9582661390304565
39.89836859999923,-0.5042098164558411,0.8360881805419922,0.05138840526342392,-0.05154460296034813,0.04499407485127449,0.2773483693599701,0.9583301544189453
39.90241130000504,-0.504203736782074,0.8360831141471863,0.05143887177109718,-0.05160795897245407,0.0449717678129673,0.27733322978019714,0.9583321213722229
39.90744750000886,-0.5041963458061218,0.8360791802406311,0.05149281769990921,-0.05144449323415756,0.0449480377137661,0.27734360098838806,0.9583390355110168
39.91151400000672,-0.5041898488998413,0.836072564125061,0.05154147744178772,-0.05127895250916481,0.044953808188438416,0.27703896164894104,0.9584357142448425
39.915170100008254,-0.5041750073432922,0.8360591530799866,0.05159416422247887,-0.051653098315000534,0.044824786484241486,0.2777196168899536,0.9582246541976929
39.91945950000081,-0.5041681528091431,0.836056113243103,0.05163221433758736,-0.051551613956689835,0.04491011053323746,0.27751004695892334,0.9582868218421936
39.92521070000657,-0.5041598677635193,0.8360706567764282,0.051667358726263046,-0.05119192972779274,0.04502718150615692,0.27693280577659607,0.9584676027297974
39.929326099998434,-0.5041335821151733,0.8360698819160461,0.05172211304306984,-0.051937490701675415,0.04507528617978096,0.2774542272090912,0.9582744240760803
39.93298280000454,-0.504116952419281,0.8360682725906372,0.05175603926181793,-0.0520080104470253,0.0450461246073246,0.2774010896682739,0.9582873582839966
39.9388098000054,-0.5040920972824097,0.8360655307769775,0.05180172249674797,-0.052006229758262634,0.04486611858010292,0.27719005942344666,0.9583569765090942
39.942315200009034,-0.5040748119354248,0.8360679149627686,0.051841575652360916,-0.05200711265206337,0.04492589831352234,0.27715712785720825,0.9583636522293091
39.94639680000546,-0.5040668845176697,0.8360626101493835,0.05187753215432167,-0.051955435425043106,0.0448894165456295,0.27708306908607483,0.9583896398544312
39.95049560000189,-0.5040485858917236,0.8360653519630432,0.05192131921648979,-0.05188107490539551,0.04493173956871033,0.2770153284072876,0.9584112167358398
39.955210400003125,-0.5040369033813477,0.8360628485679626,0.05195825174450874,-0.05186337232589722,0.044907547533512115,0.2771678864955902,0.958369255065918
39.96328140000696,-0.5040135979652405,0.8360621929168701,0.0520455576479435,-0.051747072488069534,0.044938843697309494,0.27718496322631836,0.9583691358566284
39.96977730000799,-0.5039772391319275,0.8360580205917358,0.05214155465364456,-0.051885705441236496,0.04472723975777626,0.2775001525878906,0.9582802653312683
39.97374500001024,-0.5039677619934082,0.8360584378242493,0.052189476788043976,-0.05173205956816673,0.04472937062382698,0.2774006724357605,0.9583173394203186
39.977882899998804,-0.5039499998092651,0.8360375761985779,0.0522565059363842,-0.051762670278549194,0.0444868728518486,0.27707555890083313,0.9584209322929382
39.98210249999829,-0.5039366483688354,0.8360126614570618,0.05231861025094986,-0.0512818917632103,0.04418034106492996,0.27680662274360657,0.9585386514663696
39.98666180000873,-0.5039199590682983,0.8359998464584351,0.05236576125025749,-0.05094887316226959,0.044196031987667084,0.27682358026504517,0.9585508108139038
39.990516400008346,-0.5039052367210388,0.8359878659248352,0.05242273956537247,-0.051054250448942184,0.044102612882852554,0.2769075334072113,0.9585253000259399
39.994975699999486,-0.5038881897926331,0.8359789848327637,0.05247047543525696,-0.05107703059911728,0.0441170260310173,0.27698007225990295,0.9585024118423462
39.998491200007265,-0.5038544535636902,0.8359708786010742,0.05253244563937187,-0.050894834101200104,0.04455503076314926,0.27685317397117615,0.9585285782814026
40.00669120000384,-0.5038114786148071,0.8359501361846924,0.052656691521406174,-0.05063784867525101,0.044817712157964706,0.27695798873901367,0.9584996700286865
40.01107829999819,-0.5037866830825806,0.8359652161598206,0.052730415016412735,-0.05023543909192085,0.04503147304058075,0.2762700617313385,0.9587092399597168
40.016202800004976,-0.5037626028060913,0.8359867334365845,0.05281873047351837,-0.05014748498797417,0.04443260282278061,0.27694058418273926,0.9585483074188232
40.02041530000861,-0.5037422180175781,0.8359822630882263,0.052866727113723755,-0.050058674067258835,0.044495150446891785,0.2766799330711365,0.958625316619873
40.02425210000365,-0.5037244558334351,0.8359854817390442,0.05290714278817177,-0.05011068284511566,0.04446864128112793,0.2767373025417328,0.9586072564125061
40.027841500006616,-0.5037083625793457,0.8359991908073425,0.0529819019138813,-0.050579044967889786,0.04460398480296135,0.2768193483352661,0.9585527777671814
40.03261660000135,-0.5036943554878235,0.8360012173652649,0.05302510783076286,-0.05056420713663101,0.04468817636370659,0.2765953838825226,0.9586142301559448
40.03626459999941,-0.5036846399307251,0.8360003232955933,0.05306660756468773,-0.050605665892362595,0.044771213084459305,0.276516318321228,0.9586309790611267
40.040474100009305,-0.5036777853965759,0.8359997272491455,0.053116217255592346,-0.050660137087106705,0.04483037069439888,0.2765671908855438,0.9586106538772583
40.04441360000055,-0.503665030002594,0.8359960317611694,0.05317604914307594,-0.05077595263719559,0.044908467680215836,0.2767195701599121,0.9585569500923157
40.0524476999999,-0.5036546587944031,0.8359992504119873,0.053271546959877014,-0.05081773176789284,0.044754479080438614,0.2770755887031555,0.9584590196609497
40.0569106000039,-0.5036513209342957,0.8359940052032471,0.053309690207242966,-0.0507931113243103,0.044814564287662506,0.2770952582359314,0.9584518074989319
40.0609972000093,-0.5036493539810181,0.8359895348548889,0.053351543843746185,-0.050788767635822296,0.04483415558934212,0.2771868109703064,0.9584246873855591
40.065068600000814,-0.5036469101905823,0.8359873294830322,0.05340036749839783,-0.05095250532031059,0.04480859637260437,0.2773508131504059,0.958369791507721
40.06909309999901,-0.5036405920982361,0.8359869122505188,0.05344049260020256,-0.05093518644571304,0.04488139972090721,0.277317076921463,0.9583770036697388
40.073168000002624,-0.5036347508430481,0.8359807729721069,0.053490567952394485,-0.05089053884148598,0.0448526106774807,0.27745866775512695,0.9583398103713989
40.0781444000022,-0.5036391019821167,0.8359617590904236,0.05353786423802376,-0.051059361547231674,0.044855643063783646,0.27758488059043884,0.958294153213501
40.08257759999833,-0.5036290884017944,0.835954487323761,0.05358502268791199,-0.05119410529732704,0.04482600465416908,0.2778403162956238,0.9582142233848572
40.08647350000683,-0.5036180019378662,0.8359460234642029,0.053643323481082916,-0.05088537186384201,0.04494506120681763,0.27773869037628174,0.9582546353340149
40.09014920001209,-0.5036066770553589,0.8359369039535522,0.05370273068547249,-0.050925690680742264,0.04491709917783737,0.27788248658180237,0.9582120776176453
40.09391830000095,-0.5036066770553589,0.8359369039535522,0.05370273068547249,-0.050925690680742264,0.04491709917783737,0.27788248658180237,0.9582120776176453
40.09840240000631,-0.5035724639892578,0.8359591960906982,0.053848326206207275,-0.0507190115749836,0.04485630244016647,0.2780057191848755,0.9581901431083679
40.102562000000034,-0.5035556554794312,0.8359484672546387,0.053914643824100494,-0.05079897493124008,0.044864472001791,0.2778000235557556,0.9582452178001404
40.108917900011875,-0.503529965877533,0.8359357714653015,0.05398724973201752,-0.050944581627845764,0.044893328100442886,0.27797138690948486,0.9581864476203918
40.11272309999913,-0.5035045742988586,0.8359513282775879,0.0540730319917202,-0.05127691105008125,0.04505547136068344,0.27789998054504395,0.9581817388534546
40.11702160000277,-0.5034810304641724,0.8359423875808716,0.05413373187184334,-0.05117017403244972,0.04512136057019234,0.27753177285194397,0.9582911133766174
40.121019300000626,-0.5034424066543579,0.8359333872795105,0.05420629680156708,-0.0509515106678009,0.04487099498510361,0.277250200510025,0.9583959579467773
40.124964800008456,-0.5034353137016296,0.835927426815033,0.05428304895758629,-0.05107446387410164,0.04469405859708786,0.27707746624946594,0.9584477543830872
40.12841330000083,-0.5034083724021912,0.8359199166297913,0.05434374138712883,-0.05091964825987816,0.044632863253355026,0.27682626247406006,0.9585313200950623
40.13168440001027,-0.5033857226371765,0.835905134677887,0.05439949780702591,-0.05082841217517853,0.0446193590760231,0.2766989469528198,0.958573579788208
40.135739100005594,-0.5033641457557678,0.8358869552612305,0.05445793643593788,-0.05063396692276001,0.04455455020070076,0.27655330300331116,0.9586289525032043
40.14038090000395,-0.5033420324325562,0.8358731269836426,0.054516881704330444,-0.050555355846881866,0.04455822706222534,0.2763969898223877,0.9586780071258545
40.14461149999988,-0.503324568271637,0.8358634114265442,0.054575856775045395,-0.050453219562768936,0.044475916773080826,0.2764369249343872,0.9586756229400635
40.14858720000484,-0.5032880306243896,0.835830569267273,0.05464828759431839,-0.050300635397434235,0.04437895491719246,0.2753266394138336,0.9590076804161072
40.15261140000075,-0.5032564997673035,0.8358199596405029,0.05472651124000549,-0.05011598765850067,0.04472973942756653,0.2753496468067169,0.9589943885803223
40.15732569999818,-0.5032347440719604,0.8358076810836792,0.05477876588702202,-0.049860794097185135,0.04479459300637245,0.27524736523628235,0.9590339660644531
40.16118270000152,-0.5032074451446533,0.8358038663864136,0.0548703558743,-0.0491267591714859,0.04534631222486496,0.27467116713523865,0.9592112302780151
40.165243600000395,-0.5031816363334656,0.8357871770858765,0.054928068071603775,-0.049021799117326736,0.045308440923690796,0.2746737599372864,0.9592175483703613
40.169813600005,-0.5031513571739197,0.835800051689148,0.055007800459861755,-0.04895604029297829,0.04476788267493248,0.2754365801811218,0.9590275287628174
40.17362500001036,-0.5031218528747559,0.8357934951782227,0.05505510792136192,-0.04893316328525543,0.044871825724840164,0.27540215849876404,0.9590337872505188
40.178434400004335,-0.5030897259712219,0.8357848525047302,0.05510193482041359,-0.04907060042023659,0.04484857618808746,0.2756776809692383,0.9589486122131348
40.18331880000187,-0.5030505657196045,0.83577960729599,0.05514352768659592,-0.049107182770967484,0.04492560029029846,0.2758353352546692,0.9588978290557861
40.18679970000812,-0.503017008304596,0.8357698917388916,0.05518478900194168,-0.04926008731126785,0.04487091675400734,0.27605652809143066,0.9588289856910706
40.1907011000003,-0.5029928684234619,0.835770308971405,0.05523788928985596,-0.049480609595775604,0.04485028237104416,0.2764005959033966,0.9587194323539734
40.19420650000393,-0.5029228925704956,0.8357745409011841,0.055282894521951675,-0.049554966390132904,0.04483591765165329,0.27605241537094116,0.9588165283203125
40.19836980001128,-0.5028610229492188,0.8357844948768616,0.055325619876384735,-0.049761369824409485,0.044996362179517746,0.2763018310070038,0.9587265253067017
40.20314560001134,-0.5028144717216492,0.8357805609703064,0.055375244468450546,-0.050226837396621704,0.04496301710605621,0.27674639225006104,0.9585756063461304
40.21847620001063,-0.5027025938034058,0.835817813873291,0.05549880117177963,-0.05059961974620819,0.04489697515964508,0.27704158425331116,0.9584737420082092
40.222718700009864,-0.5027025938034058,0.835817813873291,0.05549880117177963,-0.05059961974620819,0.04489697515964508,0.27704158425331116,0.9584737420082092
40.22806560000754,-0.502568781375885,0.835834801197052,0.055623676627874374,-0.05126743018627167,0.04448876902461052,0.2771884500980377,0.9584149122238159
40.23219210001116,-0.5025129318237305,0.8358514904975891,0.055676162242889404,-0.050918061286211014,0.04459846019744873,0.2769966125488281,0.9584838151931763
40.236195700010285,-0.5024765133857727,0.8358601927757263,0.05571863055229187,-0.05100508779287338,0.04451170563697815,0.2769513726234436,0.9584962725639343
40.240663800010225,-0.5024344325065613,0.8358635902404785,0.05575597286224365,-0.05109876021742821,0.04454644396901131,0.27700671553611755,0.9584737420082092
40.246013399999356,-0.5023847818374634,0.8358663320541382,0.05581369251012802,-0.05102209001779556,0.04437373951077461,0.2767447233200073,0.9585615396499634
40.25230900000315,-0.502295970916748,0.8358738422393799,0.05590895190834999,-0.05136926472187042,0.04461480677127838,0.2766314744949341,0.9585644006729126
40.25870690000011,-0.5022569894790649,0.8358668684959412,0.05595007538795471,-0.0513782761991024,0.04465340077877045,0.27655717730522156,0.9585835933685303
40.26298480000696,-0.5022118091583252,0.8358579874038696,0.05599377304315567,-0.05135083198547363,0.04460041970014572,0.2765810787677765,0.9585806131362915
40.2670286000066,-0.5021694302558899,0.8358440399169922,0.05601603910326958,-0.05141543596982956,0.04488460347056389,0.27605900168418884,0.9587143659591675
40.270981400011806,-0.5021349787712097,0.8358391523361206,0.056052833795547485,-0.051364053040742874,0.04488509148359299,0.2759935259819031,0.9587359428405762
40.274463800000376,-0.5020861625671387,0.835832417011261,0.056110259145498276,-0.05124194547533989,0.04519268125295639,0.27591508626937866,0.9587506651878357
40.27810599999793,-0.5020536184310913,0.8358216881752014,0.056148577481508255,-0.05122237652540207,0.04528283327817917,0.27578046917915344,0.958786129951477
40.28205930000695,-0.5020264387130737,0.8358189463615417,0.0561804324388504,-0.05109260603785515,0.04539957642555237,0.2757631540298462,0.958792507648468
40.286341700004414,-0.5020011067390442,0.8358055353164673,0.056225232779979706,-0.05103600025177002,0.04539735987782478,0.2757514715194702,0.9587990045547485
40.290092399998684,-0.5019619464874268,0.8358045816421509,0.05625290051102638,-0.050723426043987274,0.045669279992580414,0.27562379837036133,0.9588394165039062
40.294206899998244,-0.5019347667694092,0.8357925415039062,0.056306008249521255,-0.05086404085159302,0.045851755887269974,0.2757374048233032,0.95879065990448
40.29840690000856,-0.5019035339355469,0.8357757329940796,0.05632510036230087,-0.05065659433603287,0.045739781111478806,0.275860995054245,0.9587713479995728
40.30255480000051,-0.5018762946128845,0.8357690572738647,0.05635464936494827,-0.05041748657822609,0.04579521715641022,0.27579769492149353,0.9587995409965515
40.30662670001038,-0.5018413662910461,0.8357549905776978,0.05639299005270004,-0.05038336291909218,0.046006765216588974,0.2759282886981964,0.9587535858154297
40.3112453000067,-0.501807451248169,0.8357423543930054,0.0564228780567646,-0.05026005208492279,0.04606825113296509,0.27589869499206543,0.9587656855583191
40.315410399998655,-0.5017732381820679,0.8357342481613159,0.056444499641656876,-0.05015053227543831,0.04608152434229851,0.27585718035697937,0.9587826728820801
40.31922560000385,-0.5017298460006714,0.8357255458831787,0.056482549756765366,-0.049893174320459366,0.04625452309846878,0.27585095167160034,0.9587896466255188
40.323629100006656,-0.5016964077949524,0.835719883441925,0.05650124326348305,-0.049879290163517,0.04627759009599686,0.2759685516357422,0.958755373954773
40.32778710000275,-0.5016332268714905,0.8357316255569458,0.056558530777692795,-0.04955853521823883,0.046397995203733444,0.27548015117645264,0.9589065909385681
40.33179680000467,-0.5015920400619507,0.8356993198394775,0.05658618360757828,-0.049666877835989,0.046426862478256226,0.27608972787857056,0.9587242603302002
40.33612570000696,-0.5015614628791809,0.8356932401657104,0.05660887807607651,-0.04967749863862991,0.04646588861942291,0.2760903835296631,0.9587216377258301
40.340385100003914,-0.5015268325805664,0.8357077836990356,0.056664276868104935,-0.04960828647017479,0.04588916525244713,0.2767898440361023,0.958551287651062
40.344515300006606,-0.5014949440956116,0.835671067237854,0.05667043849825859,-0.0499943308532238,0.04655393585562706,0.27641594409942627,0.9586071372032166
40.34857450000709,-0.501468300819397,0.8356873989105225,0.056740306317806244,-0.049908872693777084,0.04605679586529732,0.2769061028957367,0.9584940671920776
40.35281419999956,-0.5014436841011047,0.8356701135635376,0.05675116181373596,-0.04977238178253174,0.04600756615400314,0.2769168019294739,0.9585004448890686
40.35719930000778,-0.5014212727546692,0.8356518745422363,0.056787099689245224,-0.04995178431272507,0.04613519087433815,0.2767465114593506,0.9585341811180115
40.36088910000399,-0.5014023184776306,0.83562833070755,0.05679924413561821,-0.04982127249240875,0.04613685980439186,0.276777982711792,0.9585318565368652
40.365067100006854,-0.5013788938522339,0.835616409778595,0.05683125928044319,-0.04992135241627693,0.04618126153945923,0.2768057584762573,0.9585164189338684
40.36921550000261,-0.5013575553894043,0.835580050945282,0.05686529353260994,-0.04949105158448219,0.046104274690151215,0.276780366897583,0.9585498571395874
40.37336579999828,-0.501335620880127,0.8355810642242432,0.056872107088565826,-0.04991598427295685,0.046169865876436234,0.2768753468990326,0.958497166633606
40.377576099999715,-0.5013119578361511,0.8355497717857361,0.056900590658187866,-0.04952635243535042,0.046165384352207184,0.2767438590526581,0.9585556387901306
40.381633600001805,-0.501293957233429,0.8355380296707153,0.05691574141383171,-0.04954846203327179,0.046245235949754715,0.27664005756378174,0.958580493927002
40.38719819999824,-0.5012689232826233,0.8355517983436584,0.056928589940071106,-0.04993526265025139,0.046197760850191116,0.2767520248889923,0.9585304260253906
40.391536299997824,-0.5012513399124146,0.8355293273925781,0.05695882439613342,-0.04951249435544014,0.04623989760875702,0.27647823095321655,0.9586293697357178
40.39491360000102,-0.5012246966362,0.835547924041748,0.05697662755846977,-0.050015486776828766,0.04617016017436981,0.2767070531845093,0.9585406184196472
40.39910670000245,-0.5012036561965942,0.8355529308319092,0.057002756744623184,-0.04992856830358505,0.046290986239910126,0.276458740234375,0.9586109519004822
40.40256810000574,-0.5011816620826721,0.8355597257614136,0.057028431445360184,-0.04992881417274475,0.04633483663201332,0.27653342485427856,0.9585872888565063
40.40689700000803,-0.5011638402938843,0.8355667591094971,0.05705754831433296,-0.049896031618118286,0.046405188739299774,0.27642470598220825,0.9586168527603149
40.410886700003175,-0.5011373162269592,0.8355786204338074,0.05709568411111832,-0.0499894954264164,0.046238500624895096,0.27648982405662537,0.9586012959480286
40.41518039999937,-0.5011206865310669,0.8355845808982849,0.05712718516588211,-0.04990995675325394,0.04618482291698456,0.27642637491226196,0.958626389503479
40.41887730000599,-0.5011206865310669,0.8355845808982849,0.05712718516588211,-0.04990995675325394,0.04618482291698456,0.27642637491226196,0.958626389503479
40.42741610000667,-0.5010471940040588,0.8356039524078369,0.05722317472100258,-0.04989582672715187,0.046053994446992874,0.2763602137565613,0.9586524963378906
40.43179040000541,-0.5010260939598083,0.8356111645698547,0.057246942073106766,-0.049963582307100296,0.046045467257499695,0.2764391005039215,0.9586266279220581
40.43780620000325,-0.5010030269622803,0.8356209397315979,0.057274214923381805,-0.050067782402038574,0.046124350279569626,0.2764706015586853,0.9586082100868225
40.44199380000646,-0.5009779930114746,0.8356262445449829,0.05729886144399643,-0.05005330592393875,0.04613776132464409,0.2765095829963684,0.9585971832275391
40.44619590000366,-0.5009551644325256,0.8356318473815918,0.05732392892241478,-0.050147894769907,0.04614000394940376,0.27679720520973206,0.958509087562561
40.45157280001149,-0.500938355922699,0.8356434106826782,0.05735626816749573,-0.0500473752617836,0.0461977981030941,0.2767525315284729,0.9585244059562683
40.456845599997905,-0.5009112358093262,0.8356379866600037,0.05742117390036583,-0.04984471574425697,0.04605875536799431,0.27684828639030457,0.9585140347480774
40.461365600000136,-0.5008774995803833,0.8356766700744629,0.05746131390333176,-0.05010911077260971,0.04662616178393364,0.27675583958625793,0.958499550819397
40.46525120000297,-0.5008599162101746,0.8356946110725403,0.0574963241815567,-0.050257712602615356,0.046655114740133286,0.27691420912742615,0.9584445953369141
40.470200000010664,-0.5008506178855896,0.8357095718383789,0.0575316958129406,-0.0501653254032135,0.04665596783161163,0.2768392860889435,0.9584710001945496
40.4738420000067,-0.5008326768875122,0.8357482552528381,0.05758374184370041,-0.050522491335868835,0.04688277468085289,0.27677246928215027,0.9584604501724243
40.47760600000038,-0.500816285610199,0.8357693552970886,0.057624701410532,-0.05064385011792183,0.04683682695031166,0.2769409716129303,0.9584077000617981
40.48234040000534,-0.5007922053337097,0.8357937335968018,0.05766260623931885,-0.050505366176366806,0.04683632776141167,0.2768957018852234,0.9584280252456665
40.485901400010334,-0.5007657408714294,0.8358127474784851,0.05769651010632515,-0.050575532019138336,0.046915292739868164,0.2766099274158478,0.9585030674934387
40.49011940001219,-0.50074303150177,0.835834801197052,0.057733409106731415,-0.050540491938591,0.04686289280653,0.2766112983226776,0.9585070013999939
40.49428140000964,-0.5007168054580688,0.835854709148407,0.05777309462428093,-0.050486862659454346,0.04689103737473488,0.2764017581939697,0.9585688710212708
40.49839839999913,-0.5006990432739258,0.8358706831932068,0.05781080946326256,-0.05044276639819145,0.04690858721733093,0.2763049304485321,0.9585983753204346
40.50245800000266,-0.5006744861602783,0.8358978629112244,0.05783994495868683,-0.05049880966544151,0.04690809175372124,0.2763027250766754,0.9585960507392883
40.50676870001189,-0.5006558895111084,0.8359164595603943,0.057867590337991714,-0.0504830963909626,0.04704798012971878,0.2762190103530884,0.9586141109466553
40.51130870000634,-0.5006338357925415,0.8359387516975403,0.05790388956665993,-0.050510942935943604,0.047036729753017426,0.27621299028396606,0.9586148858070374
40.51534370001173,-0.5006219148635864,0.8359506726264954,0.05793612077832222,-0.05050026252865791,0.04709595814347267,0.2761148512363434,0.9586408734321594
40.519295100006275,-0.5006086230278015,0.8359845280647278,0.057998452335596085,-0.049982450902462006,0.047207094728946686,0.27548444271087646,0.9588438868522644
40.52363740000874,-0.5006004571914673,0.8360010385513306,0.05803373083472252,-0.04998284950852394,0.047271568328142166,0.27539321780204773,0.9588669538497925
40.52780029999849,-0.5005983710289001,0.8360276818275452,0.058075159788131714,-0.0499425083398819,0.047180261462926865,0.2755323350429535,0.9588335156440735
40.532769800003734,-0.5005955100059509,0.8360317945480347,0.05811017379164696,-0.04995645210146904,0.04723120853304863,0.2752959430217743,0.9588981866836548
40.542021700006444,-0.5006027221679688,0.8360628485679626,0.05818631872534752,-0.05001867562532425,0.04715874791145325,0.27551794052124023,0.9588348269462585
40.54554430001008,-0.5006027221679688,0.8360628485679626,0.05818631872534752,-0.05001867562532425,0.04715874791145325,0.27551794052124023,0.9588348269462585
40.548815800008015,-0.5006027221679688,0.8360628485679626,0.05818631872534752,-0.05001867562532425,0.04715874791145325,0.27551794052124023,0.9588348269462585
40.55207040000823,-0.5006027221679688,0.8360628485679626,0.05818631872534752,-0.05001867562532425,0.04715874791145325,0.27551794052124023,0.9588348269462585
40.55681460000051,-0.5006114840507507,0.8361469507217407,0.05835340917110443,-0.05007519945502281,0.046529293060302734,0.27657800912857056,0.9585573077201843
40.5610835999978,-0.5006165504455566,0.8361539244651794,0.05838259682059288,-0.050151996314525604,0.046518824994564056,0.27656689286231995,0.9585570693016052
40.56510839999828,-0.5006204843521118,0.8361567854881287,0.05841461196541786,-0.050212569534778595,0.04646771401166916,0.2764935791492462,0.9585774540901184
40.569779199999175,-0.5006219744682312,0.8361801505088806,0.05842926353216171,-0.050323713570833206,0.04648784548044205,0.2765581011772156,0.9585521221160889
40.5740638999996,-0.5006236433982849,0.8361971378326416,0.05845452845096588,-0.05036909505724907,0.046526942402124405,0.276613712310791,0.9585317373275757
40.57982330000959,-0.5006228685379028,0.8362179398536682,0.05847526341676712,-0.050684187561273575,0.04646477475762367,0.27658936381340027,0.9585251808166504
40.58365840000624,-0.5006260871887207,0.8362424373626709,0.05850989744067192,-0.05080614984035492,0.0464252233505249,0.27653127908706665,0.9585374593734741
40.58732630001032,-0.5006205439567566,0.8362618088722229,0.05855162441730499,-0.0508665107190609,0.046480048447847366,0.2765667736530304,0.9585213661193848
40.5909837000072,-0.5006183981895447,0.8362954258918762,0.0585942417383194,-0.05087176710367203,0.04628491774201393,0.27662938833236694,0.9585123658180237
40.594531700000516,-0.5006248354911804,0.8363131880760193,0.058619216084480286,-0.05082562565803528,0.046322181820869446,0.2764246165752411,0.9585720896720886
40.59842720000597,-0.50063157081604,0.836330235004425,0.05864815041422844,-0.05090632289648056,0.0462857149541378,0.27648094296455383,0.9585533142089844
40.60262489999877,-0.5006385445594788,0.8363451361656189,0.058675073087215424,-0.05092858150601387,0.04628802090883255,0.27648207545280457,0.9585517048835754
40.607043500000145,-0.5006424188613892,0.8363562822341919,0.058698881417512894,-0.05094161629676819,0.04632216691970825,0.2764119505882263,0.9585696458816528
40.61305379999976,-0.5006598830223083,0.8363538384437561,0.058711204677820206,-0.05118416249752045,0.046196117997169495,0.2767535150051117,0.9584642052650452
40.61881090000679,-0.5006777048110962,0.8363484144210815,0.05875770002603531,-0.05125395953655243,0.046218544244766235,0.2767578959465027,0.9584581851959229
40.62328200000047,-0.5007109642028809,0.8363353610038757,0.058785248547792435,-0.051495034247636795,0.045976124703884125,0.27751803398132324,0.9582369923591614
40.62759410000581,-0.5007070302963257,0.8362929821014404,0.05883897840976715,-0.050809357315301895,0.045902423560619354,0.2767702341079712,0.9584934115409851
40.631638600010774,-0.5007148385047913,0.8362817168235779,0.05885636806488037,-0.05084427446126938,0.04585208371281624,0.2768985331058502,0.9584569931030273
40.6358312000084,-0.500725269317627,0.8362675905227661,0.058869220316410065,-0.05083324760198593,0.04586230218410492,0.2768629789352417,0.9584672451019287
40.63991410000017,-0.5007345676422119,0.8362529277801514,0.058888617902994156,-0.05072484537959099,0.04583097994327545,0.2768595814704895,0.9584755897521973
40.644058600009885,-0.5007442235946655,0.836240291595459,0.05890960246324539,-0.05073638632893562,0.0458202101290226,0.27697399258613586,0.9584423899650574
40.648562400005176,-0.5007469654083252,0.8362228274345398,0.05893392488360405,-0.05074341967701912,0.045836351811885834,0.2769045829772949,0.958461344242096
40.65251870000793,-0.5007538795471191,0.8362032175064087,0.05895335599780083,-0.0507853664457798,0.04586097225546837,0.27660083770751953,0.9585455656051636
40.65670930000488,-0.5007582902908325,0.8361960053443909,0.05897140875458717,-0.05072823539376259,0.045873306691646576,0.27635523676872253,0.9586188197135925
40.661524900002405,-0.5007668733596802,0.8361836671829224,0.05898234620690346,-0.05066657066345215,0.04594295844435692,0.27617964148521423,0.9586693644523621
40.665047800008324,-0.5007701516151428,0.836169421672821,0.058998219668865204,-0.05079341307282448,0.04593496024608612,0.276222825050354,0.9586505889892578
40.66914940001152,-0.5007835626602173,0.8361443281173706,0.0590054914355278,-0.050577517598867416,0.04573507979512215,0.27609574794769287,0.9587081670761108
40.67322380001133,-0.5007899403572083,0.8361342549324036,0.059014059603214264,-0.050525132566690445,0.0458168163895607,0.27593421936035156,0.9587535262107849
40.6775684000022,-0.5008010268211365,0.8361169099807739,0.059034984558820724,-0.0504508800804615,0.04587150365114212,0.27598944306373596,0.9587389230728149
40.68178270000499,-0.5007999539375305,0.8361077308654785,0.059042688459157944,-0.05041751265525818,0.045876044780015945,0.27579832077026367,0.9587954878807068
40.68594500000472,-0.5007957816123962,0.8361051678657532,0.05905933305621147,-0.05047719180583954,0.04596876725554466,0.27574121952056885,0.9588043689727783
40.69021050000447,-0.5007922649383545,0.8361014723777771,0.059068404138088226,-0.0505233071744442,0.04598868265748024,0.2756510376930237,0.9588268399238586
40.694283300006646,-0.500798761844635,0.8360963463783264,0.059076227247714996,-0.050658825784921646,0.04597830772399902,0.275608092546463,0.9588326215744019
40.69839940000384,-0.5007954835891724,0.836094856262207,0.05908213183283806,-0.05073122680187225,0.0459144189953804,0.2755972146987915,0.9588349461555481
40.702459699998144,-0.5007993578910828,0.8360803723335266,0.05908584222197533,-0.050471771508455276,0.04598856344819069,0.2754920423030853,0.9588753581047058
40.70667189999949,-0.5008008480072021,0.8360755443572998,0.059091273695230484,-0.05042080953717232,0.04594634845852852,0.27547118067741394,0.9588860273361206
40.71272599999793,-0.5008089542388916,0.8360785245895386,0.059100039303302765,-0.05059950426220894,0.04595918953418732,0.27556419372558594,0.958849310874939
40.71686430000409,-0.5008150339126587,0.8360776901245117,0.059108249843120575,-0.05046217516064644,0.04592406377196312,0.27539774775505066,0.9589059352874756
40.72090100000787,-0.5008190870285034,0.8360751271247864,0.059111449867486954,-0.05053017660975456,0.04589975252747536,0.2754231095314026,0.958896279335022
40.72426149999956,-0.5008246302604675,0.8360698819160461,0.05912426486611366,-0.05056257173418999,0.04586094990372658,0.2755592167377472,0.9588572978973389
40.72759290000249,-0.5008268356323242,0.8360715508460999,0.059131745249032974,-0.050572484731674194,0.04583831503987312,0.27573469281196594,0.9588074088096619
40.73214530000405,-0.5008335709571838,0.8360725045204163,0.05913140997290611,-0.05038851499557495,0.0458802692592144,0.2756095230579376,0.958851158618927
40.736088200006634,-0.5008276700973511,0.8360618352890015,0.05913717299699783,-0.05034641548991203,0.04584674537181854,0.27568331360816956,0.9588336944580078
40.7405574000004,-0.5008220672607422,0.8360598087310791,0.05914509296417236,-0.050526462495326996,0.04584105312824249,0.2757834196090698,0.9587957859039307
40.7445366000029,-0.5008131265640259,0.8360469341278076,0.05914425849914551,-0.05038675293326378,0.0458732545375824,0.2758844494819641,0.9587724804878235
40.74843230000988,-0.5008013248443604,0.8360471129417419,0.05914509296417236,-0.05034643039107323,0.045867107808589935,0.2759024500846863,0.9587697386741638
40.751754900004016,-0.5008013248443604,0.8360471129417419,0.05914509296417236,-0.05034643039107323,0.045867107808589935,0.2759024500846863,0.9587697386741638
40.756497000009404,-0.5007709264755249,0.8360521197319031,0.059144843369722366,-0.05037476867437363,0.04592423513531685,0.2760546803474426,0.9587216377258301
40.76081230001,-0.5007383823394775,0.8360787034034729,0.05917271226644516,-0.04995827376842499,0.04616193845868111,0.27552530169487,0.9588842391967773
40.7653461000009,-0.5007212162017822,0.8360989689826965,0.05917887017130852,-0.04985616356134415,0.046319689601659775,0.27522826194763184,0.9589673280715942
40.76952380000148,-0.5006986260414124,0.8361104130744934,0.059178777039051056,-0.049927979707717896,0.046355653554201126,0.2752058207988739,0.9589682221412659
40.773758900002576,-0.5006838440895081,0.8361197113990784,0.05916908010840416,-0.049791209399700165,0.0462530180811882,0.275153785943985,0.9589952826499939
40.77762550000625,-0.5006701946258545,0.8361263275146484,0.05916722118854523,-0.0497327484190464,0.046315085142850876,0.2751585841178894,0.9589939713478088
40.78175639999972,-0.5006567239761353,0.83614581823349,0.05918550491333008,-0.05000428482890129,0.046398553997278214,0.27533411979675293,0.9589253664016724
40.786052000010386,-0.5006471276283264,0.8361570239067078,0.059178173542022705,-0.04977400600910187,0.04637739807367325,0.27528250217437744,0.9589532017707825
40.79038550000405,-0.5006183981895447,0.8361857533454895,0.05919194594025612,-0.05021228268742561,0.046619534492492676,0.27535977959632874,0.9588963985443115
40.79464469999948,-0.5006043910980225,0.8361988663673401,0.059195078909397125,-0.0502953827381134,0.0466393306851387,0.2754412591457367,0.9588676691055298
40.79837960000441,-0.5005881190299988,0.8362089395523071,0.05919818952679634,-0.050310272723436356,0.04657859355211258,0.2754906713962555,0.9588557481765747
40.80298180000682,-0.5005714893341064,0.8362183570861816,0.05919796600937843,-0.05031215026974678,0.0466277115046978,0.27548447251319885,0.9588549733161926
40.80816910001158,-0.5005528926849365,0.83622145652771,0.05919967219233513,-0.05038493126630783,0.04667185992002487,0.27553829550743103,0.958833634853363
40.81163950001064,-0.5005374550819397,0.8362241983413696,0.059208571910858154,-0.050349000841379166,0.04669678583741188,0.2755660116672516,0.9588262438774109
40.815600100002484,-0.500508189201355,0.8362373113632202,0.05923224613070488,-0.051005955785512924,0.04683399572968483,0.2760462164878845,0.9586466550827026
40.81927269999869,-0.5004994869232178,0.8362365365028381,0.05921352282166481,-0.050570063292980194,0.0467693954706192,0.2759535014629364,0.9586997032165527
40.823712099998374,-0.5004588961601257,0.8362574577331543,0.059212666004896164,-0.05089389532804489,0.0470537468791008,0.27570784091949463,0.9587392807006836
40.82816410000669,-0.5004262328147888,0.8362663984298706,0.05921636521816254,-0.050945695489645004,0.04710155725479126,0.27558284997940063,0.9587700366973877
40.83199730000342,-0.5004199743270874,0.8362714052200317,0.059254780411720276,-0.05110713839530945,0.04686058685183525,0.2763112187385559,0.9585636258125305
40.83621400000993,-0.5003849864006042,0.8362696766853333,0.05925166606903076,-0.05114495009183884,0.047051820904016495,0.2759920656681061,0.9586442708969116
40.84010590000253,-0.5003554224967957,0.8362821936607361,0.059253666549921036,-0.05107494443655014,0.047076091170310974,0.275861531496048,0.9586843848228455
40.84502360000624,-0.500331461429596,0.8362899422645569,0.059265900403261185,-0.050922732800245285,0.04715988412499428,0.27560657262802124,0.9587616324424744
40.84868809999898,-0.5003015398979187,0.8363000154495239,0.05927400663495064,-0.05088784173130989,0.047175247222185135,0.275554895401001,0.9587776064872742
40.852605000007316,-0.5002784132957458,0.8363074660301208,0.05928773805499077,-0.05080967769026756,0.047246649861335754,0.27559998631477356,0.9587652087211609
40.85683480001171,-0.5002388954162598,0.8363232612609863,0.05933017283678055,-0.05107715353369713,0.04696325212717056,0.275098979473114,0.9589087963104248
40.86094260000391,-0.500217080116272,0.8363508582115173,0.05933380126953125,-0.05110357329249382,0.04712867736816406,0.2757245600223541,0.9587196707725525
40.86515730000974,-0.5001851320266724,0.8363440632820129,0.059349775314331055,-0.05083014443516731,0.047369446605443954,0.2753436863422394,0.9588317275047302
40.8690978000086,-0.5001553297042847,0.8363457322120667,0.05937070772051811,-0.05076304450631142,0.04740675911307335,0.27539944648742676,0.9588174819946289
40.87315730001137,-0.5001083016395569,0.8363587856292725,0.05939684808254242,-0.05070529878139496,0.04773586615920067,0.2754247188568115,0.9587969183921814
40.87721540000348,-0.5000924468040466,0.8363508582115173,0.059396892786026,-0.05069231986999512,0.04735161364078522,0.2752457559108734,0.9588680267333984
40.88159630000882,-0.5000451803207397,0.8363640308380127,0.05942350625991821,-0.05061747133731842,0.047769807279109955,0.2752706706523895,0.9588441252708435
40.885640600012266,-0.5000196099281311,0.8363831043243408,0.059434279799461365,-0.05056395009160042,0.04780198633670807,0.2753986120223999,0.9588086009025574
40.89006489999883,-0.4999883770942688,0.8363884091377258,0.05944237858057022,-0.05053574591875076,0.04772473871707916,0.27527672052383423,0.9588489532470703
40.894232899998315,-0.49995845556259155,0.8363867998123169,0.0594477541744709,-0.05053861066699028,0.04786589369177818,0.27485549449920654,0.958962619304657
40.89836620001006,-0.49993404746055603,0.8363932371139526,0.05945539101958275,-0.05054504796862602,0.04788699373602867,0.2748262882232666,0.9589695334434509
40.90256320001208,-0.4999102056026459,0.8364063501358032,0.059467192739248276,-0.050475943833589554,0.04794413968920708,0.27461716532707214,0.959030270576477
40.90667840000242,-0.4998950958251953,0.8364049196243286,0.059478580951690674,-0.05061236023902893,0.04799197241663933,0.27476564049720764,0.9589781761169434
40.91095099999802,-0.4998723268508911,0.8364137411117554,0.059493426233530045,-0.05059242248535156,0.047986164689064026,0.2747824788093567,0.9589745998382568
40.91507730000012,-0.49985992908477783,0.8364079594612122,0.05949712172150612,-0.050669584423303604,0.04797065630555153,0.274911493062973,0.9589343667030334
40.91944300000614,-0.4998396933078766,0.8364144563674927,0.05951235815882683,-0.05049741268157959,0.048055291175842285,0.2746727168560028,0.9590076804161072
40.92384120001225,-0.49982231855392456,0.8364110589027405,0.05952465534210205,-0.050574373453855515,0.04797061160206795,0.274579256772995,0.9590345621109009
40.92786190001061,-0.4998124837875366,0.8363981246948242,0.05953396484255791,-0.05093789100646973,0.04793355241417885,0.2750656306743622,0.9588778018951416
40.933136600011494,-0.49978211522102356,0.8363965749740601,0.059542834758758545,-0.050824303179979324,0.0481247715651989,0.27497708797454834,0.9588996171951294
40.93657420000818,-0.4997582733631134,0.836421012878418,0.05958089977502823,-0.05013543739914894,0.04831654578447342,0.2741864025592804,0.9591526389122009
40.94030320001184,-0.4997365176677704,0.8364083170890808,0.05960918962955475,-0.050092946738004684,0.04824219271540642,0.27389129996299744,0.9592428803443909
40.9442199000041,-0.4997314214706421,0.8363953828811646,0.059625014662742615,-0.050210412591695786,0.04827704280614853,0.27420708537101746,0.9591447710990906
40.94828840000264,-0.49971407651901245,0.8363972306251526,0.05964387580752373,-0.05005453899502754,0.04828234389424324,0.27404049038887024,0.9592002630233765
40.953126100008376,-0.4997001886367798,0.8363962769508362,0.05966023728251457,-0.050094541162252426,0.0482807494699955,0.2741599678993225,0.9591641426086426
40.95693949999986,-0.49968332052230835,0.8363919854164124,0.05967862531542778,-0.05002029612660408,0.04831719771027565,0.27421995997428894,0.9591490030288696
40.96106729999883,-0.4996665418148041,0.8363854289054871,0.05969790741801262,-0.04982021823525429,0.04830745607614517,0.2740406095981598,0.9592112302780151
40.964998399998876,-0.4996524751186371,0.8363751173019409,0.059721581637859344,-0.04989631474018097,0.04830380529165268,0.2743137776851654,0.9591293931007385
40.96915610000724,-0.4996350407600403,0.8363725543022156,0.059738535434007645,-0.049887701869010925,0.04821905493736267,0.2744511663913727,0.959094762802124
40.973393300009775,-0.49961838126182556,0.8363667726516724,0.05975357070565224,-0.049697715789079666,0.04831346869468689,0.27439841628074646,0.9591149091720581
40.977961500000674,-0.49959832429885864,0.8363606333732605,0.059770617634058,-0.04961748793721199,0.04834577813744545,0.27437421679496765,0.9591244459152222
40.98228750000999,-0.49957674741744995,0.8363490700721741,0.05978313833475113,-0.049580082297325134,0.04842445254325867,0.2743616998195648,0.9591259956359863
40.98611170001095,-0.49955350160598755,0.836338460445404,0.05979881063103676,-0.049547407776117325,0.048406437039375305,0.2744974195957184,0.9590896964073181
40.990190299999085,-0.49953243136405945,0.8363320231437683,0.05980215221643448,-0.04936046153306961,0.04846359044313431,0.27448540925979614,0.9590998888015747
40.994354200011,-0.4994918704032898,0.836326003074646,0.059829626232385635,-0.04942137748003006,0.04846862331032753,0.27464428544044495,0.9590510129928589
40.998415699999896,-0.4994857609272003,0.8363121151924133,0.05981855466961861,-0.04920649528503418,0.04861792176961899,0.27449095249176025,0.9590984582901001
41.0030337000062,-0.49944859743118286,0.8363044857978821,0.05983828753232956,-0.049238353967666626,0.04862165451049805,0.2746252417564392,0.9590582251548767
41.00714090000838,-0.499421089887619,0.8362993001937866,0.059846457093954086,-0.04931824654340744,0.04855627194046974,0.27480822801589966,0.9590049386024475
41.01114110001072,-0.49938637018203735,0.83631831407547,0.05988277122378349,-0.048959165811538696,0.048044655472040176,0.27517595887184143,0.9589436650276184
41.015291800009436,-0.499373197555542,0.836290717124939,0.05985613167285919,-0.04914133995771408,0.04868922755122185,0.274728924036026,0.959030032157898
41.01923470001202,-0.49933600425720215,0.8362764120101929,0.05985133722424507,-0.04905525967478752,0.04867011681199074,0.2744089663028717,0.9591269493103027
41.02346140000736,-0.4992968440055847,0.8362987041473389,0.05987045541405678,-0.04826976731419563,0.04809819906949997,0.27451133728027344,0.9591663479804993
41.02725670000655,-0.49927061796188354,0.8362983465194702,0.059871308505535126,-0.048085711896419525,0.04815368354320526,0.27436789870262146,0.9592138528823853
41.0318016000092,-0.4992370009422302,0.8362977504730225,0.059882137924432755,-0.04839456453919411,0.04812801629304886,0.2746967375278473,0.9591054916381836
41.03787070000544,-0.49921849370002747,0.8362920880317688,0.05985872447490692,-0.04804089292883873,0.04820321127772331,0.27444201707839966,0.9591924548149109
41.0418931000022,-0.499193012714386,0.8362672924995422,0.05983056128025055,-0.04824068769812584,0.04877452552318573,0.2740374505519867,0.9592692255973816
41.04595270000573,-0.4991547465324402,0.8362919688224792,0.05985214188694954,-0.0480840839445591,0.04817826300859451,0.2745363116264343,0.9591646194458008
41.050152200012235,-0.4991191327571869,0.8362961411476135,0.0598544143140316,-0.048288606107234955,0.04813515394926071,0.2747758626937866,0.9590878486633301
41.053486900011194,-0.49909254908561707,0.8362900614738464,0.05983496084809303,-0.04809384420514107,0.048008449375629425,0.27455219626426697,0.959168016910553
41.05708759999834,-0.4990638494491577,0.8362881541252136,0.05982447788119316,-0.04804784804582596,0.04799513891339302,0.2744491696357727,0.9592004418373108
41.06107180000981,-0.499020516872406,0.8362910151481628,0.05982852727174759,-0.048413947224617004,0.048012372106313705,0.27471503615379333,0.9591050744056702
41.06520640000235,-0.49899566173553467,0.8362846970558167,0.059809938073158264,-0.04846552759408951,0.04790116101503372,0.27482032775878906,0.9590779542922974
41.069127599999774,-0.4989687502384186,0.8362902402877808,0.059786081314086914,-0.04844973236322403,0.04796981438994408,0.2746284604072571,0.9591302871704102
41.07326550000289,-0.4989372789859772,0.836301326751709,0.05980366840958595,-0.0484359934926033,0.04817159101366997,0.2746864855289459,0.9591041803359985
41.077477800005,-0.4989181160926819,0.8363025188446045,0.059801019728183746,-0.048603300005197525,0.0482160821557045,0.27477994561195374,0.9590666890144348
41.081595800002106,-0.4989163279533386,0.8362939357757568,0.05977668613195419,-0.048647601157426834,0.047998473048210144,0.2748886048793793,0.9590442180633545
41.08582050001132,-0.49888932704925537,0.8363041281700134,0.059778232127428055,-0.048524558544158936,0.048396628350019455,0.2747034430503845,0.9590835571289062
41.08996830000251,-0.49889686703681946,0.8362882733345032,0.05977542698383331,-0.04851868003606796,0.04815441370010376,0.27482691407203674,0.9590606093406677
41.09424800000852,-0.49889686703681946,0.8362882733345032,0.05977542698383331,-0.04851868003606796,0.04815441370010376,0.27482691407203674,0.9590606093406677
41.09847290000471,-0.49888545274734497,0.8362908363342285,0.059775497764348984,-0.048280004411935806,0.04823605343699455,0.2747576832771301,0.9590883851051331
41.1026639000047,-0.4988629221916199,0.8362925052642822,0.059774249792099,-0.04841257259249687,0.04856168478727341,0.2749788165092468,0.9590019583702087
41.10716110000794,-0.49887391924858093,0.836276650428772,0.059769969433546066,-0.04831256717443466,0.04826029762625694,0.27498379349708557,0.959020733833313
41.11103910001111,-0.4988529682159424,0.8362834453582764,0.05976634472608566,-0.04826091229915619,0.04854140058159828,0.27510109543800354,0.9589755535125732
41.11506219999865,-0.4988469183444977,0.8362746834754944,0.05976143851876259,-0.04828407242894173,0.04855812340974808,0.2751292586326599,0.9589654803276062
41.11919740001031,-0.49884161353111267,0.8362665772438049,0.05975021794438362,-0.048286180943250656,0.04850035533308983,0.27526500821113586,0.9589293003082275
41.12359190000279,-0.4988396465778351,0.8362634181976318,0.0597444586455822,-0.048292409628629684,0.048573967069387436,0.2752087712287903,0.9589413404464722
41.12779300000693,-0.49884936213493347,0.8362450003623962,0.059741176664829254,-0.04836011677980423,0.048206619918346405,0.2752852141857147,0.9589345455169678
41.13171940000029,-0.4988253712654114,0.8362446427345276,0.05973714217543602,-0.04824936389923096,0.048538923263549805,0.2752070128917694,0.9589458703994751
41.13609680000809,-0.4988184869289398,0.8362370133399963,0.059733740985393524,-0.048188015818595886,0.04851866513490677,0.2751229405403137,0.9589741230010986
41.140120600000955,-0.498808890581131,0.8362226486206055,0.05973329022526741,-0.048192717134952545,0.04850395396351814,0.27502521872520447,0.9590026140213013
41.14423780000652,-0.49880239367485046,0.8362123370170593,0.059736218303442,-0.048094384372234344,0.04849974066019058,0.2749383747577667,0.9590326547622681
41.14834610000253,-0.4988061189651489,0.8361861705780029,0.05972054973244667,-0.04846618324518204,0.04798842966556549,0.27521592378616333,0.9589601159095764
41.1522585000057,-0.4987783432006836,0.8361949920654297,0.059727154672145844,-0.04809719696640968,0.048456478863954544,0.2746976315975189,0.9591036438941956
41.15677390000201,-0.4987693130970001,0.8361380100250244,0.059675924479961395,-0.04851864278316498,0.048889387398958206,0.27444347739219666,0.9591332077980042
41.16104780000751,-0.49875104427337646,0.8361225128173828,0.05967860668897629,-0.04856276884675026,0.04894103482365608,0.2744594216346741,0.9591237902641296
41.165118400007486,-0.4987390637397766,0.8361415863037109,0.05971579998731613,-0.04810915142297745,0.04833751171827316,0.27482864260673523,0.9590715169906616
41.169597500003874,-0.4987357556819916,0.8360941410064697,0.0596853569149971,-0.04808828607201576,0.04894205927848816,0.2740498483181,0.9592647552490234
41.173613500010106,-0.4987136423587799,0.8361028432846069,0.059729818254709244,-0.047962334007024765,0.048252254724502563,0.27487948536872864,0.9590686559677124
41.17765950001194,-0.49867814779281616,0.8360668420791626,0.059757888317108154,-0.047793496400117874,0.04849707707762718,0.27521538734436035,0.9589683413505554
41.18217330001062,-0.49866119027137756,0.8360525965690613,0.05976908281445503,-0.04747746139764786,0.04856661334633827,0.2749129831790924,0.9590673446655273
41.18625480000628,-0.4986448287963867,0.8360410928726196,0.05978778004646301,-0.047193918377161026,0.04858638718724251,0.274990051984787,0.9590582251548767
41.19035580000491,-0.4986291527748108,0.8360216617584229,0.05981442332267761,-0.046983491629362106,0.048590224236249924,0.27504271268844604,0.9590532779693604
41.19415550000849,-0.49860915541648865,0.8359905481338501,0.0598582923412323,-0.046432316303253174,0.048542898148298264,0.2750774621963501,0.959072470664978
41.198276399998576,-0.49859458208084106,0.8359660506248474,0.05988989770412445,-0.0459173209965229,0.048789363354444504,0.27502310276031494,0.9591003060340881
41.202432999998564,-0.49857956171035767,0.8359107375144958,0.05994937941431999,-0.04471249505877495,0.04878602549433708,0.2750692665576935,0.9591442942619324
41.20651689999795,-0.49855151772499084,0.835856020450592,0.06002458184957504,-0.04412192478775978,0.049085114151239395,0.2754170596599579,0.9590564966201782
41.21082630001183,-0.4985317289829254,0.8358072638511658,0.06009167060256004,-0.043416254222393036,0.04902764409780502,0.27586790919303894,0.958962082862854
41.21497559999989,-0.49852254986763,0.8357475399971008,0.060184773057699203,-0.04150323197245598,0.049083780497312546,0.2753131687641144,0.9592033624649048
41.21939610000118,-0.49846401810646057,0.8357129096984863,0.060258299112319946,-0.04125180467963219,0.04918631166219711,0.2754317820072174,0.9591748118400574
41.22358479999821,-0.49844300746917725,0.8356430530548096,0.060309998691082,-0.04013106971979141,0.048935942351818085,0.2752671539783478,0.959282398223877
41.227747400000226,-0.49840372800827026,0.8356032371520996,0.060355860739946365,-0.03958064317703247,0.048951130360364914,0.27526557445526123,0.9593049883842468
41.23267540000961,-0.49837666749954224,0.8355647325515747,0.06039348617196083,-0.03919471055269241,0.04889991134405136,0.27541112899780273,0.9592816233634949
41.236198800004786,-0.4983395040035248,0.8355209231376648,0.06042981147766113,-0.038938648998737335,0.048944905400276184,0.275581955909729,0.959240734577179
41.24040030001197,-0.498308002948761,0.8354875445365906,0.060470640659332275,-0.038058843463659286,0.04943549633026123,0.27492308616638184,0.9594399333000183
41.24444680000306,-0.49828267097473145,0.8354501724243164,0.060509730130434036,-0.03771991655230522,0.049585603177547455,0.27484411001205444,0.9594682455062866
41.248794300001464,-0.49825143814086914,0.8354150652885437,0.0605352558195591,-0.03728896751999855,0.04973684623837471,0.2747630178928375,0.9595004320144653
41.25328140000056,-0.4982103705406189,0.8353626728057861,0.060558076947927475,-0.03753618150949478,0.04958920180797577,0.2754385769367218,0.9593047499656677
41.257135300009395,-0.4981798529624939,0.8353392481803894,0.060579814016819,-0.03715014085173607,0.04962456226348877,0.2752334177494049,0.959376871585846
41.261328300010064,-0.4981372654438019,0.8353093862533569,0.06062004715204239,-0.03688085451722145,0.04952327907085419,0.2750195860862732,0.9594537615776062
41.26532830001088,-0.4981151521205902,0.8352665901184082,0.06062871962785721,-0.03715117275714874,0.049336232244968414,0.2757353186607361,0.9592475295066833
41.26925610000035,-0.4980737864971161,0.8352380394935608,0.060668203979730606,-0.036925047636032104,0.049385301768779755,0.27581411600112915,0.9592310786247253
41.273775800000294,-0.49801090359687805,0.8352335691452026,0.06074684113264084,-0.035697970539331436,0.050003137439489365,0.27484560012817383,0.9595234394073486
41.277778400006355,-0.49797096848487854,0.83521568775177,0.06078072637319565,-0.03525106608867645,0.05005069449543953,0.2748498320579529,0.9595363140106201
41.28197110000474,-0.4979294240474701,0.8351861238479614,0.060815975069999695,-0.034701716154813766,0.05019368976354599,0.2745181620121002,0.9596437811851501
41.287226800006465,-0.4978460967540741,0.8351704478263855,0.060865096747875214,-0.03441545367240906,0.05006711557507515,0.2742541432380676,0.9597362279891968
41.29092660000606,-0.4977961778640747,0.8351426124572754,0.06089574098587036,-0.03400658071041107,0.050104815512895584,0.27403169870376587,0.959812343120575
41.29503240001213,-0.49774977564811707,0.835117757320404,0.06092415377497673,-0.03357509896159172,0.05021514371037483,0.27399519085884094,0.9598321914672852
41.29840420000255,-0.49770036339759827,0.8350991010665894,0.06094915792346001,-0.03314089775085449,0.050273697823286057,0.27383244037628174,0.9598907232284546
41.3027618000051,-0.49765220284461975,0.835075318813324,0.06097080931067467,-0.03291827440261841,0.05024491250514984,0.27390068769454956,0.9598804116249084
41.306751500000246,-0.4976087808609009,0.8350606560707092,0.06099375709891319,-0.03255366533994675,0.05034255236387253,0.2737419903278351,0.9599329233169556
41.31122880001203,-0.4975614547729492,0.835030198097229,0.06102374196052551,-0.031800735741853714,0.05042369291186333,0.273548424243927,0.9600091576576233
41.31513490001089,-0.4975188970565796,0.8350073099136353,0.06105664372444153,-0.03151918575167656,0.05051515996456146,0.27357217669487,0.960006833076477
41.31921159999911,-0.4974605441093445,0.8349974751472473,0.06110922992229462,-0.03103981353342533,0.05090949684381485,0.27335286140441895,0.9600641131401062
41.32395540000289,-0.49741825461387634,0.8349774479866028,0.061142489314079285,-0.030539510771632195,0.05108639597892761,0.2731459438800812,0.9601295590400696
41.328495200010366,-0.49737969040870667,0.8349626660346985,0.061172548681497574,-0.03033733181655407,0.051113128662109375,0.27321794629096985,0.960114061832428
41.33196870000393,-0.49733179807662964,0.8349466919898987,0.061198730021715164,-0.030032213777303696,0.05113353207707405,0.2730848789215088,0.9601604342460632
41.33599760000652,-0.4972936511039734,0.8349296450614929,0.06122373789548874,-0.029804347082972527,0.051248468458652496,0.2729737460613251,0.9601930975914001
41.34025420001126,-0.4972546100616455,0.8349111676216125,0.06125336512923241,-0.029490869492292404,0.05127738416194916,0.2729359269142151,0.9602118730545044
41.34434530000726,-0.4972151815891266,0.8348807692527771,0.06126568466424942,-0.028625071048736572,0.05136505141854286,0.2726898193359375,0.9603033661842346
41.34852280000632,-0.4971782863140106,0.8348560929298401,0.06128097325563431,-0.028399204835295677,0.05137612670660019,0.27257490158081055,0.9603421688079834
41.352592499999446,-0.4971459209918976,0.8348336219787598,0.06129603460431099,-0.02832575887441635,0.051319144666194916,0.2725759446620941,0.9603469967842102
41.35642789999838,-0.4971459209918976,0.8348336219787598,0.06129603460431099,-0.02832575887441635,0.051319144666194916,0.2725759446620941,0.9603469967842102
41.361104700001306,-0.4970933496952057,0.8348013758659363,0.061308786273002625,-0.02806849405169487,0.05127139762043953,0.27271634340286255,0.9603173136711121
41.36529960000189,-0.4970698356628418,0.8347858190536499,0.06131960451602936,-0.027894731611013412,0.051331181079149246,0.27272358536720276,0.9603170156478882
41.369840600003954,-0.497050404548645,0.8347763419151306,0.061336420476436615,-0.02781938575208187,0.05118720605969429,0.2725661098957062,0.9603716135025024
41.37708790000761,-0.49701231718063354,0.8347411155700684,0.06138632073998451,-0.027256859466433525,0.05107579380273819,0.27249038219451904,0.9604151844978333
41.381364500004565,-0.4970010221004486,0.8347175717353821,0.06142262741923332,-0.026809999719262123,0.05097200721502304,0.2724612057209015,0.9604415893554688
41.38554760000261,-0.4969803988933563,0.8346835970878601,0.06147333234548569,-0.026152746751904488,0.050970181822776794,0.2724587321281433,0.9604604840278625
41.38987410000118,-0.49695178866386414,0.8346350193023682,0.06155353784561157,-0.025103241205215454,0.051252830773591995,0.2722392678260803,0.9605357050895691
41.39406940000481,-0.49693363904953003,0.8346015810966492,0.06168832629919052,-0.02274712547659874,0.05072963982820511,0.27174606919288635,0.9607617855072021
41.39862570000696,-0.49689653515815735,0.8345409631729126,0.061774447560310364,-0.021495139226317406,0.05079923942685127,0.27183133363723755,0.9607628583908081
41.40263860000414,-0.49685946106910706,0.8344677090644836,0.061886344105005264,-0.02022424526512623,0.050681084394454956,0.27160078287124634,0.9608618021011353
41.406782200007,-0.4968114495277405,0.8343685865402222,0.06201234832406044,-0.0192580446600914,0.05039655417203903,0.27152273058891296,0.9609187245368958
41.4110886999988,-0.4967647194862366,0.8342819809913635,0.06213091313838959,-0.018151169642806053,0.050141990184783936,0.27198725938796997,0.9608221650123596
41.41529440000886,-0.49671506881713867,0.8341999053955078,0.062244195491075516,-0.016706012189388275,0.049995604902505875,0.27185991406440735,0.9608920812606812
41.41933240000799,-0.496660053730011,0.8341021537780762,0.06234785169363022,-0.015018333680927753,0.050042055547237396,0.2718474268913269,0.9609211087226868
41.42326930000854,-0.49660003185272217,0.834004819393158,0.062448643147945404,-0.014042605645954609,0.04988149553537369,0.27238231897354126,0.9607927203178406
41.42736900001182,-0.49651986360549927,0.833914577960968,0.06257278472185135,-0.012721654027700424,0.05039720982313156,0.2718796133995056,0.9609265923500061
41.43187680000847,-0.4964712858200073,0.8338241577148438,0.0626603215932846,-0.01142154075205326,0.05042704567313194,0.27176621556282043,0.96097332239151
41.436620500011486,-0.49642056226730347,0.8337470293045044,0.06274071335792542,-0.010395149700343609,0.050790607929229736,0.2716289460659027,0.9610046744346619
41.44090739999956,-0.496377170085907,0.83366858959198,0.06280820816755295,-0.009929921478033066,0.050875548273324966,0.27185681462287903,0.9609407186508179
41.44463880000694,-0.4963492751121521,0.8335995078086853,0.06285703182220459,-0.009258870966732502,0.05080791562795639,0.27182242274284363,0.9609606266021729
41.44900659999985,-0.4963289201259613,0.8335126638412476,0.06290215253829956,-0.008080550469458103,0.05065280199050903,0.2716725766658783,0.9610218405723572
41.45279960001062,-0.4962939918041229,0.8334474563598633,0.06294126808643341,-0.007554720621556044,0.05066748335957527,0.27139076590538025,0.9611049890518188
41.45676050000475,-0.49625179171562195,0.8333868980407715,0.06296797096729279,-0.006954404059797525,0.050641972571611404,0.2709934413433075,0.9612229466438293
41.461327000011806,-0.4962157607078552,0.8333251476287842,0.0629800483584404,-0.006322704721242189,0.05056457966566086,0.27079275250434875,0.9612879157066345
41.46561480000673,-0.49617281556129456,0.8332654237747192,0.06301495432853699,-0.005737104453146458,0.050430092960596085,0.27019354701042175,0.9614673256874084
41.46940880001057,-0.49613717198371887,0.8332076668739319,0.06303367018699646,-0.00519256666302681,0.05053239315748215,0.26993536949157715,0.9615375995635986
41.473438500004704,-0.4961150884628296,0.8331477046012878,0.06305515766143799,-0.004707979038357735,0.050548240542411804,0.2697635293006897,0.9615874290466309
41.47751700000663,-0.4960853159427643,0.8330814838409424,0.06307613849639893,-0.0041139815002679825,0.05069323629140854,0.26966455578804016,0.9616102576255798
41.48172210001212,-0.4960675835609436,0.8330237865447998,0.06310674548149109,-0.0034423619508743286,0.05082740634679794,0.26932114362716675,0.9617021083831787
41.48581130000821,-0.49603283405303955,0.8329129815101624,0.06311199814081192,-0.0022139144130051136,0.050993915647268295,0.26927950978279114,0.9617084860801697
41.489984900006675,-0.4960150718688965,0.8328529596328735,0.06314695626497269,-0.001183816115371883,0.05122731626033783,0.2689521014690399,0.9617895483970642
41.494232000011834,-0.4959930181503296,0.832800030708313,0.06317084282636642,-0.0007618175586685538,0.05125363916158676,0.2690487504005432,0.9617615342140198
41.49833349999972,-0.49596962332725525,0.8327494263648987,0.06319893896579742,-7.405725045828149e-05,0.05134917050600052,0.2687934637069702,0.9618281126022339
41.502731800006586,-0.4959455132484436,0.8327058553695679,0.06322644650936127,0.0005188352079130709,0.051399003714323044,0.2688233256340027,0.9618169665336609
41.50673910000478,-0.4959169626235962,0.8326581120491028,0.06326683610677719,0.0011591558577492833,0.051231663674116135,0.26838478446006775,0.9619477987289429
41.51105470000766,-0.49588343501091003,0.8326233625411987,0.0632873922586441,0.0017849183641374111,0.05147397145628929,0.26821109652519226,0.9619823098182678
41.5150624000089,-0.49583885073661804,0.8325707316398621,0.06331817060709,0.0023809694685041904,0.05118782818317413,0.26747918128967285,0.9622001647949219
41.519254400001955,-0.49581050872802734,0.8325182199478149,0.06333737820386887,0.003141387365758419,0.05163358524441719,0.26706647872924805,0.9622887969017029
41.52347759999975,-0.4957880973815918,0.8324711918830872,0.06334290653467178,0.003515378339216113,0.05154934525489807,0.26704901456832886,0.9622968435287476
41.52759959999821,-0.4957687258720398,0.832426905632019,0.06333781033754349,0.0037635439075529575,0.05162995308637619,0.2669692039489746,0.962313711643219
41.53171980001207,-0.4957524836063385,0.8323795795440674,0.06333330273628235,0.003981499001383781,0.051559533923864365,0.26680630445480347,0.962361752986908
41.53624929999933,-0.4957338571548462,0.8323312997817993,0.0633208379149437,0.0041328296065330505,0.05159440636634827,0.26695016026496887,0.9623193740844727
41.54422570001043,-0.49572136998176575,0.8322342038154602,0.06331849098205566,0.004759220872074366,0.05172230675816536,0.26677206158638,0.9623589515686035
41.5487800000119,-0.495681494474411,0.8321821689605713,0.06332090497016907,0.0050913249142467976,0.051617830991744995,0.2661970257759094,0.9625220894813538
41.55286640000122,-0.4956679344177246,0.8321213126182556,0.06333212554454803,0.005575355142354965,0.051746003329753876,0.2663419246673584,0.9624724984169006
41.55711770000926,-0.4956529438495636,0.8320868015289307,0.06333380192518234,0.005894939880818129,0.051965054124593735,0.2661527991294861,0.9625111222267151
41.56506150000496,-0.4956226050853729,0.8320155739784241,0.0633402168750763,0.006412089802324772,0.052175089716911316,0.2660263180732727,0.9625314474105835
41.56923750000715,-0.4956011474132538,0.8319962620735168,0.0633380338549614,0.006743344943970442,0.0523383729159832,0.2657090723514557,0.9626079201698303
41.57342100000824,-0.49558231234550476,0.8319755792617798,0.06333501636981964,0.007074745837599039,0.05246318504214287,0.2653735280036926,0.9626913070678711
41.5779210000037,-0.49555373191833496,0.8319536447525024,0.06333146244287491,0.00722526665776968,0.052517764270305634,0.26527345180511475,0.9627147316932678
41.58193910001137,-0.49553123116493225,0.8319359421730042,0.06332632154226303,0.007516034413129091,0.05266653373837471,0.2650074064731598,0.9627776741981506
41.58700900000986,-0.495503306388855,0.8319093585014343,0.06332037597894669,0.007837180979549885,0.052773457020521164,0.2647632658481598,0.9628363847732544
41.590655699998024,-0.4954710006713867,0.8318813443183899,0.06330772489309311,0.008083957247436047,0.05291840061545372,0.2644953727722168,0.9629000425338745
41.59446130000288,-0.49542534351348877,0.8318431973457336,0.06329353898763657,0.008245034143328667,0.05295594409108162,0.26398855447769165,0.9630357027053833
41.59872750000795,-0.4953901469707489,0.8318032026290894,0.06327403336763382,0.008433551527559757,0.0530155785381794,0.263724684715271,0.9631031155586243
41.60349490000226,-0.49535536766052246,0.8317781686782837,0.06324263662099838,0.008414385840296745,0.05293945595622063,0.2637138068675995,0.9631104469299316
41.60706629999913,-0.49532976746559143,0.8317430019378662,0.06322021782398224,0.008368555456399918,0.052894365042448044,0.2638647258281708,0.9630719423294067
41.610997000010684,-0.49531057476997375,0.8316981196403503,0.06318886578083038,0.008503751829266548,0.052984390407800674,0.2637163996696472,0.9631064534187317
41.616267300007166,-0.49528855085372925,0.8316643834114075,0.06316117197275162,0.008524209260940552,0.05294870212674141,0.26382362842559814,0.9630789160728455
41.619935599999735,-0.49527350068092346,0.8316208720207214,0.06311936676502228,0.008673571981489658,0.05306779593229294,0.2634691298007965,0.9631680250167847
41.62337950000074,-0.49526727199554443,0.8315900564193726,0.06308519095182419,0.008587195537984371,0.05303466320037842,0.26372918486595154,0.963099479675293
41.6274839000107,-0.49527621269226074,0.831539511680603,0.06304080784320831,0.008189044892787933,0.052890267223119736,0.2642863094806671,0.9629580974578857
41.631630600008066,-0.4952816367149353,0.8315184116363525,0.06301108747720718,0.00799476820975542,0.052853379398584366,0.2646098732948303,0.9628728628158569
41.63569560000906,-0.49528980255126953,0.8315016031265259,0.06298507750034332,0.008019604720175266,0.05285478010773659,0.2647622227668762,0.9628307223320007
41.63975539999956,-0.49529218673706055,0.8314842581748962,0.06296218931674957,0.008309602737426758,0.05287120118737221,0.26468029618263245,0.9628499746322632
41.644033500007936,-0.4952976703643799,0.8314412832260132,0.06292849779129028,0.00869186595082283,0.053237419575452805,0.2644520103931427,0.9628890752792358
41.64845970000897,-0.49528783559799194,0.8314424753189087,0.06294271349906921,0.009069280698895454,0.05300990492105484,0.2647314965724945,0.962821364402771
41.652415200005635,-0.49528443813323975,0.8314222693443298,0.06292986124753952,0.009145190939307213,0.053313110023736954,0.2645016610622406,0.9628671407699585
41.656633500009775,-0.49525758624076843,0.8314236998558044,0.06294430047273636,0.009715165011584759,0.053144145756959915,0.26461929082870483,0.9628384709358215
41.661117299998295,-0.4952290952205658,0.8314111232757568,0.06294514238834381,0.009959585033357143,0.053236447274684906,0.2644485831260681,0.9628778100013733
41.66525900000124,-0.4952070415019989,0.8313953876495361,0.06294815987348557,0.010181688703596592,0.05320310592651367,0.26435425877571106,0.9629032611846924
41.66940310000791,-0.49517568945884705,0.831383466720581,0.06294558942317963,0.010776899755001068,0.05335361137986183,0.2640492916107178,0.962972104549408
41.67337590000534,-0.49513566493988037,0.8313794136047363,0.06295397877693176,0.010838980786502361,0.05375107750296593,0.2639227509498596,0.9629839658737183
41.67805529999896,-0.4951092600822449,0.8313631415367126,0.06295476108789444,0.010999917984008789,0.053748778998851776,0.2637680470943451,0.9630247354507446
41.68220419999852,-0.49509403109550476,0.8313538432121277,0.0629524365067482,0.011171347461640835,0.0537988506257534,0.2636595368385315,0.963049590587616
41.68607989999873,-0.495080828666687,0.8313173055648804,0.06296081840991974,0.011821671389043331,0.053761836141347885,0.26341402530670166,0.9631111025810242
41.690447400003904,-0.49506452679634094,0.831305980682373,0.06296458095312119,0.012038341723382473,0.05379655957221985,0.26317158341407776,0.9631727933883667
41.69436040001165,-0.4950471818447113,0.8313021659851074,0.0629677027463913,0.012210107408463955,0.053856633603572845,0.2630242705345154,0.9632074236869812
41.69845000001078,-0.4950299561023712,0.8312965631484985,0.06296097487211227,0.012221483513712883,0.053785983473062515,0.26299700140953064,0.9632186889648438
41.70267940001213,-0.4950127601623535,0.8312872052192688,0.06295298039913177,0.012098697014153004,0.053755030035972595,0.2629803717136383,0.9632265567779541
41.7067473000061,-0.4949934482574463,0.8312912583351135,0.0629141703248024,0.011700809933245182,0.05412280559539795,0.26260751485824585,0.9633126258850098
41.71106359999976,-0.49496620893478394,0.8313018679618835,0.06291040033102036,0.011747954413294792,0.053814951330423355,0.26252925395965576,0.9633505344390869
41.71505749999778,-0.4949618875980377,0.8312907218933105,0.06288176029920578,0.011571582406759262,0.05394776538014412,0.2623925805091858,0.9633825421333313
41.719208499998786,-0.4949377775192261,0.8312994837760925,0.06285221874713898,0.011537331156432629,0.05394558608531952,0.2622647285461426,0.9634179472923279
41.72341679999954,-0.49492520093917847,0.8312998414039612,0.06282939016819,0.01134786568582058,0.05390932410955429,0.26216766238212585,0.9634485840797424
41.727622700011125,-0.4949166774749756,0.831305742263794,0.06280355900526047,0.01122063398361206,0.053885653614997864,0.26211392879486084,0.9634660482406616
41.73187420000613,-0.49490678310394287,0.8313108682632446,0.06277699768543243,0.010823577642440796,0.05376047641038895,0.262218177318573,0.9634491205215454
41.73597619999782,-0.4949066936969757,0.8313261270523071,0.06275124102830887,0.010750955902040005,0.053773920983076096,0.26205137372016907,0.963494598865509
41.74043820000952,-0.49490952491760254,0.8313413858413696,0.06272213906049728,0.010587649419903755,0.05376097187399864,0.26192858815193176,0.9635306000709534
41.74440219999815,-0.4949328601360321,0.8313422203063965,0.0626845732331276,0.01048723328858614,0.05341750383377075,0.2620486915111542,0.9635180830955505
41.748399300005985,-0.4949512183666229,0.8313754796981812,0.06266392022371292,0.010346043854951859,0.05341155081987381,0.26176732778549194,0.9635964035987854
41.752587100010714,-0.4949727952480316,0.8313995003700256,0.06265038251876831,0.01021542213857174,0.05338595435023308,0.26189082860946655,0.9635656476020813
41.75690500000201,-0.4950045645236969,0.8314378261566162,0.06264247000217438,0.0098495464771986,0.05327142775058746,0.2620057165622711,0.9635446071624756
41.76116860000184,-0.4950399100780487,0.8314588069915771,0.06263111531734467,0.009735803119838238,0.05329298600554466,0.2619870901107788,0.9635496139526367
41.765632700000424,-0.4950694739818573,0.8314893245697021,0.0626319944858551,0.009718886576592922,0.05322606861591339,0.26208364963531494,0.963527262210846
41.76933770001051,-0.4950990676879883,0.8315121531486511,0.062629334628582,0.009654301218688488,0.05325647443532944,0.2621006965637207,0.9635215997695923
41.77351220000128,-0.49512723088264465,0.8315404653549194,0.06263239681720734,0.009641553275287151,0.053200989961624146,0.26222169399261475,0.9634918570518494
41.77781759999925,-0.4951569736003876,0.831591784954071,0.06260459125041962,0.009464618749916553,0.05352909490466118,0.26241761445999146,0.9634221196174622
41.781866200006334,-0.4951780438423157,0.8316195607185364,0.0626111552119255,0.009391511790454388,0.05352301895618439,0.2626686096191406,0.963354766368866
41.78763270001218,-0.4951959252357483,0.8316451907157898,0.06261522322893143,0.00953375082463026,0.053566791117191315,0.262508362531662,0.9633945822715759
41.79109430000244,-0.4952102601528168,0.8316699862480164,0.06262396275997162,0.009493530727922916,0.053581565618515015,0.26246070861816406,0.9634070992469788
41.79853900001035,-0.4952332675457001,0.8317286968231201,0.0626157894730568,0.009513619355857372,0.053656745702028275,0.26217469573020935,0.9634806513786316
41.80260980001185,-0.4952443838119507,0.8317587375640869,0.06261755526065826,0.009513766504824162,0.05378398671746254,0.2620793282985687,0.9634994864463806
41.80742800000007,-0.4952511489391327,0.8317880630493164,0.06260835379362106,0.009229836985468864,0.053666748106479645,0.26211217045783997,0.9634997844696045
41.810994200001005,-0.49526938796043396,0.8318251371383667,0.06261458992958069,0.00880504585802555,0.053779296576976776,0.2619599401950836,0.9635390043258667
41.815205899998546,-0.49528592824935913,0.8318614363670349,0.06261485069990158,0.00857139565050602,0.05370361730456352,0.2619580626487732,0.9635457396507263
41.819198700002744,-0.4952950179576874,0.8319063782691956,0.0626208484172821,0.008641147054731846,0.053543832153081894,0.26200589537620544,0.9635410904884338
41.82353259999945,-0.4953140318393707,0.8319405913352966,0.06262444704771042,0.008414759300649166,0.053506411612033844,0.2621220052242279,0.9635135531425476
41.82774620001146,-0.4953305423259735,0.8319783210754395,0.06263501942157745,0.008149291388690472,0.053518351167440414,0.2621060311794281,0.9635195136070251
41.83219000000099,-0.4953380227088928,0.8320327401161194,0.06263810396194458,0.008270584046840668,0.05361117422580719,0.26166069507598877,0.9636343121528625
41.83625740000571,-0.49534741044044495,0.8320730328559875,0.06262913346290588,0.008105257526040077,0.053586769849061966,0.26158037781715393,0.9636589884757996
41.8402219999989,-0.4953652024269104,0.8321103453636169,0.06262955069541931,0.007665139622986317,0.053514763712882996,0.2614205479621887,0.9637098908424377
41.84443640000245,-0.4953780174255371,0.8321513533592224,0.06260689347982407,0.007491070311516523,0.05362505838274956,0.2615180015563965,0.9636786580085754
41.84866810000676,-0.49539121985435486,0.8321913480758667,0.06260073184967041,0.007254537660628557,0.053628768771886826,0.2614242732524872,0.9637057185173035
41.852874000003794,-0.49539658427238464,0.8322431445121765,0.06258846819400787,0.0071798586286604404,0.05363709107041359,0.2613566815853119,0.9637241959571838
41.86107140000968,-0.4954361915588379,0.8323273658752441,0.06255803257226944,0.00685992231592536,0.05338388308882713,0.2612605094909668,0.9637665748596191
41.8651944000012,-0.49545133113861084,0.8323686122894287,0.06254735589027405,0.0066721136681735516,0.053330812603235245,0.2612646520137787,0.963769793510437
41.87071590000414,-0.4954693913459778,0.8324214220046997,0.06254670023918152,0.0065997871570289135,0.05334199592471123,0.26126545667648315,0.9637693762779236
41.87437879999925,-0.49549487233161926,0.8324667811393738,0.06254282593727112,0.006462006829679012,0.053314801305532455,0.26122575998306274,0.963782548904419
41.878178700004355,-0.49551790952682495,0.8325150012969971,0.06253715604543686,0.006479246541857719,0.05341136083006859,0.2610298991203308,0.9638301730155945
41.881724700011546,-0.49553871154785156,0.8325631022453308,0.06253734230995178,0.006419368553906679,0.05337824672460556,0.26096078753471375,0.9638512134552002
41.88591280000401,-0.4955674111843109,0.8326274156570435,0.06253274530172348,0.006714493967592716,0.053497254848480225,0.2603991627693176,0.9639943838119507
41.89026400000148,-0.4955863058567047,0.8326724171638489,0.0625288113951683,0.006525569595396519,0.05343223363161087,0.2604946494102478,0.9639735817909241
41.89437790001102,-0.49560561776161194,0.832719087600708,0.06251925230026245,0.00632139015942812,0.053434453904628754,0.2602716088294983,0.9640349745750427
41.89863520000654,-0.4956211447715759,0.8327649831771851,0.06250724196434021,0.006123143248260021,0.05337505787611008,0.26028314232826233,0.9640365242958069
41.90270440001041,-0.4956367015838623,0.8328136801719666,0.06249485909938812,0.005742196459323168,0.053355053067207336,0.26029467582702637,0.9640368223190308
41.906951500001014,-0.495648056268692,0.8328575491905212,0.06248776614665985,0.0055551473051309586,0.05331374704837799,0.260265052318573,0.9640482664108276
41.91102410000167,-0.4956586956977844,0.8328898549079895,0.06247897818684578,0.005448604468256235,0.05337173119187355,0.2600812017917633,0.9640952348709106
41.91561530000763,-0.49566519260406494,0.8329260945320129,0.0624687522649765,0.005174078047275543,0.05332034081220627,0.26027563214302063,0.9640471339225769
41.92107900000701,-0.4956738352775574,0.8329703211784363,0.062460459768772125,0.005098559428006411,0.053373225033283234,0.25999894738197327,0.9641192555427551
41.92542330001015,-0.4957081079483032,0.8330116271972656,0.062448062002658844,0.004811765160411596,0.05358673632144928,0.26050955057144165,0.9639710187911987
41.929050400009146,-0.4957292079925537,0.8330625295639038,0.06244564428925514,0.004680168814957142,0.05356843024492264,0.2608271837234497,0.9638867378234863
41.932666100008646,-0.4957631528377533,0.8331038355827332,0.06243728846311569,0.0044042919762432575,0.053358517587184906,0.2607588768005371,0.9639182090759277
41.93616650000331,-0.495788037776947,0.833135724067688,0.062427256256341934,0.004263836890459061,0.05334705114364624,0.2607578635215759,0.9639197587966919
41.940921800007345,-0.4958358705043793,0.8331708312034607,0.06241405010223389,0.0040339520201087,0.05356377363204956,0.2613578140735626,0.963746190071106
41.94452620000811,-0.49587589502334595,0.833209216594696,0.062408413738012314,0.0035601037088781595,0.05348227545619011,0.2614883482456207,0.9637172222137451
41.94846580000012,-0.4959096610546112,0.833239734172821,0.06240179389715195,0.0033033716026693583,0.05338181182742119,0.26159653067588806,0.9636942744255066
41.95285820000572,-0.4959467947483063,0.8332732915878296,0.062378011643886566,0.0033796844072639942,0.05331099033355713,0.26133695244789124,0.963768482208252
41.95717510000395,-0.4959928095340729,0.833284854888916,0.06237209588289261,0.0032321473117917776,0.053396664559841156,0.26131367683410645,0.9637704491615295
41.961484800005564,-0.49602776765823364,0.8333052396774292,0.06236457824707031,0.003108555916696787,0.05331718549132347,0.2614220976829529,0.9637458920478821
41.9655255000107,-0.4960545003414154,0.8333116173744202,0.06235102564096451,0.0029386274982243776,0.05327959731221199,0.26130932569503784,0.963779091835022
41.97039890001179,-0.4960850775241852,0.8333226442337036,0.062338102608919144,0.00284366263076663,0.053241632878780365,0.26137563586235046,0.9637634754180908
41.97434749999957,-0.4961353838443756,0.8333229422569275,0.0623292438685894,0.002654779003933072,0.05303957685828209,0.26203784346580505,0.9635953307151794
41.97894710001128,-0.4961562752723694,0.8333291411399841,0.062322720885276794,0.0025298187974840403,0.052963823080062866,0.26218515634536743,0.9635598063468933
41.983342799998354,-0.49617087841033936,0.8333346247673035,0.062311530113220215,0.0025706132873892784,0.05296701937913895,0.26206767559051514,0.963591456413269
41.98897070001112,-0.4961911141872406,0.8333413004875183,0.062302567064762115,0.002594555262476206,0.052898358553647995,0.2620892822742462,0.9635892510414124
41.99474619999819,-0.49622756242752075,0.8333542346954346,0.06229040026664734,0.0026127456221729517,0.05288887768983841,0.2619468867778778,0.9636284112930298
41.99923410000338,-0.49625176191329956,0.8333800435066223,0.06228497624397278,0.002961453516036272,0.05301285907626152,0.2614709436893463,0.963749885559082
42.00282120000338,-0.49625176191329956,0.8333800435066223,0.06228497624397278,0.002961453516036272,0.05301285907626152,0.2614709436893463,0.963749885559082
42.00676750000275,-0.49627822637557983,0.8334159851074219,0.062279652804136276,0.003079307498410344,0.05304096266627312,0.2612704932689667,0.9638023376464844
42.010857700006454,-0.49629271030426025,0.8334433436393738,0.062277037650346756,0.003191311378031969,0.0530405268073082,0.2610693573951721,0.9638565182685852
42.01528849999886,-0.49629274010658264,0.833489179611206,0.062263891100883484,0.0027524824254214764,0.05312536284327507,0.2612861394882202,0.9637944102287292
42.01943480000773,-0.49629974365234375,0.8335273861885071,0.06225540488958359,0.003034725319594145,0.053160976618528366,0.2608432471752167,0.9639116525650024
42.023884000009275,-0.49630555510520935,0.8335580825805664,0.062243055552244186,0.0030854304786771536,0.053242068737745285,0.2607020139694214,0.9639450907707214
42.027838400012115,-0.4963163137435913,0.8335838913917542,0.06222996860742569,0.0031747915782034397,0.05321177467703819,0.2606292963027954,0.9639662504196167
42.03199790000508,-0.4963192641735077,0.8336057066917419,0.062208883464336395,0.0030289783608168364,0.05327954143285751,0.26067450642585754,0.9639507532119751
42.03739310000674,-0.4963228702545166,0.833625078201294,0.06219097226858139,0.0030165917705744505,0.05332436040043831,0.2606743574142456,0.9639483094215393
42.04086300000199,-0.4963291883468628,0.8336542248725891,0.06216688081622124,0.0029650270007550716,0.05328822508454323,0.2607393264770508,0.9639329314231873
42.04478110000491,-0.49633800983428955,0.8336828947067261,0.06214245781302452,0.0027848996687680483,0.05329021438956261,0.260858952999115,0.9639009237289429
42.048551200001384,-0.49634477496147156,0.8337051272392273,0.06210967153310776,0.0025981073267757893,0.053282480686903,0.26102328300476074,0.9638574123382568
42.05290840000089,-0.4963549077510834,0.8337500691413879,0.06207927688956261,0.0026544041465967894,0.053283389657735825,0.2611287236213684,0.9638286232948303
42.0580847000092,-0.49636438488960266,0.8337839841842651,0.062056295573711395,0.002265885006636381,0.05324879661202431,0.26140567660331726,0.9637565016746521
42.06230800000776,-0.49637630581855774,0.8338292837142944,0.06204342097043991,0.0021747068967670202,0.053171079605817795,0.26182320713996887,0.9636476635932922
42.06953480000084,-0.4963909387588501,0.8339069485664368,0.0619862861931324,0.0017856715712696314,0.052846841514110565,0.2619793713092804,0.9636238813400269
42.073407400006545,-0.496388703584671,0.8339579701423645,0.061961978673934937,0.0017601005965843797,0.05286373570561409,0.2620770335197449,0.9635963439941406
42.077650100007304,-0.49639150500297546,0.833991527557373,0.06194497272372246,0.0016265541780740023,0.05288953706622124,0.26196175813674927,0.9636265635490417
42.08175100000517,-0.4963848888874054,0.8340219259262085,0.06189470738172531,0.0013316778931766748,0.05271999537944794,0.2616671025753021,0.9637163281440735
42.08591360000719,-0.49638432264328003,0.8340582847595215,0.06188187748193741,0.00121440424118191,0.05270004644989967,0.26158639788627625,0.9637394547462463
42.08990300000005,-0.49638086557388306,0.8340862393379211,0.061866212636232376,0.001210531103424728,0.05266187712550163,0.26157286763191223,0.9637452363967896
42.09444720001193,-0.49637043476104736,0.8341115117073059,0.06185271218419075,0.0011329437838867307,0.052642010152339935,0.26150014996528625,0.9637661576271057
42.09862400000566,-0.4963644742965698,0.8341434001922607,0.061840835958719254,0.0010251235216856003,0.05269699916243553,0.26151588559150696,0.9637590646743774
42.10259660000156,-0.49635353684425354,0.8341691493988037,0.061826106160879135,0.0008319217595271766,0.05270714312791824,0.2615293264389038,0.9637550711631775
42.1067933000013,-0.4963339865207672,0.8342076539993286,0.06181415170431137,0.0008948575705289841,0.05263485759496689,0.26151159405708313,0.9637637138366699
42.1109720000095,-0.49632617831230164,0.8342365622520447,0.06180489435791969,0.0008447071886621416,0.05271260812878609,0.2613910734653473,0.9637921452522278
42.11511009999958,-0.4963169991970062,0.8342692255973816,0.06180010735988617,0.0008358898921869695,0.052733562886714935,0.2614438831806183,0.9637767672538757
42.11920800000371,-0.496314138174057,0.834317684173584,0.061772365123033524,0.0007030164124444127,0.05291455611586571,0.2617575228214264,0.9636817574501038
42.12373540000408,-0.49630415439605713,0.8343464136123657,0.06176326796412468,0.0006324219284579158,0.052894383668899536,0.2618631422519684,0.9636542201042175
42.12778020001133,-0.496290385723114,0.8343925476074219,0.06177273765206337,0.00025530121638439596,0.05310162156820297,0.2617166340351105,0.9636828899383545
42.13180750000174,-0.4962789714336395,0.8344268202781677,0.06176363676786423,0.00022498217003885657,0.053115881979465485,0.26172882318496704,0.963678777217865
42.1362405000109,-0.49626457691192627,0.8344560861587524,0.06176195293664932,0.00010371525422669947,0.053132787346839905,0.2615947127342224,0.9637142419815063
42.14019669999834,-0.49625635147094727,0.8344860672950745,0.061751216650009155,0.00032507217838428915,0.05319869518280029,0.26148903369903564,0.9637392163276672
42.14422130001185,-0.49623849987983704,0.8345091342926025,0.06174217909574509,0.00012710639566648751,0.053147006779909134,0.2615295350551605,0.9637311697006226
42.14834580000024,-0.4962248206138611,0.834542453289032,0.06173308566212654,0.0001733943645376712,0.05323697626590729,0.26141631603240967,0.9637568593025208
42.15435150000849,-0.4962056577205658,0.8345746397972107,0.0617210678756237,0.0002241387264803052,0.053271643817424774,0.26142618060112,0.9637523293495178
42.15792389999842,-0.4961942434310913,0.8346051573753357,0.06171097606420517,0.00017489858146291226,0.05332424119114876,0.2613806128501892,0.9637618064880371
42.16138820000924,-0.49618473649024963,0.8346368074417114,0.061693523079156876,4.0715614886721596e-05,0.053402096033096313,0.26160016655921936,0.9636978507041931
42.16582890000427,-0.4961724579334259,0.8346613645553589,0.06167697161436081,-4.729920328827575e-05,0.053399164229631424,0.26170602440834045,0.9636692404747009
42.16959180000413,-0.4961625337600708,0.8346881866455078,0.061663102358579636,3.713874093591585e-06,0.05350262671709061,0.2615596652030945,0.9637032747268677
42.17351030001009,-0.4961538314819336,0.8347258567810059,0.06163995340466499,-0.00016841715842019767,0.053585994988679886,0.2618130147457123,0.9636298418045044
42.177746500005014,-0.4961389899253845,0.8347598910331726,0.061621762812137604,-0.00031463243067264557,0.053532086312770844,0.2619589567184448,0.9635931253433228
42.18323960000998,-0.4961323142051697,0.8347943425178528,0.06161314621567726,-0.0005135195096954703,0.05347365140914917,0.26219457387924194,0.9635322093963623
42.186606300005224,-0.49611836671829224,0.8348343372344971,0.061596985906362534,-0.0005330413114279509,0.05351727455854416,0.26228803396224976,0.9635043740272522
42.19466230001126,-0.49610063433647156,0.8349376320838928,0.06157511845231056,-0.0009426276083104312,0.05348099768161774,0.2624850273132324,0.9634524583816528
42.19876350001141,-0.4960843622684479,0.8349774479866028,0.06155897676944733,-0.0009520096937194467,0.053517963737249374,0.26241666078567505,0.9634690284729004
42.20299980000709,-0.49606767296791077,0.8350299596786499,0.061547186225652695,-0.0010195657378062606,0.0534900426864624,0.26225367188453674,0.9635148644447327
42.20677319999959,-0.4960381090641022,0.835087776184082,0.0615348257124424,-0.0013611216563731432,0.05369749665260315,0.26239174604415894,0.9634652733802795
42.21094030000677,-0.495998352766037,0.83514803647995,0.061532437801361084,-0.0015958391595631838,0.05409090965986252,0.2622855007648468,0.9634718298912048
42.21456659999967,-0.495998352766037,0.83514803647995,0.061532437801361084,-0.0015958391595631838,0.05409090965986252,0.2622855007648468,0.9634718298912048
42.218801300012274,-0.49592500925064087,0.8352457284927368,0.061498094350099564,-0.0016349677462130785,0.05427266284823418,0.2620992660522461,0.9635123014450073
42.222914500001934,-0.4958689510822296,0.8352957367897034,0.06147007644176483,-0.0009769726311787963,0.05433063954114914,0.2610877454280853,0.9637845158576965
42.22736590000568,-0.49583134055137634,0.8353440761566162,0.06146036833524704,-0.0010296949185431004,0.054423339664936066,0.2608467638492584,0.9638444185256958
42.232342800009064,-0.4957869350910187,0.8353927135467529,0.06144648790359497,-0.0011718568857759237,0.05442463234066963,0.26085808873176575,0.9638411402702332
42.23605180000595,-0.4957495927810669,0.8354443311691284,0.06143583357334137,-0.0012488692300394177,0.054547037929296494,0.26056158542633057,0.9639143347740173
42.240177700005006,-0.4957059621810913,0.8354979753494263,0.06142609566450119,-0.001310132211074233,0.05463899299502373,0.2606627345085144,0.9638816714286804
42.24425270000938,-0.4956614077091217,0.8355450630187988,0.06142237037420273,-0.0012476955307647586,0.05478987470269203,0.2603701949119568,0.9639521837234497
42.24847380000574,-0.4956156611442566,0.8356185555458069,0.061428386718034744,-0.0018815564690157771,0.05509811267256737,0.26044872403144836,0.9639124274253845
42.25285160000203,-0.4955745339393616,0.8356733918190002,0.0614284984767437,-0.0021141991019248962,0.055144213140010834,0.26044365763664246,0.9639106392860413
42.256836600005045,-0.49553102254867554,0.8357363939285278,0.06141545996069908,-0.0020815141033381224,0.05527731031179428,0.2604369521141052,0.9639049172401428
42.26137240001117,-0.4954771399497986,0.8358424305915833,0.061448242515325546,-0.0013207374140620232,0.05495979264378548,0.2601773738861084,0.9639945030212402
42.266431199997896,-0.4954364597797394,0.8359037041664124,0.06144232302904129,-0.001181522966362536,0.05510402470827103,0.25983336567878723,0.9640792608261108
42.26983869999822,-0.49538764357566833,0.8359736800193787,0.06143670901656151,-0.0015348104061558843,0.05488951876759529,0.26048776507377625,0.9639144539833069
42.273546800002805,-0.495344340801239,0.8360310792922974,0.061429619789123535,-0.0016614483902230859,0.054922398179769516,0.2604241371154785,0.9639294743537903
42.27772160001041,-0.49529460072517395,0.836097240447998,0.06143631041049957,-0.0016725310124456882,0.05500948429107666,0.2603476345539093,0.963945209980011
42.281796700000996,-0.49525102972984314,0.8361572623252869,0.06143183633685112,-0.0018096431158483028,0.05513472110033035,0.26035985350608826,0.9639344811439514
42.28718870000739,-0.495217502117157,0.8362405300140381,0.0614544078707695,-0.0025495688896626234,0.055209945887327194,0.2605212330818176,0.9638849496841431
42.29059990000678,-0.49514222145080566,0.8362983465194702,0.06143687292933464,-0.002309709321707487,0.05532556027173996,0.2601088881492615,0.9639902114868164
42.29441410000436,-0.4950804114341736,0.8363816738128662,0.06142830103635788,-0.0019775524269789457,0.05554596334695816,0.2597539722919464,0.9640739560127258
42.298461600003066,-0.495036244392395,0.8364627361297607,0.061437539756298065,-0.0023444942198693752,0.05559799447655678,0.2599770724773407,0.9640100002288818
42.30282540000917,-0.49497389793395996,0.8365325331687927,0.06141887977719307,-0.0024599519092589617,0.05578434467315674,0.25951555371284485,0.9641232490539551
42.307541600006516,-0.4949050545692444,0.8366124629974365,0.06143517792224884,-0.003096611937507987,0.05605294555425644,0.2600274085998535,0.96396803855896
42.31100840000727,-0.4948607087135315,0.8367190957069397,0.06141094118356705,-0.0032519923988729715,0.056286606937646866,0.2607293426990509,0.9637642502784729
42.315358400010155,-0.49480849504470825,0.8367956280708313,0.06139928847551346,-0.003295496804639697,0.05637200176715851,0.2606642544269562,0.9637766480445862
42.31925230000343,-0.4947362542152405,0.8369013667106628,0.06139925867319107,-0.0032850007992237806,0.05650398135185242,0.2602958381175995,0.9638685584068298
42.32348320000165,-0.4946766793727875,0.8370093703269958,0.061374858021736145,-0.0036397867370396852,0.056585852056741714,0.26008838415145874,0.9639185070991516
42.32767040000181,-0.4946094751358032,0.837119996547699,0.06134888157248497,-0.003611084073781967,0.056842073798179626,0.2595070004463196,0.9640601873397827
42.331759599997895,-0.49453097581863403,0.837228000164032,0.061351388692855835,-0.0036474012304097414,0.056905485689640045,0.25877901911735535,0.9642520546913147
42.33592650000355,-0.49444547295570374,0.8373450636863708,0.06134883314371109,-0.0041567059233784676,0.05722539871931076,0.25854724645614624,0.9642931818962097
42.34026860000449,-0.49436619877815247,0.837485671043396,0.06133752688765526,-0.004098438657820225,0.05761640891432762,0.25755083560943604,0.9645367860794067
42.344418900000164,-0.494267076253891,0.8376160264015198,0.06131124496459961,-0.004110096953809261,0.057977210730314255,0.25724807381629944,0.9645958542823792
42.34864890000608,-0.4941714406013489,0.8377647399902344,0.06132081523537636,-0.0035126276779919863,0.058392852544784546,0.2557574212551117,0.9649695158004761
42.35291610000422,-0.4940859079360962,0.8379117846488953,0.061332352459430695,-0.004199407063424587,0.058573123067617416,0.2554015517234802,0.9650501012802124
42.357536499999696,-0.4940023422241211,0.8380432724952698,0.06132567301392555,-0.004287913907319307,0.058676715940237045,0.2547477185726166,0.9652162194252014
42.36101839999901,-0.49389246106147766,0.838189423084259,0.061325639486312866,-0.004355615004897118,0.05874412879347801,0.2540471851825714,0.9653964638710022
42.36501720000524,-0.4937976598739624,0.8383588790893555,0.06133214011788368,-0.004496181849390268,0.058303941041231155,0.2544443607330322,0.9653178453445435
42.36930760000541,-0.4937034249305725,0.8385096788406372,0.06131666898727417,-0.005104025825858116,0.05842053145170212,0.25420448184013367,0.9653710126876831
42.373431800006074,-0.4936104416847229,0.8386195302009583,0.061254870146512985,-0.005891127977520227,0.05872001498937607,0.2539668381214142,0.9654108285903931
42.378295000002254,-0.4934723675251007,0.83882737159729,0.0612834095954895,-0.0052405246533453465,0.05931747704744339,0.2529143691062927,0.9656544327735901
42.38183389999904,-0.493357390165329,0.8389814496040344,0.06127838417887688,-0.005116460844874382,0.05963825806975365,0.25184884667396545,0.965913712978363
42.38602890000038,-0.49325692653656006,0.8391444087028503,0.06127398833632469,-0.005362337920814753,0.05980286747217178,0.25165918469429016,0.9659516215324402
42.39011410000967,-0.49314966797828674,0.839325487613678,0.061271242797374725,-0.00556683586910367,0.060223665088415146,0.25107958912849426,0.9660751223564148
42.39413070000592,-0.4930347204208374,0.8395506739616394,0.06128987669944763,-0.00561109883710742,0.06080087274312973,0.25067248940467834,0.9661444425582886
42.39878580000368,-0.49289917945861816,0.8397564888000488,0.06125904619693756,-0.006297794636338949,0.06096753478050232,0.2505113482475281,0.9661715030670166
42.40259570001217,-0.4928019344806671,0.8399733304977417,0.06123148649930954,-0.00658378005027771,0.061446525156497955,0.25060948729515076,0.9661138653755188
42.40669660001004,-0.4926871359348297,0.8401719331741333,0.06121627241373062,-0.006696416065096855,0.061562467366456985,0.25075551867485046,0.9660677909851074
42.41083680000156,-0.4925677180290222,0.8403834104537964,0.06119227409362793,-0.006428119260817766,0.06203640252351761,0.2500300109386444,0.9662273526191711
42.41494880001119,-0.4924086630344391,0.8405883312225342,0.061204198747873306,-0.006486023310571909,0.06231357157230377,0.24910958111286163,0.9664467573165894
42.4191356000083,-0.4922902584075928,0.8408200740814209,0.06124956160783768,-0.006448318250477314,0.062061749398708344,0.24903401732444763,0.9664826989173889
42.423368200004916,-0.49217286705970764,0.8410187363624573,0.06125694885849953,-0.006672041490674019,0.06242956966161728,0.24862250685691833,0.9665634632110596
42.427612500003306,-0.4920615553855896,0.8412468433380127,0.0613040067255497,-0.007061458192765713,0.06275476515293121,0.24788755178451538,0.9667284488677979
42.43203140000696,-0.49193429946899414,0.8414453864097595,0.061291761696338654,-0.007316920440644026,0.06314441561698914,0.24718475341796875,0.9668810963630676
42.43626519999816,-0.49184468388557434,0.8416864275932312,0.06124037876725197,-0.008072104305028915,0.06296660751104355,0.24711163341999054,0.9669053554534912
42.440364499998395,-0.49171051383018494,0.8418977856636047,0.06123248487710953,-0.008083934895694256,0.06349454075098038,0.24676920473575592,0.966958224773407
42.44439030000649,-0.49160102009773254,0.842111349105835,0.06125188618898392,-0.008275343105196953,0.0636991634964943,0.2464314103126526,0.9670292139053345
42.449050900002476,-0.4914933145046234,0.8423548936843872,0.061266351491212845,-0.008293225429952145,0.06411217898130417,0.24600690603256226,0.9671099185943604
42.45395270000154,-0.4914012551307678,0.8426054120063782,0.06124364212155342,-0.008226623758673668,0.06454344093799591,0.24539080262184143,0.9672382473945618
42.457524500001455,-0.4913083612918854,0.8428380489349365,0.061266377568244934,-0.00879237987101078,0.06482019275426865,0.24527528882026672,0.9672440886497498
42.46204050000233,-0.4911925494670868,0.8431071043014526,0.0613187737762928,-0.009237753227353096,0.0647585391998291,0.24583186209201813,0.9671027660369873
42.46548400000029,-0.49111494421958923,0.8433594703674316,0.06132278963923454,-0.009175212122499943,0.06509550660848618,0.24535489082336426,0.967201828956604
42.46949840000889,-0.491032212972641,0.8435769081115723,0.061317309737205505,-0.00953347235918045,0.06519715487957001,0.24484248459339142,0.9673213958740234
42.47404460000689,-0.4909278154373169,0.8438311219215393,0.06133448705077171,-0.009991127997636795,0.0650707259774208,0.2445487678050995,0.9673995971679688
42.477764399998705,-0.49082401394844055,0.8440471291542053,0.06134039908647537,-0.010290097445249557,0.06517631560564041,0.24396169185638428,0.9675375819206238
42.48595470000873,-0.4906792938709259,0.8445088863372803,0.06137598678469658,-0.01107251737266779,0.0656275749206543,0.24302932620048523,0.9677330255508423
42.49013260001084,-0.49060896039009094,0.8447315096855164,0.06138480454683304,-0.01082633063197136,0.06580127030611038,0.2422737330198288,0.9679134488105774
42.494320300000254,-0.4905269145965576,0.8449538946151733,0.06137586757540703,-0.011152811348438263,0.06617536395788193,0.24132195115089417,0.9681219458580017
42.49840620000032,-0.4904484450817108,0.8452003598213196,0.061438534408807755,-0.010346006602048874,0.06611543148756027,0.24055486917495728,0.9683259725570679
42.50247060001129,-0.49038180708885193,0.8453910946846008,0.06144507974386215,-0.010433542542159557,0.06630959361791611,0.24030031263828278,0.9683749675750732
42.506495699999505,-0.4903026819229126,0.8456258177757263,0.061484768986701965,-0.010610605590045452,0.06635252386331558,0.24066752195358276,0.9682788252830505
42.51065890000609,-0.4902428090572357,0.8458428978919983,0.06151444464921951,-0.01052863709628582,0.06663806736469269,0.24026533961296082,0.9683600664138794
42.514764600011404,-0.490183025598526,0.8460962176322937,0.0615386888384819,-0.01090327464044094,0.06715457886457443,0.24071680009365082,0.9682080745697021
42.51916480000364,-0.49013200402259827,0.8463407158851624,0.061614010483026505,-0.011849967762827873,0.06728854775428772,0.24052679538726807,0.9682348966598511
42.52396730000328,-0.490083247423172,0.8465560674667358,0.061655718833208084,-0.012042087502777576,0.067374087870121,0.24056263267993927,0.968217670917511
42.52762210000947,-0.49001532793045044,0.8468030691146851,0.061683595180511475,-0.011963359080255032,0.06752466410398483,0.24055597186088562,0.9682097434997559
42.53336190000118,-0.48994845151901245,0.8470433950424194,0.06173970550298691,-0.011688336730003357,0.0680607333779335,0.23969906568527222,0.9683881402015686
42.536991200002376,-0.48987263441085815,0.8472833037376404,0.061814431101083755,-0.011578058823943138,0.06769438087940216,0.240139901638031,0.9683058857917786
42.540437800009386,-0.4898333251476288,0.847516655921936,0.061850886791944504,-0.012355425395071507,0.06769213080406189,0.2398875653743744,0.9683589339256287
42.54678920000151,-0.4897865653038025,0.8477334380149841,0.061902303248643875,-0.012671221978962421,0.06786808371543884,0.23968958854675293,0.9683915972709656
42.55034450000676,-0.48974281549453735,0.8479751944541931,0.061971284449100494,-0.012708769179880619,0.06831241399049759,0.23877237737178802,0.9685865044593811
42.55529380000371,-0.48969483375549316,0.8481804132461548,0.06202407553792,-0.012615904211997986,0.06847783923149109,0.23837709426879883,0.9686732888221741
42.56051390001085,-0.48958855867385864,0.8486344218254089,0.0621466338634491,-0.012154984287917614,0.06887881457805634,0.23753759264945984,0.9688569903373718
42.565662400011206,-0.48952406644821167,0.8488339185714722,0.06221555918455124,-0.012263784185051918,0.06919612735509872,0.23745737969875336,0.9688526391983032
42.569363400005386,-0.4894639849662781,0.8490466475486755,0.062292762100696564,-0.012771198526024818,0.06899537146091461,0.23765215277671814,0.9688127040863037
42.573683900001924,-0.489384263753891,0.8493245244026184,0.06236948445439339,-0.013099734671413898,0.06865879893302917,0.23822812736034393,0.9686907529830933
42.57793470000615,-0.48931995034217834,0.8495821356773376,0.06244983151555061,-0.01377827301621437,0.06889260560274124,0.23810230195522308,0.9686956405639648
42.58196020001196,-0.48923882842063904,0.8498178720474243,0.06250479072332382,-0.013874643482267857,0.06889641284942627,0.23812636733055115,0.9686881899833679
42.58636950000073,-0.48916736245155334,0.8500571250915527,0.06252977252006531,-0.013860813342034817,0.06948135793209076,0.23788484930992126,0.9687058329582214
42.59053650000715,-0.4890962541103363,0.8503018617630005,0.06259765475988388,-0.013457654044032097,0.07000058889389038,0.2365209013223648,0.9690081477165222
42.59467000000586,-0.48901501297950745,0.8505285978317261,0.06265155225992203,-0.014034034684300423,0.07023030519485474,0.23628677427768707,0.9690404534339905
42.59884380000585,-0.48893114924430847,0.8507850170135498,0.06271209567785263,-0.014536277391016483,0.07039417326450348,0.2362067848443985,0.9690406322479248
42.60262170000351,-0.4888266324996948,0.851084291934967,0.0628223866224289,-0.014874790795147419,0.0701323002576828,0.2366855889558792,0.9689376950263977
42.61165859999892,-0.48864492774009705,0.8515917062759399,0.06296563893556595,-0.014855592511594296,0.07080286741256714,0.23540282249450684,0.9692016839981079
42.61555380000209,-0.48855888843536377,0.8518925309181213,0.06303563714027405,-0.01452016644179821,0.07138393819332123,0.2341606169939041,0.9694650173187256
42.619925899998634,-0.4884546995162964,0.8521456122398376,0.06310568004846573,-0.014650297351181507,0.07205090671777725,0.23346634209156036,0.9695811867713928
42.623403000005055,-0.4883551299571991,0.8523918986320496,0.0631854236125946,-0.015052324160933495,0.07233358174562454,0.23341208696365356,0.9695669412612915
42.627588600007584,-0.48829102516174316,0.8527393341064453,0.06333396583795547,-0.014100724831223488,0.07265964895486832,0.23219561576843262,0.9698489904403687
42.631619500010856,-0.48816022276878357,0.8529395461082458,0.06340201199054718,-0.015302992425858974,0.07253511250019073,0.2337561845779419,0.9694650769233704
42.63606370000343,-0.48805269598960876,0.8531988263130188,0.06348981708288193,-0.014905125834047794,0.07253853976726532,0.23340466618537903,0.9695557355880737
42.64137350000965,-0.48792025446891785,0.853493332862854,0.06358196586370468,-0.01449261698871851,0.07300783693790436,0.23214414715766907,0.9698293805122375
42.65001710000797,-0.4877379238605499,0.8540592789649963,0.06375231593847275,-0.016014305874705315,0.07334711402654648,0.23181667923927307,0.9698581695556641
42.65376670000842,-0.4876474142074585,0.8543373942375183,0.06380341202020645,-0.016112810000777245,0.07360375672578812,0.23182804882526398,0.9698343276977539
42.657165700002224,-0.4875517189502716,0.8546259999275208,0.06390926241874695,-0.01599256880581379,0.07311127334833145,0.23199434578418732,0.9698338508605957
42.6616914000042,-0.48747730255126953,0.8550018072128296,0.06406944245100021,-0.014007968828082085,0.07359366118907928,0.2302994728088379,0.9702318906784058
42.66539829999965,-0.4873792827129364,0.8553062081336975,0.06417416781187057,-0.013876206241548061,0.07399887591600418,0.22955100238323212,0.9703803062438965
42.66947050001181,-0.4872770309448242,0.8555819988250732,0.06425543129444122,-0.01452768687158823,0.07411104440689087,0.22996342182159424,0.9702646136283875
42.67343320000509,-0.48717039823532104,0.8558836579322815,0.0643521398305893,-0.015116103924810886,0.0744774341583252,0.22976645827293396,0.9702742695808411
42.677785899999435,-0.4870591461658478,0.856185793876648,0.06442662328481674,-0.015347269363701344,0.07468980550765991,0.22985287010669708,0.9702337384223938
42.68189450001228,-0.4869326651096344,0.8564994931221008,0.0645148903131485,-0.01544130127876997,0.07440472394227982,0.22977948188781738,0.9702715873718262
42.685954900007346,-0.4867803156375885,0.8568173050880432,0.06467077136039734,-0.015130219049751759,0.07483431696891785,0.22997936606407166,0.9701960682868958
42.690307299999404,-0.4866213798522949,0.857022762298584,0.0646909549832344,-0.0163596048951149,0.07542432099580765,0.22998254001140594,0.9701297283172607
42.69427570000698,-0.4865024983882904,0.8573046922683716,0.06477555632591248,-0.016595100983977318,0.0759153738617897,0.22966429591178894,0.9701628088951111
42.69836170000781,-0.48637041449546814,0.8575900197029114,0.06485480815172195,-0.016678227111697197,0.07622144371271133,0.22946959733963013,0.9701834917068481
42.702526699999,-0.48626086115837097,0.857966959476471,0.06499284505844116,-0.01586577109992504,0.07616491615772247,0.22963179647922516,0.9701630473136902
42.70712810000987,-0.486098974943161,0.8583807945251465,0.06514373421669006,-0.015176905319094658,0.0768386647105217,0.22903721034526825,0.9702615737915039
42.71107150000171,-0.4859431982040405,0.8587074875831604,0.06520310044288635,-0.01635095477104187,0.07706829905509949,0.22989509999752045,0.9700213074684143
42.71500920000835,-0.48580536246299744,0.8590219020843506,0.06527384370565414,-0.01605994813144207,0.07735586166381836,0.2294599711894989,0.970106303691864
42.721005200000945,-0.4856557548046112,0.8593421578407288,0.06536665558815002,-0.0165970828384161,0.07757533341646194,0.22973038256168365,0.9700157642364502
42.72516590000305,-0.4855097234249115,0.8596367239952087,0.06544690579175949,-0.016637494787573814,0.07792709022760391,0.22939693927764893,0.9700657725334167
42.729240800006664,-0.4853338897228241,0.859969973564148,0.06559204310178757,-0.016373347491025925,0.07810484617948532,0.2293275147676468,0.9700723886489868
42.735999399999855,-0.4849929213523865,0.8606194853782654,0.06577395647764206,-0.017321504652500153,0.07901335507631302,0.2289012372493744,0.9700830578804016
42.74019520000729,-0.4848203659057617,0.860900342464447,0.06586446613073349,-0.01738460175693035,0.07945726066827774,0.22834748029708862,0.9701761603355408
42.74420729999838,-0.48466718196868896,0.8612021803855896,0.0659528598189354,-0.01681160181760788,0.079918771982193,0.22715827822685242,0.9704275131225586
42.74839740000607,-0.48451003432273865,0.8615701198577881,0.06612226366996765,-0.016571497544646263,0.08042122423648834,0.22689375281333923,0.9704519510269165
42.75307000000612,-0.4843551218509674,0.8618599772453308,0.06623446941375732,-0.016728827729821205,0.08027572929859161,0.22764354944229126,0.9702857136726379
42.75678609999886,-0.4841901957988739,0.8621522188186646,0.06632818281650543,-0.017394596710801125,0.08070371299982071,0.22773081064224243,0.9702180624008179
42.76091960001213,-0.4840161204338074,0.8624619245529175,0.06639445573091507,-0.017965583130717278,0.08112510293722153,0.22855216264724731,0.9699794054031372
42.76643010000407,-0.4838184416294098,0.862751305103302,0.06652053445577621,-0.017478855326771736,0.08177676796913147,0.22787685692310333,0.9700923562049866
42.771612100012135,-0.48361316323280334,0.8630390763282776,0.0666506215929985,-0.017855189740657806,0.08140243589878082,0.22810475528240204,0.9700634479522705
42.77963950000412,-0.4831816256046295,0.8635562658309937,0.0668402686715126,-0.017174769192934036,0.08239047974348068,0.22687549889087677,0.9702805280685425
42.783431800009566,-0.4829868972301483,0.863810122013092,0.06693631410598755,-0.017181608825922012,0.08278145641088486,0.22638289630413055,0.9703622460365295
42.787680300010834,-0.4827865958213806,0.8640816807746887,0.06704837083816528,-0.01721414551138878,0.08348026126623154,0.22585482895374298,0.9704248905181885
42.79163450001215,-0.4825669825077057,0.8643595576286316,0.06714514642953873,-0.018009530380368233,0.08368265628814697,0.2257954478263855,0.9704068303108215
42.798555700006546,-0.48210883140563965,0.8649237155914307,0.06743189692497253,-0.01777971163392067,0.08424101024866104,0.2248360961675644,0.9705854654312134
42.80272760000662,-0.48188355565071106,0.86516934633255,0.06752755492925644,-0.017795247957110405,0.08456940203905106,0.2249097228050232,0.9705395102500916
42.807818000001134,-0.48160403966903687,0.8654627799987793,0.06768034398555756,-0.01756756193935871,0.08497190475463867,0.22388318181037903,0.970745861530304
42.811286100011785,-0.48135918378829956,0.8657103776931763,0.06777537614107132,-0.017307689413428307,0.08557727932929993,0.22362782061100006,0.9707561731338501
42.815324399998644,-0.48107850551605225,0.8659886121749878,0.06787462532520294,-0.01756364107131958,0.08582114428281784,0.2240830808877945,0.970625102519989
42.8192679000058,-0.48084381222724915,0.8662400841712952,0.06795619428157806,-0.0179054606705904,0.08632674068212509,0.22382332384586334,0.9706339836120605
42.823375500011025,-0.48055288195610046,0.866503119468689,0.06806010007858276,-0.017669448629021645,0.0872744768857956,0.22353968024253845,0.9706189036369324
42.82865100000345,-0.4803098142147064,0.8667358160018921,0.06815099716186523,-0.018182069063186646,0.08798561245203018,0.22345513105392456,0.9705646634101868
42.83246010000585,-0.48004427552223206,0.8669753670692444,0.06824123859405518,-0.01820160634815693,0.08805429190397263,0.223733589053154,0.9704939126968384
42.836077300002216,-0.4797496795654297,0.8672499060630798,0.06835366040468216,-0.017795488238334656,0.08818039298057556,0.22374899685382843,0.9704864025115967
42.84006560000125,-0.4794987440109253,0.867501974105835,0.06843168288469315,-0.017531150951981544,0.08837991952896118,0.2232612818479538,0.9705854654312134
42.8443408000021,-0.4792430102825165,0.8677870631217957,0.06852904707193375,-0.018722064793109894,0.08891462534666061,0.22333785891532898,0.9704967737197876
42.848345800011884,-0.47898027300834656,0.8680256009101868,0.06860300153493881,-0.018353762105107307,0.08973988145589828,0.2227139174938202,0.9705712199211121
42.85242680000374,-0.47870153188705444,0.8682470321655273,0.06867507845163345,-0.018310848623514175,0.09035045653581619,0.22257737815380096,0.9705467224121094
42.856677900010254,-0.4784334599971771,0.8684867024421692,0.06875685602426529,-0.018031742423772812,0.09074313193559647,0.22245490550994873,0.9705433249473572
42.8610456000024,-0.4781580865383148,0.8687606453895569,0.06888192892074585,-0.01709006354212761,0.0912906602025032,0.22257450222969055,0.9704816937446594
42.86509890000161,-0.4778512716293335,0.8690149784088135,0.0689946785569191,-0.016729898750782013,0.09198836982250214,0.22183158993721008,0.9705920815467834
42.87057050000294,-0.47756069898605347,0.8692312240600586,0.06909393519163132,-0.01692257635295391,0.09215469658374786,0.22157642245292664,0.9706313014030457
42.873995300004026,-0.47724640369415283,0.8694623112678528,0.069209024310112,-0.017430923879146576,0.09267763048410416,0.22219006717205048,0.9704321622848511
42.87860140000703,-0.4769476354122162,0.8696699738502502,0.0692925676703453,-0.017263496294617653,0.09331738948822021,0.22223106026649475,0.970364511013031
42.88230190001195,-0.47660934925079346,0.8699188232421875,0.06934496015310287,-0.017435021698474884,0.09344072639942169,0.22340704500675201,0.9700794816017151
42.88599670000258,-0.476266086101532,0.8701463937759399,0.06944314390420914,-0.017388124018907547,0.09404566138982773,0.22345171868801117,0.9700115919113159
42.89005410000391,-0.4759196937084198,0.8703372478485107,0.06949982047080994,-0.0167813953012228,0.09467548131942749,0.22342222929000854,0.9699677228927612
42.89416350000829,-0.4755081534385681,0.8705428838729858,0.06959701329469681,-0.017772281542420387,0.0958055853843689,0.22284471988677979,0.9699720144271851
42.898358500009635,-0.47516483068466187,0.8707490563392639,0.06965935975313187,-0.01774682104587555,0.09607855975627899,0.22274909913539886,0.9699674248695374
42.90244600000733,-0.4747876524925232,0.87098628282547,0.0697735846042633,-0.018231496214866638,0.09601589292287827,0.22319813072681427,0.9698614478111267
42.90674050000962,-0.47443637251853943,0.8711843490600586,0.06983698159456253,-0.0174925047904253,0.09676339477300644,0.22230567038059235,0.9700056910514832
42.91208850000112,-0.4740828573703766,0.8713812232017517,0.06990006566047668,-0.01697382517158985,0.09748664498329163,0.22196346521377563,0.9700208902359009
42.91539790001116,-0.4736505448818207,0.8715628981590271,0.06998979300260544,-0.015800578519701958,0.09882788360118866,0.2214907556772232,0.9700130224227905
42.919439000004786,-0.4732663333415985,0.8717420697212219,0.07008686661720276,-0.015766993165016174,0.09961415827274323,0.22160457074642181,0.9699071049690247
42.92403100000229,-0.4728837311267853,0.8719696998596191,0.07020299881696701,-0.015657156705856323,0.1005057618021965,0.22069142758846283,0.9700251817703247
42.92765350000991,-0.4725002646446228,0.8721714019775391,0.0702514573931694,-0.016011882573366165,0.10009545087814331,0.22136206924915314,0.9699090123176575
42.931824800005415,-0.47210758924484253,0.8723357319831848,0.07034008949995041,-0.015674186870455742,0.10018440335988998,0.22154271602630615,0.969864010810852
42.9361682000017,-0.4716929793357849,0.8724746108055115,0.07043352723121643,-0.015211005695164204,0.10130318999290466,0.22159266471862793,0.9697438478469849
42.9402667000104,-0.4713129699230194,0.8726081252098083,0.07049283385276794,-0.014756553806364536,0.10187679529190063,0.2215518355369568,0.9697000980377197
42.944213599999784,-0.47092369198799133,0.872774600982666,0.07056507468223572,-0.015334314666688442,0.10252183675765991,0.22237135469913483,0.9694355130195618
42.9483387000073,-0.4705049693584442,0.8729329109191895,0.0706237256526947,-0.014624428004026413,0.1032911166548729,0.2212991714477539,0.9696101546287537
42.95298260000709,-0.470089316368103,0.8730780482292175,0.07069061696529388,-0.014385615475475788,0.10335344076156616,0.2219351977109909,0.9694616198539734
42.9567676000006,-0.46961942315101624,0.8732340931892395,0.07075448334217072,-0.01452447846531868,0.1040293425321579,0.22189387679100037,0.9693967700004578
42.963618800000404,-0.4692244529724121,0.8733466267585754,0.07080303877592087,-0.01425251830369234,0.10453008115291595,0.22197172045707703,0.9693291187286377
42.96758270000282,-0.4688073396682739,0.8734515905380249,0.07085645198822021,-0.014292106963694096,0.10508721321821213,0.22259020805358887,0.9691264033317566
42.97125450000749,-0.46836262941360474,0.873568058013916,0.07095140963792801,-0.013971421867609024,0.10615131258964539,0.22201760113239288,0.9691464304924011
42.97525660000974,-0.46792536973953247,0.8736588954925537,0.07103131711483002,-0.013735850341618061,0.1057942733168602,0.22303251922130585,0.9689558148384094
42.97987720000674,-0.46741166710853577,0.8737578988075256,0.07112877070903778,-0.012781661003828049,0.10645123571157455,0.22405613958835602,0.9686607718467712
42.9846702000068,-0.46688368916511536,0.8738489747047424,0.07116861641407013,-0.012126975692808628,0.1070568859577179,0.22274847328662872,0.9689040184020996
42.98882910000975,-0.4663982093334198,0.8739444613456726,0.0712045356631279,-0.01204096619039774,0.10779425501823425,0.2233319878578186,0.96868896484375
42.99225510000542,-0.46591606736183167,0.8740451335906982,0.07124432176351547,-0.011268953792750835,0.10838567465543747,0.22310324013233185,0.9686849117279053
42.998147300007986,-0.4648570120334625,0.8742002844810486,0.07140204310417175,-0.010316405445337296,0.1104201003909111,0.22299064695835114,0.9684916734695435
43.00458750000689,-0.46428200602531433,0.8742647767066956,0.07150446623563766,-0.009894509799778461,0.11034701019525528,0.22352351248264313,0.9683815240859985
43.008920899999794,-0.46370747685432434,0.8742961287498474,0.07150859385728836,-0.009602759033441544,0.11143097281455994,0.2231665402650833,0.9683427214622498
43.01371830000426,-0.46310853958129883,0.8743483424186707,0.07154051959514618,-0.00870178360491991,0.11238931119441986,0.22373105585575104,0.9681102633476257
43.02144770001178,-0.46188631653785706,0.8744503855705261,0.0715707316994667,-0.007791088428348303,0.1145680621266365,0.22350220382213593,0.9679153561592102
43.02548550000938,-0.46128132939338684,0.8744593858718872,0.0715489313006401,-0.007787219248712063,0.11526469141244888,0.2239776998758316,0.9677228927612305
43.0318879000115,-0.46006399393081665,0.8745262026786804,0.07159306854009628,-0.006254193373024464,0.11665474623441696,0.22391293942928314,0.9675823450088501
43.03729560000647,-0.4593627452850342,0.8745179772377014,0.07162033021450043,-0.005288007669150829,0.11767153441905975,0.22443200647830963,0.9673446416854858
43.04068869999901,-0.4587213397026062,0.8745313286781311,0.07161018997430801,-0.005745654925704002,0.11857879906892776,0.22525754570960999,0.9670393466949463
43.0448497000034,-0.45803406834602356,0.8745712637901306,0.0716235563158989,-0.0053385659120976925,0.12002667784690857,0.22422321140766144,0.9671034216880798
43.04855849999876,-0.4573919177055359,0.8745438456535339,0.07159128040075302,-0.005356523673981428,0.12041757255792618,0.22516903281211853,0.9668349623680115
43.05541810000432,-0.4567135274410248,0.8745370507240295,0.07156714051961899,-0.003976877313107252,0.12181772291660309,0.22497831284999847,0.9667105674743652
43.05953660000523,-0.4560379981994629,0.8744566440582275,0.07152155786752701,-0.002867205999791622,0.12284053862094879,0.2251863032579422,0.9665367007255554
43.065877400003956,-0.45458167791366577,0.8744122385978699,0.07147391140460968,-0.0029393970035016537,0.12473676353693008,0.22636674344539642,0.9660177826881409
43.069552300003124,-0.4538804292678833,0.874390721321106,0.07146454602479935,-0.0027363253757357597,0.12625053524971008,0.2261938899755478,0.9658621549606323
43.0737264000054,-0.45315977931022644,0.8743582367897034,0.07142516225576401,-0.002090450143441558,0.12683731317520142,0.22722762823104858,0.9655441641807556
43.077827400004026,-0.452384889125824,0.8742846250534058,0.07142171263694763,-0.001106979325413704,0.12798792123794556,0.2269052416086197,0.9654697775840759
43.0817481999984,-0.4516461193561554,0.8742305636405945,0.07136262208223343,0.0007492131553590298,0.1292486935853958,0.22631408274173737,0.9654409885406494
43.08606120001059,-0.4509417414665222,0.8741905689239502,0.0712970420718193,0.00023102032719179988,0.12978985905647278,0.22738853096961975,0.965116024017334
43.09003400000802,-0.4501822590827942,0.874150812625885,0.07124783843755722,0.0003236484481021762,0.13160179555416107,0.22763115167617798,0.9648134708404541
43.09420079999836,-0.4494057893753052,0.8740986585617065,0.0712558701634407,0.0012314406922087073,0.13248740136623383,0.2280433028936386,0.9645941257476807
43.09965689999808,-0.44866943359375,0.8740086555480957,0.07119391113519669,0.0018580214818939567,0.1337861865758896,0.2283286452293396,0.9643464088439941
43.10666260001017,-0.4471874535083771,0.8739220499992371,0.0710507407784462,0.003578625153750181,0.13642102479934692,0.22648385167121887,0.9644073843955994
43.11102070000197,-0.4464256167411804,0.873828649520874,0.07105854153633118,0.003828476183116436,0.1377178430557251,0.2279733270406723,0.9638710618019104
43.11532770001213,-0.4457290470600128,0.8738049864768982,0.07101787626743317,0.003893285756930709,0.13825774192810059,0.22916275262832642,0.9635113477706909
43.119235899997875,-0.44495701789855957,0.8737041354179382,0.07095260173082352,0.004969264380633831,0.13887855410575867,0.22907096147537231,0.9634389281272888
43.12426830000186,-0.4442315697669983,0.8736136555671692,0.0708903819322586,0.004848656710237265,0.13975322246551514,0.2291572093963623,0.9632925987243652
43.128389200006495,-0.4434984028339386,0.8734994530677795,0.0708596482872963,0.005944252945482731,0.1409422606229782,0.22974462807178497,0.9629732370376587
43.131735100003425,-0.4427850842475891,0.873374342918396,0.07076861709356308,0.006714789662510157,0.1421034038066864,0.22994396090507507,0.9627499580383301
43.13603380000859,-0.4420827627182007,0.8733079433441162,0.07075086236000061,0.006888032890856266,0.14256666600704193,0.2308550924062729,0.9624621272087097
43.140410400010296,-0.44132786989212036,0.8731713891029358,0.07071153819561005,0.007909289561212063,0.14394623041152954,0.23158282041549683,0.9620739817619324
43.144307800001116,-0.4405805170536041,0.8730145692825317,0.07062897086143494,0.007795323152095079,0.14467290043830872,0.23110662400722504,0.9620804190635681
43.14863480000349,-0.43986770510673523,0.8729431629180908,0.0705789104104042,0.009244240820407867,0.14569883048534393,0.2306242734193802,0.9620285034179688
43.153128300007666,-0.4391203820705414,0.8728306293487549,0.07053878158330917,0.009585808031260967,0.1473638266324997,0.23159760236740112,0.9615376591682434
43.15707410000323,-0.4384007155895233,0.8727169036865234,0.070500947535038,0.009079952724277973,0.14758747816085815,0.2330460399389267,0.9611581563949585
43.16106270000455,-0.4376327693462372,0.8725994825363159,0.07047439366579056,0.009963476099073887,0.14861725270748138,0.23421916365623474,0.9607055187225342
43.16507500001171,-0.43691307306289673,0.8724292516708374,0.0704062357544899,0.011514505371451378,0.14971284568309784,0.2333933711051941,0.9607190489768982
43.16933390000486,-0.43619340658187866,0.8723140954971313,0.07037115097045898,0.011773603036999702,0.1504931002855301,0.23457059264183044,0.960307240486145
43.17330030001176,-0.4354192018508911,0.8722276091575623,0.07033354043960571,0.011443096213042736,0.15139004588127136,0.23535850644111633,0.959977388381958
43.177451499999734,-0.4346345365047455,0.8721460103988647,0.07028435915708542,0.012274465523660183,0.15189793705940247,0.23611332476139069,0.959701418876648
43.182085600012215,-0.43389278650283813,0.872018575668335,0.07021372765302658,0.014014097861945629,0.15337786078453064,0.23602700233459473,0.9594634771347046
43.18593010000768,-0.4331267774105072,0.8719151616096497,0.07013645768165588,0.014603530056774616,0.154032900929451,0.23651954531669617,0.9592284560203552
43.1904962999979,-0.4323215186595917,0.8718000650405884,0.07012729346752167,0.014746730215847492,0.15524834394454956,0.2363104671239853,0.9590818285942078
43.19419850000122,-0.43152791261672974,0.8716221451759338,0.07007578015327454,0.01594673842191696,0.15609055757522583,0.23592215776443481,0.9590214490890503
43.19851770000241,-0.43076470494270325,0.8714773654937744,0.06997574865818024,0.0164217296987772,0.1570442169904709,0.23645466566085815,0.9587265253067017
43.20264450000832,-0.4300018548965454,0.8713832497596741,0.06993565708398819,0.016826966777443886,0.15847596526145935,0.23695994913578033,0.9583591818809509
43.20674860000145,-0.42917582392692566,0.8712180852890015,0.06987231969833374,0.01630723476409912,0.15865442156791687,0.23802338540554047,0.9580750465393066
43.21109440000146,-0.42839863896369934,0.8710548281669617,0.06979626417160034,0.017551494762301445,0.1602194458246231,0.23726335167884827,0.9579811096191406
43.215186500005075,-0.42762112617492676,0.8709124326705933,0.06973841041326523,0.01796114444732666,0.16135777533054352,0.23773759603500366,0.9576647877693176
43.2192747000081,-0.42677852511405945,0.8707227110862732,0.06961412727832794,0.018843306228518486,0.1622726321220398,0.23740817606449127,0.9575750231742859
43.223431899998104,-0.42602217197418213,0.8706008195877075,0.06953828036785126,0.019803956151008606,0.16336560249328613,0.2368982583284378,0.9574960470199585
43.22743480000645,-0.4252212345600128,0.8703942894935608,0.06944631785154343,0.020388633012771606,0.16432133316993713,0.23729462921619415,0.9572221040725708
43.23178900001221,-0.42440730333328247,0.8702176809310913,0.0694064199924469,0.020980702713131905,0.16584570705890656,0.23668327927589417,0.9570977091789246
43.23589900000661,-0.42363256216049194,0.8700891137123108,0.06930944323539734,0.02137724496424198,0.16739752888679504,0.23646153509616852,0.9568735361099243
43.23999220000405,-0.42284998297691345,0.8699119091033936,0.0692388042807579,0.02265103906393051,0.16829730570316315,0.23733457922935486,0.956470251083374
43.245220299999346,-0.4220083951950073,0.8697901964187622,0.0692317932844162,0.023270150646567345,0.16895081102848053,0.23856841027736664,0.9560330510139465
43.24879170001077,-0.42122671008110046,0.8695553541183472,0.06908168643712997,0.023088516667485237,0.17023304104804993,0.23853234946727753,0.9558190107345581
43.25269459999981,-0.4204157292842865,0.8694349527359009,0.06901644915342331,0.02432658150792122,0.1709660142660141,0.2385547161102295,0.9556519389152527
43.256765500002075,-0.419586718082428,0.8692248463630676,0.06894975900650024,0.024641668424010277,0.17240048944950104,0.23896725475788116,0.9552829265594482
43.261081500008004,-0.418802410364151,0.86913001537323,0.06888920813798904,0.024858901277184486,0.1729896068572998,0.24046482145786285,0.9547949433326721
43.268914800006314,-0.4171903431415558,0.8687894344329834,0.06869582831859589,0.02637462131679058,0.1754922866821289,0.23956213891506195,0.9545244574546814
43.273328900002525,-0.4164775013923645,0.8686221837997437,0.0685996264219284,0.026353877037763596,0.17640861868858337,0.23966632783412933,0.9543298482894897
43.277615300001344,-0.41571706533432007,0.868489146232605,0.06852859258651733,0.0267618540674448,0.17688433825969696,0.2417367547750473,0.9537080526351929
43.28182530000049,-0.4149651527404785,0.8683500289916992,0.06848595291376114,0.0276073906570673,0.1775030493736267,0.24121512472629547,0.9537010788917542
43.2860517000081,-0.4142288267612457,0.8681676387786865,0.06840836256742477,0.028313852846622467,0.1785118281841278,0.24118129909038544,0.9535006880760193
43.290572800004156,-0.4135268032550812,0.8679897785186768,0.06831339746713638,0.029224812984466553,0.1792406141757965,0.2414361983537674,0.9532719254493713
43.29440720001003,-0.4128135144710541,0.8678619265556335,0.06826294958591461,0.029362132772803307,0.18083785474300385,0.24029012024402618,0.9532555937767029
43.29902550000406,-0.4121018052101135,0.8677139282226562,0.06824192404747009,0.029858049005270004,0.18112896382808685,0.24230952560901642,0.9526736736297607
43.30272830001195,-0.4114902913570404,0.8675459027290344,0.06819171458482742,0.030469588935375214,0.18171797692775726,0.242381751537323,0.9525236487388611
43.30758490000153,-0.41083282232284546,0.8673936128616333,0.06815040856599808,0.030636154115200043,0.18254251778125763,0.24261753261089325,0.9523005485534668
43.31121670000721,-0.4101587235927582,0.8671990633010864,0.06810944527387619,0.030784891918301582,0.1833697259426117,0.24291613698005676,0.9520606994628906
43.315153800009284,-0.4095824360847473,0.8670096397399902,0.06809405237436295,0.031099138781428337,0.18368785083293915,0.24262219667434692,0.9520640969276428
43.31922119999945,-0.40898799896240234,0.8668542504310608,0.06809614598751068,0.031208738684654236,0.1836879998445511,0.243660569190979,0.9517953395843506
43.32350800000131,-0.40830835700035095,0.8666710257530212,0.06810755282640457,0.032077156007289886,0.18454252183437347,0.244733065366745,0.9513258934020996
43.328258699999424,-0.4077458083629608,0.8664900660514832,0.06806299090385437,0.03268539160490036,0.18485811352729797,0.24533453583717346,0.9510889053344727
43.33188950001204,-0.40718457102775574,0.8663440346717834,0.06805221736431122,0.032941918820142746,0.18526332080364227,0.24571886658668518,0.950901985168457
43.336177200006205,-0.40658196806907654,0.866172194480896,0.06810310482978821,0.032556261867284775,0.18600526452064514,0.24635468423366547,0.9506058692932129
43.340199099999154,-0.405965656042099,0.8659933805465698,0.06811163574457169,0.03263399004936218,0.18570366501808167,0.24626179039478302,0.9506862163543701
43.34475630000816,-0.4053911864757538,0.8658058047294617,0.0681021437048912,0.03333380073308945,0.18657371401786804,0.24633873999118805,0.9504716396331787
43.34864000001107,-0.40484312176704407,0.8656538128852844,0.06807254254817963,0.03403213992714882,0.18720696866512299,0.247086763381958,0.9501281380653381
43.35261529999843,-0.40427297353744507,0.8655341863632202,0.0681072324514389,0.03458580747246742,0.18684734404087067,0.24783281981945038,0.949984610080719
43.35699260000547,-0.4036721885204315,0.8653691411018372,0.0681309774518013,0.034717511385679245,0.18682053685188293,0.2483031153678894,0.9498623013496399
43.36103390000062,-0.4031022787094116,0.8652215003967285,0.0681382417678833,0.035320498049259186,0.18766248226165771,0.2478398084640503,0.9497950673103333
43.36539420000918,-0.40257734060287476,0.8650878071784973,0.06814219057559967,0.0362602174282074,0.18861128389835358,0.24718569219112396,0.9497421383857727
43.36948570000823,-0.40203621983528137,0.864971935749054,0.0681176483631134,0.035651128739118576,0.18904931843280792,0.24821095168590546,0.9494106769561768
43.37337670000852,-0.4014504551887512,0.8648279309272766,0.06811284273862839,0.03666723892092705,0.18931369483470917,0.2473728507757187,0.9495381116867065
43.37769120000303,-0.40087002515792847,0.8646660447120667,0.06816098839044571,0.037281014025211334,0.18966244161128998,0.24838872253894806,0.9491793513298035
43.381656600002316,-0.40036633610725403,0.8645354509353638,0.0681433156132698,0.0373622290790081,0.19025658071041107,0.2487000972032547,0.948975682258606
43.38599750000867,-0.39983052015304565,0.8643794655799866,0.0681271031498909,0.03693033382296562,0.19064012169837952,0.24973814189434052,0.9486429691314697
43.390367400003015,-0.39923980832099915,0.864266037940979,0.06812881678342819,0.037603721022605896,0.19148941338062286,0.24921727180480957,0.9485823512077332
43.39431470001,-0.3987138271331787,0.8641381859779358,0.06817016750574112,0.03786146268248558,0.19134989380836487,0.2497146874666214,0.9484694600105286
43.39901280000049,-0.39819809794425964,0.8639931678771973,0.0681513249874115,0.03742900490760803,0.19142985343933105,0.2509099543094635,0.9481549859046936
43.40257289999863,-0.39766645431518555,0.8638634085655212,0.06813520938158035,0.038102101534605026,0.19235146045684814,0.25089868903160095,0.9479445815086365
43.40673339999921,-0.3971490263938904,0.8637275099754333,0.06813674420118332,0.03913258761167526,0.1930306851863861,0.2505262792110443,0.9478630423545837
43.411225400006515,-0.3966209590435028,0.8635773062705994,0.06814060360193253,0.0392683669924736,0.19372092187404633,0.25026634335517883,0.9477853178977966
43.41458510000666,-0.3966209590435028,0.8635773062705994,0.06814060360193253,0.0392683669924736,0.19372092187404633,0.25026634335517883,0.9477853178977966
43.4192303000018,-0.395592600107193,0.8633556365966797,0.06819039583206177,0.0387948602437973,0.19345609843730927,0.2526939809322357,0.947214663028717
43.423353200007114,-0.39510440826416016,0.8632197976112366,0.06820789724588394,0.039654847234487534,0.19429481029510498,0.25267305970191956,0.9470129013061523
43.427506300009554,-0.3945578336715698,0.8630865216255188,0.068230539560318,0.040409598499536514,0.19516126811504364,0.252922385931015,0.9467362761497498
43.43194940000831,-0.39405572414398193,0.8629490733146667,0.06823603063821793,0.04093095287680626,0.19570297002792358,0.2529720962047577,0.9465887546539307
43.435899200005224,-0.3935229182243347,0.8628186583518982,0.06825490295886993,0.04088025912642479,0.19607007503509521,0.25391072034835815,0.9462636113166809
43.44014489999972,-0.39301055669784546,0.8626866936683655,0.06826397776603699,0.04126356542110443,0.1961781233549118,0.25379595160484314,0.9462552666664124
43.44418230000883,-0.39246830344200134,0.8625290989875793,0.0683177262544632,0.04217758774757385,0.19670671224594116,0.2536272704601288,0.9461504817008972
43.44842780000181,-0.3919249176979065,0.8623546361923218,0.06830137223005295,0.04178982228040695,0.197287917137146,0.25518885254859924,0.9456266760826111
43.45273650001036,-0.3914155960083008,0.862276554107666,0.06831642240285873,0.04197796434164047,0.1981797218322754,0.2554422914981842,0.9453633427619934
43.456833000003826,-0.3909207880496979,0.862162709236145,0.06832410395145416,0.04336096718907356,0.19878865778446198,0.2549227178096771,0.9453133940696716
43.46103600000788,-0.3909207880496979,0.862162709236145,0.06832410395145416,0.04336096718907356,0.19878865778446198,0.2549227178096771,0.9453133940696716
43.46677959999943,-0.38980552554130554,0.8618176579475403,0.06833935528993607,0.04237965866923332,0.19934582710266113,0.2571426331996918,0.9446390867233276
43.47094670000661,-0.3893137276172638,0.8616805672645569,0.06834996491670609,0.04265053942799568,0.20008453726768494,0.25709858536720276,0.944482684135437
43.474700700011454,-0.3888663947582245,0.8615671396255493,0.06835386902093887,0.042350806295871735,0.20072472095489502,0.2574169337749481,0.9442735314369202
43.47855800000252,-0.38840851187705994,0.8614528775215149,0.06835615634918213,0.04236283153295517,0.20084898173809052,0.25772956013679504,0.9441612958908081
43.48247860000993,-0.3878515958786011,0.8612926006317139,0.06838210672140121,0.044117022305727005,0.2021629363298416,0.2561897337436676,0.9442196488380432
43.486023000004934,-0.3873375356197357,0.8611003756523132,0.06841976940631866,0.04427392780780792,0.20254141092300415,0.25744134187698364,0.94379061460495
43.4902957000013,-0.38689473271369934,0.8609662055969238,0.0684213936328888,0.044777724891901016,0.20314906537532806,0.25755661725997925,0.9436048269271851
43.495178600001964,-0.3864766061306,0.8608150482177734,0.06842775642871857,0.045072928071022034,0.2036118358373642,0.25742173194885254,0.94352787733078
43.498726999998325,-0.38603338599205017,0.860666811466217,0.06845781952142715,0.0455210879445076,0.20419614017009735,0.2574012875556946,0.9433855414390564
43.50272220000625,-0.3855538070201874,0.8605149388313293,0.0685131773352623,0.046217672526836395,0.20482540130615234,0.25606945157051086,0.943577766418457
43.50719110001228,-0.3850715458393097,0.8603183627128601,0.06854810565710068,0.0475238561630249,0.20559373497962952,0.2560429275035858,0.9433529376983643
43.51111990000936,-0.3846246898174286,0.8601283431053162,0.06855467706918716,0.04777291417121887,0.20545905828475952,0.25790250301361084,0.9428630471229553
43.51528010000766,-0.3841855525970459,0.859958827495575,0.06858742237091064,0.04780559614300728,0.2061636745929718,0.2581748068332672,0.9426330327987671
43.519188400008716,-0.38374289870262146,0.8597722053527832,0.06857971101999283,0.04834452271461487,0.20643050968647003,0.257341593503952,0.9427749514579773
43.523663200001465,-0.3832678198814392,0.8595462441444397,0.06862517446279526,0.047663405537605286,0.20611317455768585,0.25900423526763916,0.9424237608909607
43.5275898000109,-0.38279515504837036,0.8593306541442871,0.06867272406816483,0.048821695148944855,0.20716536045074463,0.25952672958374023,0.9419898986816406
43.531705500005046,-0.3823385536670685,0.8591043949127197,0.06870599836111069,0.04925348609685898,0.20741704106330872,0.2606216371059418,0.9416096210479736
43.5364993000112,-0.3819124102592468,0.8588904738426208,0.0687193050980568,0.04930523782968521,0.2079465538263321,0.26009759306907654,0.941635012626648
43.54046990000643,-0.3814524710178375,0.8586819767951965,0.06869609653949738,0.04991348460316658,0.20852406322956085,0.2594473361968994,0.941654622554779
43.544356700003846,-0.3809959292411804,0.8584670424461365,0.06872113049030304,0.05053452029824257,0.20904724299907684,0.2590227425098419,0.9416224360466003
43.54830850000144,-0.38051608204841614,0.8582049012184143,0.06876495480537415,0.05290031060576439,0.21067558228969574,0.2576395571231842,0.9415090680122375
43.55251049999788,-0.3800738751888275,0.8579915761947632,0.06879166513681412,0.0537223182618618,0.21126149594783783,0.25718775391578674,0.9414547085762024
43.55713810000452,-0.37962606549263,0.8577661514282227,0.06875894963741302,0.05388147383928299,0.21156549453735352,0.25815388560295105,0.9411128759384155
43.56100000000151,-0.37916579842567444,0.8575373888015747,0.06877349317073822,0.054084908217191696,0.21160781383514404,0.25908952951431274,0.9408345818519592
43.56555350001145,-0.37870150804519653,0.8572960495948792,0.06883694976568222,0.05568120628595352,0.2127578854560852,0.2581999897956848,0.9407265782356262
43.56926600000588,-0.37870150804519653,0.8572960495948792,0.06883694976568222,0.05568120628595352,0.2127578854560852,0.2581999897956848,0.9407265782356262
43.572780400005286,-0.37870150804519653,0.8572960495948792,0.06883694976568222,0.05568120628595352,0.2127578854560852,0.2581999897956848,0.9407265782356262
43.576047700000345,-0.37870150804519653,0.8572960495948792,0.06883694976568222,0.05568120628595352,0.2127578854560852,0.2581999897956848,0.9407265782356262
43.57941960000608,-0.37870150804519653,0.8572960495948792,0.06883694976568222,0.05568120628595352,0.2127578854560852,0.2581999897956848,0.9407265782356262
43.58400420000544,-0.3782259225845337,0.8569809794425964,0.06883744150400162,0.05648761987686157,0.21331483125686646,0.2579471468925476,0.9406217932701111
43.58884920000855,-0.37645673751831055,0.8559521436691284,0.068817138671875,0.05930926650762558,0.21570630371570587,0.25746259093284607,0.9400352239608765
43.59317350000492,-0.37599271535873413,0.8556604981422424,0.0688188225030899,0.06059135124087334,0.21696734428405762,0.25729745626449585,0.9397084712982178
43.59668000000238,-0.37554097175598145,0.8553900718688965,0.06882631778717041,0.061355989426374435,0.2175489217042923,0.25686442852020264,0.9396428465843201
43.60147410001082,-0.3751160502433777,0.8551082611083984,0.06880075484514236,0.061637070029973984,0.21786007285118103,0.2568463683128357,0.9395573139190674
43.60565170001064,-0.37465840578079224,0.854806661605835,0.06877072155475616,0.06253302097320557,0.2179693579673767,0.25681430101394653,0.9394814372062683
43.60965150000993,-0.37415412068367004,0.8544701933860779,0.06873732805252075,0.06338152289390564,0.2188594937324524,0.25794094800949097,0.9389088153839111
43.61464120000892,-0.3732529580593109,0.8538820743560791,0.0687127560377121,0.064984031021595,0.21984070539474487,0.25830700993537903,0.9384692907333374
43.62090619999799,-0.37276914715766907,0.8535876274108887,0.0686962828040123,0.06610409915447235,0.2200300395488739,0.2578412890434265,0.9384748339653015
43.625087899999926,-0.37230435013771057,0.8532881140708923,0.0686519667506218,0.06750635802745819,0.22102051973342896,0.256978303194046,0.9383789300918579
43.62945370000671,-0.3718447685241699,0.8529931902885437,0.06863467395305634,0.0678456500172615,0.2216387838125229,0.25761428475379944,0.938034176826477
43.63351830000465,-0.3713446259498596,0.8526621460914612,0.06862495839595795,0.06856140494346619,0.22210796177387238,0.2583391070365906,0.9376717209815979
43.63699980000092,-0.3708854019641876,0.8523082733154297,0.06855716556310654,0.06961912661790848,0.22302281856536865,0.2578446567058563,0.9375128149986267
43.640909200010356,-0.37038031220436096,0.851943850517273,0.06851521134376526,0.06978882104158401,0.2226240187883377,0.2595287263393402,0.9371302127838135
43.64433780001127,-0.36993178725242615,0.8515844345092773,0.06847935169935226,0.07118145376443863,0.22240614891052246,0.2606438100337982,0.936767578125
43.64848390000407,-0.3694334030151367,0.8512458205223083,0.06845522671937943,0.07233075797557831,0.22336751222610474,0.2604760229587555,0.9364975094795227
43.6524911000015,-0.3689192235469818,0.850899338722229,0.06844295561313629,0.07425583899021149,0.22460711002349854,0.26006314158439636,0.9361649751663208
43.656956700011506,-0.36846864223480225,0.8505315780639648,0.06841233372688293,0.075658418238163,0.22515863180160522,0.26010921597480774,0.9359074234962463
43.661315000004834,-0.3680201768875122,0.8501490950584412,0.06834211945533752,0.07644777745008469,0.22539490461349487,0.2594175636768341,0.9359782934188843
43.665032600009,-0.36752647161483765,0.8497694730758667,0.06830639392137527,0.07819227874279022,0.22625604271888733,0.2591516971588135,0.9357001185417175
43.66961589999846,-0.3669999837875366,0.8493497371673584,0.06827615201473236,0.07922566682100296,0.226654052734375,0.26142939925193787,0.9348828792572021
43.67481150000822,-0.36653438210487366,0.8489641547203064,0.06822480261325836,0.07959642261266708,0.2269338071346283,0.26211804151535034,0.9345906376838684
43.67828089999966,-0.36602771282196045,0.8485769033432007,0.06820048391819,0.08031915873289108,0.22711607813835144,0.261736661195755,0.9345913529396057
43.68188680001185,-0.365541011095047,0.8481407761573792,0.06813036650419235,0.08199968189001083,0.2278779298067093,0.26203596591949463,0.9341761469841003
43.68995400000131,-0.3645934760570526,0.8473020792007446,0.06801912188529968,0.08549134433269501,0.22857508063316345,0.2635410726070404,0.9332688450813293
43.694486300009885,-0.36405235528945923,0.8468305468559265,0.06800272315740585,0.08610734343528748,0.22891893982887268,0.26413413882255554,0.9329602122306824
43.69840620001196,-0.36354249715805054,0.846371054649353,0.06795962154865265,0.08665060251951218,0.22907954454421997,0.2648134231567383,0.9326779246330261
43.702742900000885,-0.3630691468715668,0.8459178805351257,0.06790351867675781,0.08823353797197342,0.2298722267150879,0.2641106843948364,0.9325338006019592
43.706719499998144,-0.3625500500202179,0.845465362071991,0.0678451880812645,0.09028041362762451,0.2312159240245819,0.26470768451690674,0.9318360686302185
43.71131250000326,-0.3620428442955017,0.8450368642807007,0.06776929646730423,0.09173224121332169,0.23194937407970428,0.26497882604599,0.9314349293708801
43.7152136000077,-0.3614826798439026,0.8446062803268433,0.06774895638227463,0.09343377500772476,0.23224398493766785,0.2642136514186859,0.9314097166061401
43.72068389999913,-0.36092373728752136,0.8441346883773804,0.06766727566719055,0.09439922124147415,0.23267319798469543,0.2657313048839569,0.9307733178138733
43.72465760000341,-0.36040210723876953,0.8436564803123474,0.06753744184970856,0.09693741798400879,0.23384425044059753,0.26552656292915344,0.9302772283554077
43.728217100011534,-0.35988232493400574,0.8432105779647827,0.06746018677949905,0.09810952097177505,0.23476891219615936,0.2649681270122528,0.9300807118415833
43.731896700002835,-0.3593101501464844,0.8427316546440125,0.06737140566110611,0.10012155771255493,0.23601514101028442,0.264362633228302,0.9297230243682861
43.735965200001374,-0.358785480260849,0.8423094749450684,0.06734117865562439,0.10181723535060883,0.23713253438472748,0.2628292441368103,0.9296892881393433
43.74036010001146,-0.35826799273490906,0.8418567776679993,0.06725256890058517,0.10398343205451965,0.2374003678560257,0.2631846070289612,0.9292805194854736
43.74457480000274,-0.35771629214286804,0.841358482837677,0.06720176339149475,0.10582607984542847,0.2384612113237381,0.2627372741699219,0.9289275407791138
43.74842840000929,-0.35721829533576965,0.8408438563346863,0.06714411824941635,0.10649751871824265,0.23867560923099518,0.26309749484062195,0.9286937117576599
43.752848100004485,-0.35673654079437256,0.8403624296188354,0.06703435629606247,0.10783597081899643,0.23923906683921814,0.26287880539894104,0.92845618724823
43.75724160000391,-0.356235146522522,0.839899480342865,0.06699110567569733,0.10971269011497498,0.24093516170978546,0.26144880056381226,0.9282014966011047
43.761034200011636,-0.35570791363716125,0.839406430721283,0.06696060299873352,0.11197827756404877,0.2419900745153427,0.2609439194202423,0.9277984499931335
43.76527910000004,-0.3552521765232086,0.8388622403144836,0.06687844544649124,0.11376398056745529,0.24167309701442719,0.26015204191207886,0.9278863072395325
43.76922740000009,-0.35480570793151855,0.8383111953735352,0.06682318449020386,0.11461692303419113,0.241710364818573,0.2621307969093323,0.9272144436836243
43.77353099999891,-0.35436683893203735,0.8377957344055176,0.06682656705379486,0.11538171023130417,0.24256259202957153,0.2629525363445282,0.9266641736030579
43.77750750000996,-0.3539208173751831,0.8372279405593872,0.0667870044708252,0.11700157821178436,0.24408021569252014,0.26239073276519775,0.9262217283248901
43.78185030000168,-0.35352370142936707,0.8366154432296753,0.06671066582202911,0.1202167496085167,0.24450212717056274,0.2602728307247162,0.9262962937355042
43.786125400001765,-0.35310161113739014,0.8360543847084045,0.06670669466257095,0.12154640257358551,0.24485079944133759,0.26096972823143005,0.9258344173431396
43.79005419999885,-0.3526976406574249,0.8355069160461426,0.06665616482496262,0.12216077744960785,0.24414505064487457,0.26377952098846436,0.9251433610916138
43.79434590000892,-0.35230639576911926,0.834933340549469,0.06659640371799469,0.12401094287633896,0.24435332417488098,0.2649424374103546,0.9245097637176514
43.79837490001228,-0.3519238829612732,0.8342969417572021,0.06655149906873703,0.12627696990966797,0.24543631076812744,0.2632299065589905,0.9244052767753601
43.80239090000396,-0.3514903485774994,0.8337446451187134,0.06654272228479385,0.12684887647628784,0.2459370642900467,0.26390719413757324,0.9240007400512695
43.80695460000425,-0.35113564133644104,0.8331583142280579,0.06648630648851395,0.12955451011657715,0.2462960034608841,0.2640332877635956,0.9234935641288757
43.8108945999993,-0.3507813513278961,0.8325397968292236,0.06642334908246994,0.13075509667396545,0.24628512561321259,0.2655597925186157,0.9228894114494324
43.81523269999889,-0.350414901971817,0.831955075263977,0.06642108410596848,0.1322101503610611,0.24585242569446564,0.2663153111934662,0.9225797653198242
43.819453700009035,-0.3500273823738098,0.8314236402511597,0.06643198430538177,0.13421985507011414,0.24649301171302795,0.2664518356323242,0.9220789670944214
43.823715100006666,-0.3496648073196411,0.830834686756134,0.0663861334323883,0.1352594792842865,0.2468014508485794,0.2672266960144043,0.92162024974823
43.82808950000617,-0.3492750823497772,0.8302301168441772,0.0663641095161438,0.13623951375484467,0.2467612475156784,0.26806023716926575,0.9212445616722107
43.83188310000696,-0.3489094078540802,0.8296542167663574,0.06636422127485275,0.1379709541797638,0.24692106246948242,0.2683015763759613,0.9208737015724182
43.8369345000101,-0.34852322936058044,0.8291077613830566,0.06635456532239914,0.14045315980911255,0.24802300333976746,0.2674059271812439,0.9204626679420471
43.845326100010425,-0.34779447317123413,0.8279768824577332,0.06632155925035477,0.1436425745487213,0.2484314888715744,0.2683984637260437,0.9195709824562073
43.852493200000026,-0.34695279598236084,0.8268369436264038,0.0663331001996994,0.1456492692232132,0.24919374287128448,0.26937294006347656,0.9187638759613037
43.858030000003055,-0.3465763032436371,0.826298177242279,0.06630051136016846,0.148173525929451,0.2499026358127594,0.2689325213432312,0.9182965755462646
43.861981300011394,-0.3462241291999817,0.8257820010185242,0.06626168638467789,0.1497441679239273,0.25059229135513306,0.26862832903862,0.9179429411888123
43.8665261999995,-0.3458312153816223,0.8251961469650269,0.066245436668396,0.15176020562648773,0.2512797713279724,0.2676931619644165,0.9176969528198242
43.87110210000537,-0.34541085362434387,0.8245849609375,0.06624246388673782,0.15273858606815338,0.2511430084705353,0.26871034502983093,0.9172747135162354
43.8752392000024,-0.34499919414520264,0.824099600315094,0.06619767099618912,0.1536918431520462,0.2520289123058319,0.26895686984062195,0.9168002009391785
43.88007579999976,-0.34464120864868164,0.8236122727394104,0.06620916724205017,0.15531837940216064,0.2525120675563812,0.2686351537704468,0.9164873361587524
43.883665900008054,-0.3442772328853607,0.8230725526809692,0.06621838361024857,0.15659472346305847,0.25326240062713623,0.2683517634868622,0.9161460399627686
43.88764739999897,-0.34391918778419495,0.8225571513175964,0.06621091812849045,0.15876662731170654,0.2541317939758301,0.26822078227996826,0.9155697226524353
43.89393950000522,-0.3432348072528839,0.8215721249580383,0.06618395447731018,0.16019734740257263,0.2549159526824951,0.2677672803401947,0.9152352213859558
43.898506700003054,-0.342888206243515,0.8210592865943909,0.06619725376367569,0.16252976655960083,0.2554735839366913,0.2677764892578125,0.9146656394004822
43.90247480000835,-0.3425522744655609,0.8206077814102173,0.06624861806631088,0.16353365778923035,0.2561379373073578,0.2674245834350586,0.9144037365913391
43.90722449999885,-0.34224241971969604,0.8201673626899719,0.06627839803695679,0.16461655497550964,0.2565059959888458,0.26737216114997864,0.9141215085983276
43.91112420000718,-0.34192806482315063,0.8197216391563416,0.06634268909692764,0.16525936126708984,0.2570459246635437,0.2678450345993042,0.9137153625488281
43.915078900012304,-0.34166374802589417,0.8192310929298401,0.06633331626653671,0.16628316044807434,0.25722000002861023,0.2686547338962555,0.9132428765296936
43.91941460000817,-0.3413705825805664,0.8188034296035767,0.06636720150709152,0.16768480837345123,0.25721612572669983,0.26828494668006897,0.9130963683128357
43.92359469999792,-0.3410918712615967,0.8183625936508179,0.06640109419822693,0.16965097188949585,0.25842610001564026,0.26648247241973877,0.9129193425178528
43.92777660000138,-0.34083738923072815,0.8179516196250916,0.06642627716064453,0.1708112210035324,0.2588801980018616,0.26615631580352783,0.9126694798469543
43.93195209999976,-0.34057044982910156,0.8175634741783142,0.06650824844837189,0.1713048815727234,0.259449303150177,0.26648256182670593,0.912320077419281
43.93640130000131,-0.34032946825027466,0.8171842694282532,0.06659883260726929,0.17224976420402527,0.25954172015190125,0.26707497239112854,0.9119424819946289
43.940282299998216,-0.34007400274276733,0.8167686462402344,0.06665763258934021,0.1727684736251831,0.25900548696517944,0.2682229280471802,0.911659836769104
43.944181099999696,-0.3398195803165436,0.8164001107215881,0.0667579248547554,0.17391763627529144,0.25991135835647583,0.26642075181007385,0.9117120504379272
43.94835910000256,-0.33959856629371643,0.8159890174865723,0.06680896878242493,0.175590381026268,0.26039788126945496,0.26584523916244507,0.9114205241203308
43.95262900000671,-0.3393608629703522,0.8156635761260986,0.0668717473745346,0.1764369159936905,0.2604564428329468,0.2656381130218506,0.9113006591796875
43.958924700011266,-0.33916205167770386,0.8153442144393921,0.0669206753373146,0.17730838060379028,0.2612456977367401,0.2647525668144226,0.911163330078125
43.96273340001062,-0.3389742374420166,0.8150148391723633,0.06702274829149246,0.17807726562023163,0.2609963119029999,0.26498648524284363,0.9110167622566223
43.96690870000748,-0.3387904167175293,0.8146432638168335,0.06714662164449692,0.1788841038942337,0.26100724935531616,0.2653784453868866,0.9107414484024048
43.970957099998486,-0.3385709822177887,0.8143044710159302,0.06724812090396881,0.17868715524673462,0.26135843992233276,0.2662546932697296,0.9104235768318176
43.97519840000314,-0.3383837640285492,0.8139817714691162,0.06734354794025421,0.17959220707416534,0.2620674669742584,0.2658064663410187,0.9101726412773132
43.97909360000631,-0.3381432592868805,0.8137238025665283,0.06749985367059708,0.1803683638572693,0.2632341980934143,0.26478350162506104,0.9099806547164917
43.98369660000026,-0.3379683494567871,0.8134452104568481,0.06759090721607208,0.1816844344139099,0.2637215256690979,0.26400744915008545,0.9098031520843506
43.987764999998035,-0.33777448534965515,0.8131532073020935,0.06767719238996506,0.1822139322757721,0.26399779319763184,0.2631343603134155,0.9098700881004333
43.99180899999919,-0.33758407831192017,0.812883198261261,0.06775824725627899,0.18284694850444794,0.26395726203918457,0.2626563012599945,0.9098929762840271
43.99640709999949,-0.3374157249927521,0.8126124143600464,0.06785143166780472,0.18373042345046997,0.26438260078430176,0.2620756924152374,0.9097589254379272
44.000440500007244,-0.3372567594051361,0.8123120069503784,0.06795956194400787,0.18438686430454254,0.26472312211990356,0.2615211308002472,0.9096867442131042
44.00463409999793,-0.33709561824798584,0.8120084404945374,0.06809663772583008,0.18459880352020264,0.2646231949329376,0.26241692900657654,0.9094147682189941
44.00877230000333,-0.3369297385215759,0.8117544054985046,0.06823433935642242,0.18483750522136688,0.2649284303188324,0.2629563510417938,0.9091215133666992
44.01276740001049,-0.3367503583431244,0.8115195631980896,0.06839112192392349,0.1855042725801468,0.2656409740447998,0.2621195614337921,0.9090194702148438
44.016453900010674,-0.33656808733940125,0.8112776875495911,0.06858603656291962,0.1862669587135315,0.2665470540523529,0.2616010010242462,0.9087475538253784
44.02036829999997,-0.3363993763923645,0.8110515475273132,0.06871093064546585,0.1865883469581604,0.26725590229034424,0.2612448036670685,0.9085758924484253
44.02392350000446,-0.33628255128860474,0.8107941150665283,0.06881285458803177,0.1874937266111374,0.2675081193447113,0.260981023311615,0.9083911180496216
44.027783700003056,-0.3361350893974304,0.8105553984642029,0.0689358189702034,0.18854957818984985,0.26841139793395996,0.26012909412384033,0.9081504344940186
44.031916799998726,-0.33600276708602905,0.8102707266807556,0.06902661919593811,0.18947145342826843,0.26877158880233765,0.25958284735679626,0.908008337020874
44.036033399999724,-0.3358670771121979,0.8099749684333801,0.06916386634111404,0.1906597763299942,0.2687789797782898,0.2589268982410431,0.9079446792602539
44.04070370001136,-0.3357268273830414,0.8097124695777893,0.06929916143417358,0.19079934060573578,0.2688082754611969,0.2590530812740326,0.9078707098960876
44.04674530000193,-0.3355599045753479,0.8094519972801208,0.06943099945783615,0.19015465676784515,0.26858648657798767,0.2605930268764496,0.9076309204101562
44.05156110000098,-0.3353985548019409,0.8092171549797058,0.0695776641368866,0.19096951186656952,0.269356906414032,0.2599726915359497,0.9074093103408813
44.057108699998935,-0.33507704734802246,0.8088012933731079,0.06985778361558914,0.19240139424800873,0.27127909660339355,0.25878310203552246,0.9068741798400879
44.061055600002874,-0.3349372148513794,0.8085927367210388,0.0699731707572937,0.19322025775909424,0.27174562215805054,0.2581018805503845,0.9067544937133789
44.06541870000365,-0.3348131775856018,0.8083714842796326,0.07005850970745087,0.19418519735336304,0.27229732275009155,0.2573496103286743,0.9065966010093689
44.06917480000993,-0.33464163541793823,0.8081518411636353,0.07017386704683304,0.1947094351053238,0.2731100916862488,0.25614747405052185,0.9065802097320557
44.07331720000366,-0.334491103887558,0.8079620003700256,0.07030840218067169,0.19565227627754211,0.27355754375457764,0.2557230591773987,0.9063621163368225
44.07780530001037,-0.3343588411808014,0.807737410068512,0.07044854760169983,0.19700327515602112,0.27422967553138733,0.25432735681533813,0.9062590003013611
44.081881100006285,-0.3342076539993286,0.8075718879699707,0.07059065252542496,0.19731682538986206,0.2750742435455322,0.2543376684188843,0.9059319496154785
44.086060800007544,-0.33405759930610657,0.807393491268158,0.07072962075471878,0.19767926633358002,0.2759518325328827,0.2541959583759308,0.9056257009506226
44.0903885000007,-0.3338918685913086,0.8071923851966858,0.07091446220874786,0.1977042704820633,0.276943564414978,0.2545892894268036,0.9052069187164307
44.09679720000713,-0.3337399959564209,0.8070170879364014,0.07108175754547119,0.19807253777980804,0.277365118265152,0.2546324133872986,0.9049851894378662
44.10066999999981,-0.3336077034473419,0.806847333908081,0.07121109217405319,0.19891540706157684,0.2778337895870209,0.25411897897720337,0.9048008918762207
44.10470750000968,-0.33344703912734985,0.806679904460907,0.07133472710847855,0.20000527799129486,0.2780621647834778,0.2535235583782196,0.9046575427055359
44.10862530001032,-0.33332210779190063,0.8065115809440613,0.07145916670560837,0.20109552145004272,0.2785789370536804,0.25284451246261597,0.9044468402862549
44.11263770000369,-0.3332116901874542,0.8063381910324097,0.07156991958618164,0.20240472257137299,0.2793818414211273,0.2517339885234833,0.9042169451713562
44.11682590001146,-0.33310389518737793,0.8061459064483643,0.0717107281088829,0.2030736356973648,0.2803761661052704,0.2504838705062866,0.9041063189506531
44.12123210000573,-0.3330051600933075,0.8059625625610352,0.07186126708984375,0.2039741426706314,0.2810247242450714,0.24995893239974976,0.9038474559783936
44.12548250000691,-0.33290964365005493,0.8057736754417419,0.07203469425439835,0.204784095287323,0.28153884410858154,0.24943296611309052,0.9036495685577393
44.12948950000282,-0.3328167200088501,0.8056135773658752,0.07218358665704727,0.20556098222732544,0.28246015310287476,0.24885152280330658,0.9033459424972534
44.13354260000051,-0.33271703124046326,0.8054706454277039,0.0723131075501442,0.20610390603542328,0.28288817405700684,0.24885638058185577,0.9030869007110596
44.13773790000414,-0.33262139558792114,0.8053096532821655,0.07247418910264969,0.2066257745027542,0.28370097279548645,0.24830712378025055,0.9028638005256653
44.14188790001208,-0.33254414796829224,0.8051413893699646,0.07261231541633606,0.20732659101486206,0.2842731475830078,0.24845634400844574,0.9024820923805237
44.14535479999904,-0.33245113492012024,0.8049853444099426,0.07275886833667755,0.20813925564289093,0.28441742062568665,0.24873054027557373,0.9021739959716797
44.14889350000885,-0.33237603306770325,0.8048203587532043,0.072884202003479,0.20862774550914764,0.2848304212093353,0.24904674291610718,0.9018435478210449
44.15307310000935,-0.3322942852973938,0.8046679496765137,0.07300817221403122,0.20970039069652557,0.28549253940582275,0.24847902357578278,0.9015419483184814
44.15680750001047,-0.33220985531806946,0.8045070171356201,0.07313980162143707,0.21050730347633362,0.28612223267555237,0.24787475168704987,0.9013206958770752
44.16153040000063,-0.3321327269077301,0.804344117641449,0.0732722282409668,0.21143610775470734,0.28643667697906494,0.24762842059135437,0.9010710120201111
44.16505360000883,-0.3320654034614563,0.8041567206382751,0.07341429591178894,0.2126133143901825,0.28707197308540344,0.24667103588581085,0.9008544683456421
44.16925600000832,-0.3319770395755768,0.8040100932121277,0.07357487082481384,0.21300797164440155,0.2879597842693329,0.24624615907669067,0.9005939960479736
44.173276900008204,-0.33188802003860474,0.8038379549980164,0.07374989986419678,0.21391922235488892,0.28893017768859863,0.24442648887634277,0.9005630016326904
44.17737689999922,-0.3318088948726654,0.8036730289459229,0.07389286905527115,0.21452702581882477,0.28949692845344543,0.24386917054653168,0.9003874063491821
44.18184060000931,-0.33172839879989624,0.8035247921943665,0.07405917346477509,0.21563783288002014,0.2899307310581207,0.243467777967453,0.9000911116600037
44.18597320000117,-0.33165088295936584,0.8033545613288879,0.07423225045204163,0.2164182960987091,0.2907608151435852,0.24296008050441742,0.899773120880127
44.1903641000099,-0.3315703570842743,0.8031999468803406,0.07438020408153534,0.2171621471643448,0.2913816273212433,0.24266591668128967,0.8994723558425903
44.194213599999784,-0.3314821422100067,0.803034245967865,0.07451992481946945,0.218227356672287,0.29216867685317993,0.24220328032970428,0.8990839719772339
44.198326800004,-0.33142364025115967,0.8028698563575745,0.07466045022010803,0.2190336138010025,0.29272714257240295,0.2418457418680191,0.8988023996353149
44.20263590000104,-0.3313602805137634,0.8027148246765137,0.07480134814977646,0.21970780193805695,0.2929154634475708,0.24169985949993134,0.8986157774925232
44.2066552000033,-0.3312896490097046,0.8025667071342468,0.07492673397064209,0.22029823064804077,0.2928348183631897,0.24181796610355377,0.898465633392334
44.21100120000483,-0.3312447965145111,0.8023512959480286,0.0750909075140953,0.22064433991909027,0.2928526997566223,0.24218249320983887,0.898276686668396
44.215163500004564,-0.3311856985092163,0.8021889328956604,0.0752435252070427,0.22170086205005646,0.29308170080184937,0.24202796816825867,0.8979834914207458
44.219277299998794,-0.33110329508781433,0.8020433187484741,0.07540561258792877,0.221943199634552,0.29377901554107666,0.2417043298482895,0.8977829217910767
44.223496300008264,-0.3310254216194153,0.8018811345100403,0.0755690485239029,0.2231903374195099,0.2946919798851013,0.24027998745441437,0.8975568413734436
44.227659900003346,-0.33096733689308167,0.8017128109931946,0.07569088041782379,0.22358036041259766,0.2955646216869354,0.23929134011268616,0.8974369764328003
44.232036000001244,-0.33089011907577515,0.8015480637550354,0.07581043988466263,0.22401022911071777,0.29617467522621155,0.23866525292396545,0.8972952961921692
44.23589580001135,-0.33082467317581177,0.8013721704483032,0.0759408175945282,0.22433315217494965,0.29691410064697266,0.23815174400806427,0.8971067070960999
44.2401622000034,-0.3307628035545349,0.8012241125106812,0.07605301588773727,0.22506491839885712,0.29758384823799133,0.23759612441062927,0.8968487977981567
44.24431049999839,-0.3307042419910431,0.8010720610618591,0.07615785300731659,0.22580133378505707,0.2981311082839966,0.23756837844848633,0.8964892029762268
44.24851450001006,-0.33063778281211853,0.8009070158004761,0.07627213001251221,0.2267301231622696,0.2989566922187805,0.2370317578315735,0.8961218595504761
44.252713900001254,-0.3305630385875702,0.8007354140281677,0.07638920843601227,0.22787567973136902,0.2996572256088257,0.23708145320415497,0.895583987236023
44.25670600000012,-0.33046644926071167,0.8005509376525879,0.07653932273387909,0.22884835302829742,0.3002035617828369,0.23732112348079681,0.895089328289032
44.26144490001025,-0.3303971290588379,0.8003450036048889,0.07668069750070572,0.23017163574695587,0.30066096782684326,0.2374081164598465,0.8945733904838562
44.265259200008586,-0.33031216263771057,0.8001669049263,0.07681518793106079,0.23097768425941467,0.30077818036079407,0.23820403218269348,0.8941144943237305
44.2693935999996,-0.33022478222846985,0.800003707408905,0.07695399224758148,0.23218072950839996,0.3011550307273865,0.23810739815235138,0.8937016129493713
44.27402540000912,-0.3301275670528412,0.7998351454734802,0.07709666341543198,0.2340991199016571,0.3022421896457672,0.236928328871727,0.893147349357605
44.27829420000489,-0.33003976941108704,0.7996652722358704,0.07724505662918091,0.23500578105449677,0.30280572175979614,0.23707565665245056,0.8926791548728943
44.281858800008195,-0.3299565613269806,0.7994459271430969,0.07738544791936874,0.2365606427192688,0.30391865968704224,0.2361627072095871,0.892132043838501
44.286052800001926,-0.3298565447330475,0.7992554903030396,0.07752008736133575,0.23813064396381378,0.3047490119934082,0.235502228140831,0.8916056752204895
44.29058570000052,-0.32975199818611145,0.7990543842315674,0.07767639309167862,0.23925447463989258,0.3054518401622772,0.23494569957256317,0.8912110328674316
44.294685000000754,-0.32964953780174255,0.798828125,0.0778045654296875,0.2405027598142624,0.3060965836048126,0.23445415496826172,0.8907831907272339
44.298391100004665,-0.3295626640319824,0.7986025810241699,0.07792898267507553,0.24215362966060638,0.3064979016780853,0.23400598764419556,0.8903156518936157
44.30247340000642,-0.3294711709022522,0.7983908653259277,0.07803420722484589,0.24289767444133759,0.30620279908180237,0.23499740660190582,0.8899532556533813
44.30703050000011,-0.32936206459999084,0.798210084438324,0.07815390080213547,0.2444426566362381,0.30689889192581177,0.2350120097398758,0.8892863988876343
44.311015600003884,-0.3292711675167084,0.7980364561080933,0.07824069261550903,0.2453954815864563,0.30723807215690613,0.23531195521354675,0.888827383518219
44.31521040000371,-0.3291734755039215,0.7978387475013733,0.07831770926713943,0.24591512978076935,0.3070060908794403,0.23648835718631744,0.8884516954421997
44.31920120000723,-0.3290528953075409,0.7976940274238586,0.07843063771724701,0.24754951894283295,0.30755001306533813,0.23537832498550415,0.8881043791770935
44.32330119999824,-0.3289508521556854,0.7975396513938904,0.07852360606193542,0.24867182970046997,0.30814555287361145,0.23479588329792023,0.8877385258674622
44.32768149999902,-0.32884055376052856,0.7973835468292236,0.0786108523607254,0.2498263567686081,0.30885207653045654,0.23419781029224396,0.887326717376709
44.33168360000127,-0.32871899008750916,0.7972515225410461,0.07869476079940796,0.25025928020477295,0.30935996770858765,0.23382268846035004,0.887126624584198
44.33604730000661,-0.32860520482063293,0.797118067741394,0.07876017689704895,0.25098904967308044,0.3099762499332428,0.23355454206466675,0.8867758512496948
44.340011600012076,-0.3285022974014282,0.7969977855682373,0.07881373912096024,0.25154659152030945,0.31051650643348694,0.23325693607330322,0.8865072131156921
44.34421980001207,-0.32839488983154297,0.796854555606842,0.07887884974479675,0.25261709094047546,0.3111798167228699,0.23263755440711975,0.8861329555511475
44.3486006000021,-0.3282792270183563,0.7967252135276794,0.07895532250404358,0.25283992290496826,0.31171607971191406,0.23232467472553253,0.8859629034996033
44.35277460000361,-0.32815152406692505,0.796608030796051,0.07900790125131607,0.2531549036502838,0.3122895658016205,0.23217160999774933,0.885711133480072
44.357091700003366,-0.32802116870880127,0.796465277671814,0.07906578481197357,0.253380686044693,0.3131645619869232,0.23171328008174896,0.8854575753211975
44.36111660000461,-0.32790407538414,0.7963480949401855,0.07911056280136108,0.2537090480327606,0.31373003125190735,0.2312074601650238,0.8852956295013428
44.365260500009754,-0.32777872681617737,0.7962390184402466,0.07917337864637375,0.25388088822364807,0.3143809735774994,0.23092706501483917,0.8850886225700378
44.37039340000774,-0.3276635706424713,0.7961140275001526,0.07923699915409088,0.254533052444458,0.3150802254676819,0.2300727218389511,0.8848751187324524
44.373873000004096,-0.3275221586227417,0.7960086464881897,0.07930777221918106,0.25546133518218994,0.3160437047481537,0.22877337038516998,0.884600818157196
44.37775140001031,-0.32741212844848633,0.7958666086196899,0.07938135415315628,0.2558698058128357,0.3163962662220001,0.22858133912086487,0.884406328201294
44.382523899999796,-0.3272990882396698,0.7957485318183899,0.07942598313093185,0.25629153847694397,0.31664222478866577,0.2284243106842041,0.884236752986908
44.38638280000305,-0.3271609842777252,0.7956323623657227,0.07948864251375198,0.25700247287750244,0.3166239261627197,0.22871936857700348,0.8839606642723083
44.39026830000512,-0.32702967524528503,0.7955071926116943,0.07955697923898697,0.2568831145763397,0.316385418176651,0.23000876605510712,0.8837462067604065
44.39429409999866,-0.3268977999687195,0.7953881025314331,0.07961861044168472,0.25732356309890747,0.3165297210216522,0.23023149371147156,0.8835083842277527
44.398679500009166,-0.32676076889038086,0.795258104801178,0.07969899475574493,0.2582188844680786,0.3164387345314026,0.23050980269908905,0.8832070827484131
44.402997099998174,-0.3266075849533081,0.7951294779777527,0.07979287207126617,0.25818005204200745,0.3165462911128998,0.23113872110843658,0.8830155730247498
44.40700890000153,-0.3264367878437042,0.7949977517127991,0.0798463374376297,0.25905027985572815,0.3170499801635742,0.23068596422672272,0.8826982378959656
44.41113520000363,-0.3262738287448883,0.7948567867279053,0.07989800721406937,0.2595975697040558,0.3177732527256012,0.22989575564861298,0.8824835419654846
44.41524400000344,-0.32611289620399475,0.794693112373352,0.0799638107419014,0.26061251759529114,0.3187011182308197,0.22885556519031525,0.8821201324462891
44.41962179999973,-0.3259586989879608,0.7945628762245178,0.08001154661178589,0.2616405487060547,0.3192547857761383,0.2282353937625885,0.8817761540412903
44.423396400001366,-0.3258032202720642,0.7944468855857849,0.08009351789951324,0.26286056637763977,0.32015103101730347,0.22687192261219025,0.8814402222633362
44.4278054000024,-0.3256514370441437,0.7943265438079834,0.08013694733381271,0.26351699233055115,0.32032376527786255,0.22668443620204926,0.8812296390533447
44.4322877000086,-0.3255048990249634,0.7942047119140625,0.08018594235181808,0.26376527547836304,0.320644348859787,0.2266116589307785,0.8810574412345886
44.436002300004475,-0.3253351151943207,0.7940788865089417,0.08024658262729645,0.26410797238349915,0.3205980360507965,0.2270839363336563,0.8808500170707703
44.44044540000323,-0.32515254616737366,0.7939803600311279,0.08032801002264023,0.26403629779815674,0.32036328315734863,0.22789601981639862,0.8807471990585327
44.44529010000406,-0.32499486207962036,0.7938787937164307,0.08039535582065582,0.26408955454826355,0.3206113576889038,0.22812983393669128,0.8805804252624512
44.44892530000652,-0.3248244822025299,0.7937949895858765,0.08044753223657608,0.2643335461616516,0.32086506485939026,0.22804926335811615,0.8804357051849365
44.45265859999927,-0.32463881373405457,0.7937066555023193,0.08049492537975311,0.2641845643520355,0.3206571340560913,0.22882357239723206,0.880355179309845
44.45671020000009,-0.3244820535182953,0.7936127185821533,0.08054747432470322,0.26442277431488037,0.32066676020622253,0.22876033186912537,0.8802966475486755
44.461141600011615,-0.32430896162986755,0.7935302257537842,0.08058593422174454,0.26452311873435974,0.32065191864967346,0.22848036885261536,0.880344569683075
44.46504029999778,-0.32412469387054443,0.7934436202049255,0.080642469227314,0.2649897038936615,0.3212715685367584,0.22743768990039825,0.8802483081817627
44.469416000007186,-0.3239608705043793,0.7933407425880432,0.08069518208503723,0.26511648297309875,0.32160645723342896,0.22682011127471924,0.8802472352981567
44.473689999998896,-0.3237915337085724,0.7932018041610718,0.08074350655078888,0.2654806673526764,0.3218635320663452,0.22672730684280396,0.8800674080848694
44.4781679000007,-0.32361558079719543,0.7931210398674011,0.08080766350030899,0.2659638822078705,0.3221423029899597,0.22674764692783356,0.8798142075538635
44.48237490000611,-0.3234366774559021,0.793032705783844,0.08085577189922333,0.26614832878112793,0.3222102224826813,0.2271559089422226,0.8796282410621643
44.4858513000072,-0.3234366774559021,0.793032705783844,0.08085577189922333,0.26614832878112793,0.3222102224826813,0.2271559089422226,0.8796282410621643
44.49033870000858,-0.3230869770050049,0.7928765416145325,0.08100930601358414,0.266173392534256,0.32243266701698303,0.22793248295783997,0.8793382048606873
44.4945532999991,-0.32292693853378296,0.7927793860435486,0.0810636579990387,0.2666296064853668,0.3225240409374237,0.22813113033771515,0.8791150450706482
44.4985413000104,-0.3227449953556061,0.7926946878433228,0.0811348631978035,0.26656824350357056,0.32266169786453247,0.22883042693138123,0.8789012432098389
44.5029751000111,-0.322581022977829,0.7925893664360046,0.0812099501490593,0.2666141390800476,0.32253298163414,0.22940224409103394,0.8787854909896851
44.5069785000087,-0.3224104046821594,0.7924619913101196,0.08127419650554657,0.26694437861442566,0.32227030396461487,0.23012927174568176,0.8785914778709412
44.510916400002316,-0.32221829891204834,0.7923824787139893,0.08135757595300674,0.26784342527389526,0.32289642095565796,0.229085311293602,0.8783608675003052
44.51518550000037,-0.32201260328292847,0.7922971844673157,0.08143381774425507,0.2682848572731018,0.32315900921821594,0.22856052219867706,0.8782662153244019
44.519257300009485,-0.32181689143180847,0.792201817035675,0.08150014281272888,0.2684381306171417,0.323239803314209,0.2283736616373062,0.8782383799552917
44.52364820000366,-0.3216116726398468,0.7921034097671509,0.08156619220972061,0.26871904730796814,0.32350581884384155,0.228275328874588,0.8780799508094788
44.52756230000523,-0.3213810622692108,0.7920032143592834,0.08163200318813324,0.2691328227519989,0.3238584101200104,0.2280798703432083,0.8778740763664246
44.531622399998014,-0.32115399837493896,0.7919294238090515,0.08170318603515625,0.2690950930118561,0.32379329204559326,0.22905483841896057,0.8776557445526123
44.53719620000629,-0.32091066241264343,0.7918224930763245,0.08176807314157486,0.26920539140701294,0.32407596707344055,0.2293609231710434,0.8774375915527344
44.54071929999918,-0.3206698000431061,0.7917184829711914,0.08183638751506805,0.2689830958843231,0.3238300085067749,0.23020224273204803,0.8773763179779053
44.54440910000994,-0.3204609751701355,0.7916190028190613,0.08186685293912888,0.2688308656215668,0.32367730140686035,0.2310377061367035,0.8772596716880798
44.54832830000669,-0.3202482759952545,0.7915496230125427,0.08191990107297897,0.26925989985466003,0.32403555512428284,0.2305089384317398,0.8771350383758545
44.552487100008875,-0.32003307342529297,0.791463315486908,0.08197517693042755,0.26980292797088623,0.3246520161628723,0.22969897091388702,0.8769526481628418
44.556868600004236,-0.31980833411216736,0.7913811206817627,0.08201470971107483,0.2698073387145996,0.32466790080070496,0.22951819002628326,0.8769927024841309
44.56090680000489,-0.3196040093898773,0.7913060188293457,0.08204543590545654,0.26991331577301025,0.3249977231025696,0.22955259680747986,0.8768289089202881
44.565161200007424,-0.31937262415885925,0.7912212014198303,0.08206543326377869,0.2697434425354004,0.3248765170574188,0.2305612415075302,0.8766613602638245
44.56920880000689,-0.31912797689437866,0.7911558151245117,0.08207795768976212,0.2693832516670227,0.32544785737991333,0.2312193512916565,0.8763868808746338
44.573208000001614,-0.31889083981513977,0.7910810112953186,0.08208934962749481,0.2690841257572174,0.3252509832382202,0.2321508526802063,0.8763055801391602
44.57783360000758,-0.3186642527580261,0.7910112142562866,0.0820925235748291,0.2689957916736603,0.3255464732646942,0.23250001668930054,0.8761304020881653
44.58184569999867,-0.31844550371170044,0.7909219861030579,0.08211976289749146,0.2687169313430786,0.32569995522499084,0.23254674673080444,0.8761465549468994
44.58621920000587,-0.31820762157440186,0.7908542156219482,0.08213358372449875,0.2689836323261261,0.3258947730064392,0.23294223845005035,0.8758871555328369
44.59039209999901,-0.3179759681224823,0.790810763835907,0.08216574788093567,0.26944786310195923,0.326726496219635,0.2321355938911438,0.8756487369537354
44.59446760000719,-0.31773561239242554,0.7907407283782959,0.08222392946481705,0.26990750432014465,0.3271583914756775,0.2315984070301056,0.8754881620407104
44.599138200006564,-0.3175061345100403,0.7906323075294495,0.08222763985395432,0.270225465297699,0.32740548253059387,0.23160356283187866,0.8752962946891785
44.602729500009445,-0.3172394335269928,0.7905404567718506,0.0822228342294693,0.2706339955329895,0.3277202248573303,0.23206378519535065,0.8749303221702576
44.60699090000708,-0.31702008843421936,0.7904489040374756,0.08222633600234985,0.27069878578186035,0.327620267868042,0.2329975962638855,0.8746995329856873
44.61137210000015,-0.3167917728424072,0.7903671860694885,0.0822468101978302,0.27022111415863037,0.327828973531723,0.23375825583934784,0.8745660781860352
44.61539430000994,-0.31657594442367554,0.7902891039848328,0.08226706832647324,0.27031418681144714,0.3283378481864929,0.23372091352939606,0.8743563294410706
44.61962660000427,-0.3163359761238098,0.7902073264122009,0.08230874687433243,0.2701283097267151,0.32855692505836487,0.23428156971931458,0.8741815090179443
44.62355930000194,-0.31610625982284546,0.7901352047920227,0.08230075240135193,0.27047568559646606,0.3291550278663635,0.234201580286026,0.8738704323768616
44.628779700011364,-0.3158509433269501,0.7900696992874146,0.08233390003442764,0.27075985074043274,0.3299391567707062,0.23323507606983185,0.8737452626228333
44.63229810001212,-0.3156009614467621,0.7899886965751648,0.0823385939002037,0.2709659934043884,0.33043187856674194,0.23296484351158142,0.8735671639442444
44.63594790000934,-0.31533604860305786,0.7898868918418884,0.08235040307044983,0.2711682617664337,0.330917090177536,0.23206827044487,0.8735593557357788
44.64018450000731,-0.31506672501564026,0.7898023724555969,0.08234536647796631,0.2712746560573578,0.33080923557281494,0.23239094018936157,0.8734813928604126
44.64452500001062,-0.31485238671302795,0.7897222638130188,0.08233701437711716,0.2714253067970276,0.33101457357406616,0.23238134384155273,0.8733593821525574
44.64868650000426,-0.31463462114334106,0.7896440625190735,0.08233828097581863,0.2717413902282715,0.3312273323535919,0.23254947364330292,0.8731356263160706
44.65305079999962,-0.31441444158554077,0.789583683013916,0.08232761174440384,0.2713181972503662,0.33157211542129517,0.23300446569919586,0.8730150461196899
44.65688290000253,-0.31418663263320923,0.789522111415863,0.08230604231357574,0.2716522514820099,0.3324051797389984,0.2330157458782196,0.8725912570953369
44.66100050001114,-0.31396037340164185,0.7894452810287476,0.08231058716773987,0.2716406285762787,0.33288246393203735,0.23361916840076447,0.872251570224762
44.66497189999791,-0.31375131011009216,0.7893638610839844,0.0823143720626831,0.27192381024360657,0.33358466625213623,0.23349620401859283,0.8719279766082764
44.669224099998246,-0.3135165274143219,0.7893205285072327,0.08232717961072922,0.27221277356147766,0.3346823453903198,0.2331070452928543,0.8715211153030396
44.673256900001434,-0.3133021593093872,0.7892543077468872,0.08233027905225754,0.2721676528453827,0.3347780108451843,0.23371993005275726,0.8713343143463135
44.677441200008616,-0.3130563497543335,0.7891395092010498,0.08233120292425156,0.2721899449825287,0.3347669541835785,0.23419468104839325,0.8712040781974792
44.681824100000085,-0.31286072731018066,0.7890669703483582,0.0823240801692009,0.27246713638305664,0.3350926637649536,0.23413051664829254,0.8710095286369324
44.685860700003104,-0.31264615058898926,0.7889965176582336,0.08230192214250565,0.27260932326316833,0.33532679080963135,0.23402488231658936,0.8709032535552979
44.69030709999788,-0.31245332956314087,0.7889127135276794,0.08227866888046265,0.27309557795524597,0.3358417749404907,0.23388764262199402,0.8705892562866211
44.69423010000901,-0.3122461438179016,0.7888543605804443,0.08226285874843597,0.27327224612236023,0.33661338686943054,0.23400743305683136,0.8702035546302795
44.698300600008224,-0.31204280257225037,0.788772702217102,0.08224763721227646,0.27356743812561035,0.3373129367828369,0.23383761942386627,0.8698855042457581
44.70258029999968,-0.3118356466293335,0.7887194156646729,0.08220816403627396,0.27385225892066956,0.3378249406814575,0.23433351516723633,0.8694636821746826
44.70689860000857,-0.31165385246276855,0.78864985704422,0.0821869745850563,0.2740103602409363,0.3380984663963318,0.2348308116197586,0.8691732883453369
44.71104950000881,-0.31146523356437683,0.7885936498641968,0.08218909054994583,0.2736228406429291,0.338401198387146,0.23529405891895294,0.8690522909164429
44.71501030000218,-0.3112972676753998,0.7885481119155884,0.08217182755470276,0.2737288773059845,0.3388752341270447,0.23520256578922272,0.8688589334487915
44.719373700005235,-0.31111985445022583,0.788500964641571,0.08214087039232254,0.27388712763786316,0.33948615193367004,0.23491720855236053,0.8686477541923523
44.723662300006254,-0.3109210729598999,0.7884731888771057,0.08213584870100021,0.27431389689445496,0.34067651629447937,0.2334722876548767,0.8684365749359131
44.72756410000147,-0.31075865030288696,0.7884358763694763,0.08211034536361694,0.2746860086917877,0.3416307866573334,0.2328806221485138,0.8681029081344604
44.73189480000292,-0.31060582399368286,0.7883906364440918,0.08206307142972946,0.2751714289188385,0.34220895171165466,0.2324392944574356,0.8678396940231323
44.735822300004656,-0.3104279339313507,0.7883384227752686,0.0820213183760643,0.2754600942134857,0.3426903784275055,0.2320449948310852,0.867663562297821
44.739910000003874,-0.3102828860282898,0.7882713675498962,0.08198182284832001,0.2760039269924164,0.34323546290397644,0.23139208555221558,0.8674497008323669
44.74416970000311,-0.31010884046554565,0.7882333397865295,0.08195346593856812,0.2762788236141205,0.34379932284355164,0.23131521046161652,0.8671593070030212
44.748518500011414,-0.30994221568107605,0.7881845235824585,0.08193451911211014,0.276243656873703,0.34411513805389404,0.23215900361537933,0.8668197393417358
44.7529099000094,-0.3097986876964569,0.7881258726119995,0.08190642297267914,0.2766149640083313,0.34462425112724304,0.23209713399410248,0.866515576839447
44.75721000001067,-0.30964580178260803,0.7880635261535645,0.08186999708414078,0.27628907561302185,0.34490644931793213,0.23253938555717468,0.8663886785507202
44.76107380000758,-0.3095128834247589,0.7879837155342102,0.08182330429553986,0.276624858379364,0.3452347218990326,0.23259982466697693,0.866134524345398
44.76535390000208,-0.3093840181827545,0.7879137396812439,0.08179430663585663,0.27672335505485535,0.3455149829387665,0.23277367651462555,0.8659446239471436
44.769200399998226,-0.3092535734176636,0.787834107875824,0.0817623883485794,0.2768470048904419,0.3459637761116028,0.23244650661945343,0.8658137321472168
44.773510500002885,-0.309129536151886,0.7877645492553711,0.08174008876085281,0.27695658802986145,0.3462921380996704,0.23247258365154266,0.86564040184021
44.77766450001218,-0.3089902997016907,0.7877008318901062,0.0817253366112709,0.27723488211631775,0.34648263454437256,0.2328212559223175,0.8653813600540161
44.78196829999797,-0.30887481570243835,0.7876508235931396,0.08172481507062912,0.2772529125213623,0.3468853533267975,0.23278146982192993,0.8652248978614807
44.78608920000261,-0.30877548456192017,0.7875770926475525,0.08168148994445801,0.27766239643096924,0.34745335578918457,0.2323119342327118,0.8649918437004089
44.79009400001087,-0.3086775243282318,0.7875193357467651,0.08165264129638672,0.27804189920425415,0.34785112738609314,0.2322874367237091,0.8647165894508362
44.794270600003074,-0.30855756998062134,0.7874589562416077,0.0816311165690422,0.2785121202468872,0.3486687242984772,0.23200374841690063,0.8643121123313904
44.798285199998645,-0.3084608316421509,0.7873969674110413,0.08160138130187988,0.2791086435317993,0.34917524456977844,0.23184159398078918,0.8639585971832275
44.80688689999806,-0.30827346444129944,0.7872867584228516,0.0815434679389,0.2797901928424835,0.3502897322177887,0.23115932941436768,0.863469660282135
44.81087270000717,-0.3081885874271393,0.7872186899185181,0.08151330798864365,0.28022927045822144,0.35090893507003784,0.2306806743144989,0.8632038235664368
44.81531060000998,-0.3081069588661194,0.7871463298797607,0.08146119117736816,0.28049349784851074,0.351167768239975,0.23076453804969788,0.8629903793334961
44.81925240000419,-0.30802345275878906,0.7870678901672363,0.08141231536865234,0.2810075283050537,0.35175853967666626,0.23049910366535187,0.862653374671936
44.82327649999934,-0.30795201659202576,0.7869939804077148,0.08137764781713486,0.28121793270111084,0.35207104682922363,0.23051607608795166,0.8624527454376221
44.82774240001163,-0.3078792989253998,0.7869083881378174,0.0813288614153862,0.281680703163147,0.3523519039154053,0.23062384128570557,0.8621582388877869
44.83133990000351,-0.3078792989253998,0.7869083881378174,0.0813288614153862,0.281680703163147,0.3523519039154053,0.23062384128570557,0.8621582388877869
44.835934800008545,-0.307727187871933,0.7867087125778198,0.08126526325941086,0.28223317861557007,0.3526008725166321,0.23118680715560913,0.861724853515625
44.84012030001031,-0.3076684772968292,0.7866228818893433,0.08123565465211868,0.2825363874435425,0.352944552898407,0.23120224475860596,0.861480712890625
44.844456600010744,-0.30759960412979126,0.7865425944328308,0.08120330423116684,0.28297823667526245,0.3534347712993622,0.23084455728530884,0.8612304925918579
44.84857900001225,-0.30753692984580994,0.7864620089530945,0.08117078244686127,0.2836442291736603,0.354021817445755,0.23032057285308838,0.8609105348587036
44.85413220000919,-0.30748263001441956,0.7863839268684387,0.08115191012620926,0.2841171622276306,0.3544832468032837,0.23001515865325928,0.8606463670730591
44.85856030001014,-0.3074096739292145,0.7863160371780396,0.08112248033285141,0.2843847870826721,0.35465967655181885,0.22967348992824554,0.8605765104293823
44.86264890000166,-0.3073514699935913,0.7862321138381958,0.08110401034355164,0.28466469049453735,0.3551614582538605,0.22919532656669617,0.8604044914245605
44.86667870001111,-0.3072942793369293,0.786139726638794,0.08106126636266708,0.28478699922561646,0.3555593490600586,0.22884419560432434,0.8602930903434753
44.870983700006036,-0.3072430491447449,0.7860420346260071,0.08103998005390167,0.2848702073097229,0.3559506833553314,0.22876349091529846,0.8601251840591431
44.874625399999786,-0.3071734607219696,0.7859604358673096,0.08102008700370789,0.2849937677383423,0.3566899597644806,0.22850610315799713,0.8598463535308838
44.87942290000501,-0.307121604681015,0.7858836054801941,0.08100304007530212,0.28493550419807434,0.35699838399887085,0.22843801975250244,0.85975581407547
44.88348410000617,-0.30707526206970215,0.7858045697212219,0.08096901327371597,0.2852579355239868,0.35741016268730164,0.22817327082157135,0.8595481514930725
44.88699579999957,-0.3070162534713745,0.7857163548469543,0.08095016330480576,0.2854236364364624,0.35765135288238525,0.2282942831516266,0.8593605756759644
44.891400699998485,-0.30697405338287354,0.7856263518333435,0.08093389868736267,0.2855985462665558,0.35828641057014465,0.22765634953975677,0.8592071533203125
44.894947400011006,-0.30693700909614563,0.7855148911476135,0.08091367036104202,0.2861629128456116,0.3586242198944092,0.22722522914409637,0.8589925169944763
44.902822100004414,-0.3068751394748688,0.7853025794029236,0.08091750741004944,0.28681859374046326,0.35944709181785583,0.22670692205429077,0.8585668206214905
44.90712450000865,-0.3068469762802124,0.7851797938346863,0.08093443512916565,0.28722599148750305,0.3598193824291229,0.2264569252729416,0.8583405613899231
44.911001500004204,-0.3068189322948456,0.7850267887115479,0.08094493299722672,0.2876890301704407,0.3599933683872223,0.2263273298740387,0.8581467270851135
44.915055900011794,-0.3067954182624817,0.7848984003067017,0.08095454424619675,0.2881232500076294,0.36021387577056885,0.226318359375,0.8579108119010925
44.91947730000538,-0.306772381067276,0.7847660183906555,0.08099434524774551,0.28875163197517395,0.360546350479126,0.22604726254940033,0.8576313257217407
44.92361180001171,-0.30674225091934204,0.784633219242096,0.08099408447742462,0.2896152436733246,0.3607109487056732,0.2260979413986206,0.8572574853897095
44.927967499999795,-0.3067174255847931,0.7845121622085571,0.08100597560405731,0.290129154920578,0.36092615127563477,0.22624920308589935,0.8569531440734863
44.93182720000914,-0.30668771266937256,0.7843774557113647,0.0810156986117363,0.29079341888427734,0.3608379065990448,0.22665394842624664,0.8566581010818481
44.93608749999839,-0.30665311217308044,0.7842392921447754,0.08101829886436462,0.2915142774581909,0.3611903190612793,0.22663749754428864,0.8562689423561096
44.94199490000028,-0.3066226541996002,0.7840982675552368,0.08103405684232712,0.2921488583087921,0.36113110184669495,0.22705979645252228,0.8559656739234924
44.94615950000298,-0.30658936500549316,0.7839562296867371,0.08103163540363312,0.292543888092041,0.3610427677631378,0.22748059034347534,0.8557562232017517
44.95019310001226,-0.30656495690345764,0.7838231921195984,0.08103615045547485,0.292863667011261,0.361110657453537,0.22794340550899506,0.855495035648346
44.95447770001192,-0.3065163493156433,0.7836853861808777,0.081032395362854,0.293409526348114,0.361424058675766,0.2279454469680786,0.8551750779151917
44.95882800000254,-0.30647608637809753,0.7835571765899658,0.08102338016033173,0.29381483793258667,0.3615705072879791,0.22798003256320953,0.8549647331237793
44.96279050000885,-0.3064354658126831,0.7834234237670898,0.08101233094930649,0.29397356510162354,0.36160701513290405,0.22824373841285706,0.8548243641853333
44.9663445000042,-0.3063805401325226,0.7833017110824585,0.08102106302976608,0.29394134879112244,0.3618471026420593,0.22841425240039825,0.854688286781311
44.970375100005185,-0.30633652210235596,0.7831780910491943,0.0810195654630661,0.2941005825996399,0.36204788088798523,0.22843597829341888,0.8545426726341248
44.97549080000317,-0.30627888441085815,0.783055305480957,0.0810200423002243,0.294242799282074,0.3625045120716095,0.22797387838363647,0.8544235229492188
44.97946080000838,-0.3062363862991333,0.7829242944717407,0.08102555572986603,0.2941799461841583,0.3629712462425232,0.227500781416893,0.8543731570243835
44.98419930000091,-0.30618199706077576,0.7828120589256287,0.08103149384260178,0.2943616807460785,0.3634546995162964,0.22680547833442688,0.8542898893356323
44.988708400007454,-0.3061257302761078,0.7826986312866211,0.08103597909212112,0.29440656304359436,0.3638516068458557,0.2263086438179016,0.8542371392250061
44.99315970001044,-0.30604177713394165,0.782599925994873,0.08105432242155075,0.2947543263435364,0.3648395240306854,0.22508521378040314,0.8540191054344177
44.99798460000602,-0.30593034625053406,0.7823565006256104,0.08109032362699509,0.29565170407295227,0.3656611442565918,0.22396931052207947,0.8536509275436401
45.00239390000934,-0.30588969588279724,0.7821903824806213,0.08106949180364609,0.295391708612442,0.36547642946243286,0.22462724149227142,0.8536470532417297
45.00639890000457,-0.3058420419692993,0.7820283770561218,0.08108887821435928,0.2957164943218231,0.3654061257839203,0.22462815046310425,0.8535645008087158
45.01064269999915,-0.30580952763557434,0.7818440198898315,0.08110824227333069,0.2959660589694977,0.3658207356929779,0.2248087078332901,0.8532527685165405
45.01602840000123,-0.3057636022567749,0.7816775441169739,0.08111782371997833,0.29616278409957886,0.3656556010246277,0.22533898055553436,0.853115439414978
45.01948170000105,-0.3057239353656769,0.7815018892288208,0.08112860471010208,0.2964155972003937,0.36558327078819275,0.22520893812179565,0.8530929684638977
45.023480200005,-0.3056815266609192,0.7813259959220886,0.08113281428813934,0.29648762941360474,0.3652225434780121,0.22628386318683624,0.8529380559921265
45.02774330000102,-0.3056236505508423,0.7811645865440369,0.08114798367023468,0.2967071533203125,0.365281343460083,0.226715549826622,0.8527218103408813
45.03186230000574,-0.30557379126548767,0.7810035347938538,0.08116015046834946,0.2969341576099396,0.365078866481781,0.22683727741241455,0.8526971936225891
45.03623009999865,-0.30553555488586426,0.7808459997177124,0.08116257935762405,0.2974993586540222,0.3652191758155823,0.2268802672624588,0.8524285554885864
45.04008530000283,-0.3054948151111603,0.7806721925735474,0.08118891716003418,0.2981242537498474,0.36532965302467346,0.226764976978302,0.8521935343742371
45.04494410000916,-0.3054463863372803,0.7805086374282837,0.08119633048772812,0.29861241579055786,0.36560288071632385,0.22655679285526276,0.8519607782363892
45.04915570000594,-0.30540046095848083,0.7803487181663513,0.08120681345462799,0.29909056425094604,0.3660907447338104,0.22581236064434052,0.8517811894416809
45.0526666000078,-0.30535340309143066,0.7801742553710938,0.08121322095394135,0.2992238998413086,0.3661719858646393,0.2256045788526535,0.8517544865608215
45.057055299999774,-0.3053077459335327,0.7799996733665466,0.08120746165513992,0.2991246283054352,0.3662250339984894,0.22560763359069824,0.8517657518386841
45.06120330000704,-0.30526548624038696,0.7798286080360413,0.08120138943195343,0.29917821288108826,0.3660525679588318,0.22597789764404297,0.8517228960990906
45.06544250001025,-0.3052169680595398,0.7796485424041748,0.08118890970945358,0.2992175221443176,0.3658531606197357,0.22627483308315277,0.8517159223556519
45.06926850001037,-0.30515632033348083,0.7794381380081177,0.08115898072719574,0.299309104681015,0.3658536970615387,0.22652855515480042,0.8516160249710083
45.07363440000336,-0.30509012937545776,0.7792568802833557,0.08113551139831543,0.29958921670913696,0.36591124534606934,0.22659200429916382,0.8514759540557861
45.07793949999905,-0.3050341308116913,0.7790762782096863,0.08110920339822769,0.2998924255371094,0.36601871252059937,0.2264857441186905,0.8513513207435608
45.08174590000999,-0.3049720823764801,0.7788925170898438,0.08107740432024002,0.2997201085090637,0.36558160185813904,0.2279135286808014,0.8512188792228699
45.086154300006456,-0.3049123287200928,0.7787401676177979,0.08104942739009857,0.2998746633529663,0.36572781205177307,0.22776727378368378,0.8511406183242798
45.090528900007484,-0.304850310087204,0.7785550951957703,0.08104909211397171,0.3000597357749939,0.3657264709472656,0.22808456420898438,0.8509910106658936
45.09458540000196,-0.30476129055023193,0.7783923745155334,0.08103155344724655,0.3004549741744995,0.3658038377761841,0.22841213643550873,0.8507305383682251
45.099005700001726,-0.3046979606151581,0.778225302696228,0.08099929988384247,0.3008441925048828,0.36599230766296387,0.2281881868839264,0.850571870803833
45.104587800000445,-0.30463701486587524,0.778049647808075,0.08097654581069946,0.3013814687728882,0.3660401701927185,0.2279592752456665,0.8504224419593811
45.10874330000661,-0.3045748770236969,0.7778722047805786,0.0809704065322876,0.30166274309158325,0.3658706843852997,0.22818432748317719,0.8503352999687195
45.113070200008224,-0.3045003414154053,0.7777184844017029,0.08096513897180557,0.3016723096370697,0.36593008041381836,0.2282833606004715,0.8502798080444336
45.11723400000483,-0.30441680550575256,0.7775381803512573,0.08093690872192383,0.30176618695259094,0.36655983328819275,0.22716856002807617,0.8502737879753113
45.12141040001006,-0.3043335974216461,0.7773577570915222,0.08091225475072861,0.3017970323562622,0.3665699064731598,0.227016881108284,0.8502990007400513
45.125412599998526,-0.3042612671852112,0.7771698832511902,0.08087018877267838,0.3023849129676819,0.36663368344306946,0.22685399651527405,0.8501060605049133
45.12909440000658,-0.30416959524154663,0.7769604921340942,0.08081627637147903,0.3029826283454895,0.36659812927246094,0.2271253764629364,0.8498361110687256
45.13249950000318,-0.30406713485717773,0.7767439484596252,0.08077717572450638,0.30338773131370544,0.366769015789032,0.22687718272209167,0.8496841788291931
45.13600959999894,-0.3039838373661041,0.7765541076660156,0.08071931451559067,0.30409908294677734,0.3668627142906189,0.22676701843738556,0.8494187593460083
45.140091699999175,-0.3038865029811859,0.7763625383377075,0.08067414164543152,0.30479270219802856,0.36665958166122437,0.22671477496623993,0.8492717742919922
45.14469070000632,-0.30380120873451233,0.7761642336845398,0.08060292899608612,0.30555158853530884,0.3666365146636963,0.22673299908638,0.8490040898323059
45.148477000009734,-0.3037166893482208,0.775967538356781,0.08053798228502274,0.3058612048625946,0.3662537634372711,0.22732336819171906,0.8488999605178833
45.152702000006684,-0.3036291003227234,0.7757863998413086,0.08046887069940567,0.3060729503631592,0.36561813950538635,0.22817781567573547,0.8488684296607971
45.15690960000211,-0.303544819355011,0.7755860686302185,0.08039870858192444,0.30658015608787537,0.3650329113006592,0.22894752025604248,0.8487300276756287
45.16111010000168,-0.30346640944480896,0.7754163146018982,0.08034087717533112,0.3070202171802521,0.3651411235332489,0.22875958681106567,0.8485750555992126
45.165139000004274,-0.30339279770851135,0.7752302885055542,0.0802670419216156,0.3075823485851288,0.36503762006759644,0.22896412014961243,0.8483608365058899
45.17033110000193,-0.3033216595649719,0.7750495076179504,0.080213762819767,0.307979553937912,0.36491966247558594,0.22912605106830597,0.8482237458229065
45.17533140000887,-0.30325183272361755,0.7748708128929138,0.08014651387929916,0.30844029784202576,0.36519598960876465,0.22862504422664642,0.8480725884437561
45.179317300004186,-0.30317434668540955,0.77469402551651,0.08006887882947922,0.3083430826663971,0.36545443534851074,0.22868965566158295,0.8479791283607483
45.18382720000227,-0.3031102418899536,0.7745315432548523,0.08001624047756195,0.30831173062324524,0.36541101336479187,0.22900183498859406,0.8479250073432922
45.18807300001208,-0.30303382873535156,0.7743594646453857,0.07996323704719543,0.3086458742618561,0.3656139373779297,0.2284552901983261,0.8478634357452393
45.19182350000483,-0.30298420786857605,0.7741709351539612,0.07991957664489746,0.30857208371162415,0.3654501736164093,0.22909313440322876,0.8477887511253357
45.195863600005396,-0.30291807651519775,0.773995578289032,0.07984399795532227,0.3088536858558655,0.36551395058631897,0.2290644645690918,0.8476664423942566
45.19996340000944,-0.30284827947616577,0.773802638053894,0.07975681126117706,0.3088741600513458,0.3650772273540497,0.22998827695846558,0.847597062587738
45.20421599999827,-0.30279675126075745,0.7736129760742188,0.07968488335609436,0.30892637372016907,0.36486491560935974,0.23068499565124512,0.8474801182746887
45.207660800006124,-0.3027470111846924,0.7734436392784119,0.07960257679224014,0.30901649594306946,0.3649247884750366,0.2307780683040619,0.8473961353302002
45.21169770001143,-0.3026847243309021,0.7732685804367065,0.07950673252344131,0.30958062410354614,0.36495956778526306,0.2307276874780655,0.8471889495849609
45.21558340000047,-0.302632212638855,0.7730903029441833,0.07941345870494843,0.3096294403076172,0.3645818531513214,0.23156754672527313,0.847104549407959
45.21951870000339,-0.3025415241718292,0.7729409337043762,0.07933050394058228,0.3099115490913391,0.3644929528236389,0.23168832063674927,0.847006618976593
45.22389500000281,-0.3024836778640747,0.7727823257446289,0.07924109697341919,0.31036385893821716,0.3644155263900757,0.2317129373550415,0.8468676209449768
45.227596900003846,-0.3024292588233948,0.7726292610168457,0.07915057986974716,0.31071075797080994,0.3643686771392822,0.23179872334003448,0.8467370867729187
45.23181910000858,-0.30237528681755066,0.7724791765213013,0.07905182242393494,0.31056562066078186,0.3649206757545471,0.23095344007015228,0.8467835783958435
45.23581160001049,-0.302303671836853,0.7723373174667358,0.07897013425827026,0.31052830815315247,0.3648102283477783,0.23086588084697723,0.8468686938285828
45.24022490000061,-0.3022310137748718,0.7721935510635376,0.07887998223304749,0.3104512691497803,0.364855021238327,0.23069924116134644,0.8469231128692627
45.24478670000099,-0.30217117071151733,0.7720319628715515,0.0787821039557457,0.31017130613327026,0.3646380603313446,0.23128487169742584,0.8469593524932861
45.248412000000826,-0.3021078109741211,0.771883487701416,0.07868098467588425,0.31007498502731323,0.3644862174987793,0.2316403090953827,0.8469628691673279
45.25263220000488,-0.30204758048057556,0.7717385292053223,0.07858437299728394,0.31003454327583313,0.3645762801170349,0.23167207837104797,0.846930205821991
45.25663610000629,-0.3019644618034363,0.7715730667114258,0.07847307622432709,0.31049856543540955,0.36468884348869324,0.23089799284934998,0.8469231724739075
45.26085299999977,-0.3019022047519684,0.7714133262634277,0.07837405800819397,0.31091630458831787,0.3648795187473297,0.2308170199394226,0.8467097878456116
45.26498079999874,-0.3018339276313782,0.7712509036064148,0.07828278094530106,0.3110848367214203,0.3650802969932556,0.23068571090698242,0.8465971946716309
45.2702932000102,-0.3017927408218384,0.7710661292076111,0.07818557322025299,0.3114887475967407,0.3650026321411133,0.23058073222637177,0.8465107083320618
45.27386430000479,-0.301719069480896,0.7709073424339294,0.07807541638612747,0.3115459680557251,0.3650949001312256,0.23103153705596924,0.8463269472122192
45.277711100003216,-0.30166712403297424,0.7707504630088806,0.07794911414384842,0.31156471371650696,0.36552324891090393,0.23066206276416779,0.8462359309196472
45.28189460000431,-0.3016151487827301,0.7706063985824585,0.07784435153007507,0.31155622005462646,0.36549514532089233,0.23069918155670166,0.8462410569190979
45.286569300005795,-0.30157390236854553,0.77044677734375,0.0777391865849495,0.31159210205078125,0.36548852920532227,0.23105019330978394,0.8461349606513977
45.29095500000403,-0.30152443051338196,0.7702938914299011,0.07763674110174179,0.3113899827003479,0.3650630712509155,0.23193559050559998,0.8461507558822632
45.294502000004286,-0.30147719383239746,0.7701529860496521,0.0775386393070221,0.31149402260780334,0.36493948101997375,0.23235665261745453,0.8460502624511719
45.29847530000552,-0.301432728767395,0.7699980735778809,0.07743176072835922,0.31157830357551575,0.36495935916900635,0.23246759176254272,0.845980167388916
45.302651000005426,-0.3013875186443329,0.7698409557342529,0.07730657607316971,0.3111518621444702,0.3649389445781708,0.23265841603279114,0.846093475818634
45.30746320000617,-0.30135709047317505,0.7696852087974548,0.07720795273780823,0.3116551637649536,0.36482563614845276,0.2326945960521698,0.8459471464157104
45.311086100002285,-0.30130812525749207,0.7695453763008118,0.07712623476982117,0.31158679723739624,0.3645866811275482,0.23301401734352112,0.8459873795509338
45.315150100010214,-0.30127066373825073,0.7694121599197388,0.07702813297510147,0.3114479184150696,0.36453503370285034,0.23311568796634674,0.8460327982902527
45.31942460000573,-0.3012135624885559,0.7692703008651733,0.07694417983293533,0.310916930437088,0.3642158508300781,0.23365093767642975,0.846217930316925
45.3234819000063,-0.30116006731987,0.769123375415802,0.07686284184455872,0.3110940456390381,0.36442598700523376,0.23323743045330048,0.8461764454841614
45.32773210000596,-0.3011089563369751,0.7689658403396606,0.07677105069160461,0.3108922839164734,0.36459672451019287,0.23273763060569763,0.8463146090507507
45.33169440001075,-0.3010585606098175,0.7688130140304565,0.07668881863355637,0.31098517775535583,0.3649348318576813,0.23205362260341644,0.8463225960731506
45.33661840000423,-0.30099546909332275,0.7686567902565002,0.07659681886434555,0.3106496334075928,0.36444222927093506,0.2331482619047165,0.8463572263717651
45.340637200002675,-0.30095338821411133,0.7685235738754272,0.07651438564062119,0.31073087453842163,0.36443254351615906,0.23328886926174164,0.8462928533554077
45.344495400000596,-0.3009096682071686,0.768389105796814,0.07643100619316101,0.3106285631656647,0.3643198311328888,0.2334248423576355,0.8463414311408997
45.34850620001089,-0.30086591839790344,0.7682561278343201,0.07633323967456818,0.3109336197376251,0.3644106388092041,0.23337143659591675,0.8462049961090088
45.352519899999606,-0.3008231818675995,0.768120288848877,0.07625213265419006,0.3109206557273865,0.36437490582466125,0.23351885378360748,0.8461845517158508
45.35685550000926,-0.30078646540641785,0.7679798007011414,0.07616817206144333,0.31090858578681946,0.364535391330719,0.23320689797401428,0.8462058901786804
45.360916400008136,-0.30074307322502136,0.7678430080413818,0.07609585672616959,0.3109337389469147,0.3646045923233032,0.23336733877658844,0.8461225628852844
45.365172400008305,-0.3006894588470459,0.7677024602890015,0.07602109014987946,0.3110295236110687,0.36441105604171753,0.23371373116970062,0.8460751175880432
45.36947060000966,-0.3006395697593689,0.7675471305847168,0.07593599706888199,0.3111211955547333,0.3638957738876343,0.23468585312366486,0.8459940552711487
45.37337010000192,-0.3005822002887726,0.7673935294151306,0.07586164027452469,0.31128039956092834,0.36383211612701416,0.23485341668128967,0.8459163904190063
45.37768320000032,-0.30053532123565674,0.7672586441040039,0.07579308748245239,0.3113354742527008,0.36377018690109253,0.23501406610012054,0.8458781242370605
45.382186500006355,-0.30048471689224243,0.7671113610267639,0.07571413367986679,0.31115293502807617,0.36392638087272644,0.23480644822120667,0.8459357619285583
45.38583490000747,-0.30048471689224243,0.7671113610267639,0.07571413367986679,0.31115293502807617,0.36392638087272644,0.23480644822120667,0.8459357619285583
45.390761700007715,-0.300374835729599,0.7667921185493469,0.07554128021001816,0.31068679690361023,0.3630445897579193,0.23644958436489105,0.8460283279418945
45.39420130000508,-0.3003086447715759,0.7666256427764893,0.07546713948249817,0.31051480770111084,0.36330050230026245,0.23627957701683044,0.8460291028022766
45.39847880000889,-0.30024874210357666,0.766461968421936,0.07539097219705582,0.3108466863632202,0.36349841952323914,0.2357899397611618,0.8459588289260864
45.4024594000075,-0.30019620060920715,0.7663059830665588,0.0753088966012001,0.31130558252334595,0.3637353181838989,0.23550204932689667,0.8457684516906738
45.406893600011244,-0.3001419007778168,0.7661674618721008,0.07524485886096954,0.3114972412586212,0.36359119415283203,0.23583553731441498,0.8456668853759766
45.41097170001012,-0.3000746965408325,0.7660170197486877,0.07517464458942413,0.3113257884979248,0.363851934671402,0.23579619824886322,0.8456288576126099
45.415317700011656,-0.3000221848487854,0.7658714056015015,0.07510814815759659,0.3113109767436981,0.36404240131378174,0.23576605319976807,0.8455607891082764
45.419672400006675,-0.2999749481678009,0.7657364010810852,0.07504268735647202,0.31134873628616333,0.36409783363342285,0.23582524061203003,0.845506489276886
45.42340420000255,-0.29993361234664917,0.7656042575836182,0.07498187571763992,0.3112826347351074,0.3639906048774719,0.23629878461360931,0.8454447984695435
45.42767900000035,-0.29990094900131226,0.7654670476913452,0.07491195946931839,0.3113813102245331,0.36399024724960327,0.23662146925926208,0.8453183770179749
45.43195560001186,-0.29985514283180237,0.7653470635414124,0.0748557597398758,0.3113347887992859,0.36403852701187134,0.23681481182575226,0.8452606201171875
45.4358968000015,-0.29980194568634033,0.7652124762535095,0.07479178160429001,0.3112117052078247,0.36437109112739563,0.23667019605636597,0.8452030420303345
45.44018700000015,-0.29975637793540955,0.7650747299194336,0.07475204765796661,0.3114164471626282,0.3645598292350769,0.2365763932466507,0.8450725078582764
45.4441036000062,-0.2997104525566101,0.764933168888092,0.07468869537115097,0.31124621629714966,0.36455053091049194,0.23663410544395447,0.8451231718063354
45.448371899998165,-0.2996646761894226,0.7647963762283325,0.07464092969894409,0.31103530526161194,0.36479997634887695,0.2367769479751587,0.8450530767440796
45.4524636999995,-0.2996177673339844,0.7646747827529907,0.07459196448326111,0.31072959303855896,0.3646698594093323,0.23717071115970612,0.8451112508773804
45.45663900001091,-0.2995626628398895,0.764557957649231,0.07454288005828857,0.3104570806026459,0.3647206425666809,0.23758327960968018,0.8450736403465271
45.46122330000799,-0.29951798915863037,0.7644234895706177,0.07447117567062378,0.31066811084747314,0.36486586928367615,0.2374086081981659,0.8449824452400208
45.46473350000451,-0.29951798915863037,0.7644234895706177,0.07447117567062378,0.31066811084747314,0.36486586928367615,0.2374086081981659,0.8449824452400208
45.46924730000319,-0.29944291710853577,0.7641537189483643,0.07437793910503387,0.31070518493652344,0.36485639214515686,0.23750394582748413,0.8449462056159973
45.47345010000572,-0.2994144558906555,0.7640301585197449,0.07433030754327774,0.3106667399406433,0.3650064170360565,0.2377442717552185,0.8448278903961182
45.47778600000311,-0.29938212037086487,0.7638923525810242,0.07426454871892929,0.31039729714393616,0.3649170398712158,0.23817165195941925,0.844845175743103
45.48200879999786,-0.29934799671173096,0.7637597322463989,0.07420730590820312,0.31019413471221924,0.36493390798568726,0.23810061812400818,0.844932496547699
45.48603440000443,-0.29930979013442993,0.7636361122131348,0.07414702326059341,0.3101601302623749,0.3650466203689575,0.23798148334026337,0.8449298739433289
45.490447400006815,-0.2992703318595886,0.7635108232498169,0.07408493757247925,0.30999770760536194,0.3648315370082855,0.23836739361286163,0.8449735641479492
45.49465269999928,-0.2992362082004547,0.763350248336792,0.07402129471302032,0.31062954664230347,0.36494216322898865,0.23790372908115387,0.8448244333267212
45.498564400011674,-0.2991965115070343,0.7632273435592651,0.07396862655878067,0.3108384311199188,0.3650085926055908,0.23771515488624573,0.8447719812393188
45.50279530000989,-0.29915851354599,0.7631033062934875,0.07391080260276794,0.3107970058917999,0.3649417459964752,0.2379252165555954,0.8447569608688354
45.50735510000959,-0.29912182688713074,0.762963593006134,0.07383430749177933,0.31051963567733765,0.36471453309059143,0.23826856911182404,0.844860315322876
45.51098560000537,-0.29908132553100586,0.7628411054611206,0.07376940548419952,0.3103869557380676,0.36463284492492676,0.23865646123886108,0.8448348641395569
45.514998900005594,-0.2990417182445526,0.7627155184745789,0.07370708137750626,0.3104581832885742,0.3645837604999542,0.23864726722240448,0.8448324799537659
45.51922780000314,-0.2989964783191681,0.762598991394043,0.07363783568143845,0.3105020225048065,0.3646359145641327,0.23850701749324799,0.8448334336280823
45.523683899999014,-0.2989543378353119,0.7624807953834534,0.07356150448322296,0.3105092942714691,0.36460575461387634,0.23842892050743103,0.8448658585548401
45.527815599998576,-0.2989071309566498,0.7623481750488281,0.07349096238613129,0.3103155195713043,0.36470070481300354,0.2382117509841919,0.8449573516845703
45.53181570000015,-0.2988660931587219,0.7622317671775818,0.07339847087860107,0.3106054961681366,0.36505213379859924,0.2375173568725586,0.8448944687843323
45.53612879999855,-0.2988189160823822,0.7621241807937622,0.07331462949514389,0.31062376499176025,0.365073561668396,0.23756623268127441,0.8448647260665894
45.5400934000063,-0.2987666428089142,0.7620182633399963,0.07322844117879868,0.31060221791267395,0.36481010913848877,0.23772494494915009,0.8449418544769287
45.544229100007215,-0.29872196912765503,0.7619150876998901,0.07313711196184158,0.31026750802993774,0.36499035358428955,0.23742245137691498,0.8450719714164734
45.54830030001176,-0.29866713285446167,0.7618017196655273,0.07304882258176804,0.31003305315971375,0.3650793135166168,0.23790571093559265,0.844983696937561
45.55288390000351,-0.2986234724521637,0.7616989016532898,0.0729636624455452,0.3099716901779175,0.3650358319282532,0.23806630074977875,0.8449798226356506
45.5574542000104,-0.29859209060668945,0.7615991234779358,0.07285922020673752,0.31030938029289246,0.3653522729873657,0.2376469522714615,0.8448371887207031
45.56102710000414,-0.298552930355072,0.7614991664886475,0.07279004156589508,0.3101719915866852,0.36515161395072937,0.23804523050785065,0.8448622226715088
45.565025000003516,-0.2985225319862366,0.7613896131515503,0.07269741594791412,0.3098081052303314,0.36522647738456726,0.2382262498140335,0.8449124097824097
45.56927990000986,-0.2984849512577057,0.7612882852554321,0.07261192798614502,0.3096509277820587,0.3650382161140442,0.23873932659626007,0.8449064493179321
45.57330709999951,-0.29845166206359863,0.7611805200576782,0.07252037525177002,0.3094506561756134,0.3649327754974365,0.23906280100345612,0.8449339270591736
45.57790329999989,-0.2984218895435333,0.7610828876495361,0.07243973761796951,0.3093036115169525,0.36489608883857727,0.23926304280757904,0.8449469804763794
45.58179850000306,-0.298393577337265,0.7609534859657288,0.07234292477369308,0.3089568018913269,0.36467620730400085,0.2398030310869217,0.8450156450271606
45.58621690000291,-0.2983713150024414,0.7608556747436523,0.07226039469242096,0.3089367747306824,0.36476805806159973,0.23983551561832428,0.8449741005897522
45.59042980000959,-0.2983386218547821,0.7607550024986267,0.07217947393655777,0.3092615008354187,0.3648328483104706,0.23984673619270325,0.8448241353034973
45.59424260001106,-0.2983170747756958,0.760654091835022,0.07208912819623947,0.309423565864563,0.3647260367870331,0.2399578094482422,0.8447794318199158
45.598335600006976,-0.298300176858902,0.7605590224266052,0.07198865711688995,0.30923184752464294,0.3650924265384674,0.23950302600860596,0.8448204398155212
45.60184790000494,-0.298300176858902,0.7605590224266052,0.07198865711688995,0.30923184752464294,0.3650924265384674,0.23950302600860596,0.8448204398155212
45.60525500000222,-0.298300176858902,0.7605590224266052,0.07198865711688995,0.30923184752464294,0.3650924265384674,0.23950302600860596,0.8448204398155212
45.610444900012226,-0.2982860803604126,0.7602631449699402,0.07173897325992584,0.308909147977829,0.365023136138916,0.24015437066555023,0.8447834849357605
45.61564990000625,-0.2982880771160126,0.7601602077484131,0.07165779173374176,0.30905720591545105,0.36501744389533997,0.24027881026268005,0.8446964025497437
45.61935850000009,-0.2982924282550812,0.7600672841072083,0.0715809017419815,0.3089776337146759,0.3650681972503662,0.24037453532218933,0.8446763157844543
45.62343170000531,-0.29830098152160645,0.7599682211875916,0.07148155570030212,0.30920884013175964,0.3654248118400574,0.24003121256828308,0.8445351719856262
45.62785370000347,-0.2983044385910034,0.7598567605018616,0.07139910757541656,0.30948910117149353,0.3654637038707733,0.2398638278245926,0.8444632291793823
45.63226790000044,-0.2983095943927765,0.759762704372406,0.07132509350776672,0.30945098400115967,0.36546841263771057,0.24000629782676697,0.8444346785545349
45.636231399999815,-0.298327773809433,0.7596545219421387,0.07122370600700378,0.30898377299308777,0.3655577003955841,0.2401721477508545,0.8445199131965637
45.64023900000029,-0.2983440160751343,0.7595546841621399,0.07113451510667801,0.3086472451686859,0.3650785982608795,0.24113410711288452,0.8445761203765869
45.64466740000353,-0.2983565628528595,0.759463369846344,0.07104892283678055,0.3085612654685974,0.3649302124977112,0.2414960116147995,0.8445682525634766
45.65035290000378,-0.29837101697921753,0.7593722343444824,0.07096488028764725,0.3085504472255707,0.3648637533187866,0.24184489250183105,0.8445010781288147
45.655079100004514,-0.2983822226524353,0.7592871189117432,0.0708853080868721,0.3085073232650757,0.36488446593284607,0.24196507036685944,0.8444734811782837
45.66085140001087,-0.29841452836990356,0.7591256499290466,0.07072175294160843,0.3082040250301361,0.36475563049316406,0.24257421493530273,0.8444651961326599
45.66534130000218,-0.29843342304229736,0.7590258121490479,0.07062555104494095,0.3081538677215576,0.36486518383026123,0.24273334443569183,0.8443903923034668
45.6704383000033,-0.2984561622142792,0.7589440941810608,0.07052416354417801,0.3080582320690155,0.3650253713130951,0.24289175868034363,0.8443105816841125
45.675628099997994,-0.2984781563282013,0.7588651180267334,0.07042896747589111,0.307783305644989,0.36498790979385376,0.2433231920003891,0.844302773475647
45.6799100000062,-0.29849711060523987,0.7587841749191284,0.07032624632120132,0.30739378929138184,0.36471500992774963,0.2439081072807312,0.844393789768219
45.68431170000986,-0.298537939786911,0.7587010264396667,0.07023438811302185,0.3071713447570801,0.36476966738700867,0.24404050409793854,0.8444129228591919
45.68795810001029,-0.29856064915657043,0.7586241960525513,0.07013668119907379,0.3068156838417053,0.36470749974250793,0.24455766379833221,0.8444194197654724
45.692025500000454,-0.29859039187431335,0.7585424184799194,0.07004532963037491,0.30660876631736755,0.3645876944065094,0.24504229426383972,0.8444058299064636
45.69651650000014,-0.2986023426055908,0.7584590911865234,0.069944828748703,0.30638816952705383,0.36468520760536194,0.24540425837039948,0.8443387150764465
45.700622900010785,-0.2986287772655487,0.7583553194999695,0.06984223425388336,0.30605557560920715,0.364388108253479,0.24607184529304504,0.844393253326416
45.70439460000489,-0.29864567518234253,0.7582454681396484,0.06972134113311768,0.3059955835342407,0.36422595381736755,0.24672284722328186,0.8442949652671814
45.70846190000884,-0.29866543412208557,0.7581327557563782,0.06960143148899078,0.30539849400520325,0.3644326627254486,0.2466113269329071,0.8444545269012451
45.711826500002644,-0.29869091510772705,0.7580176591873169,0.069484181702137,0.30534058809280396,0.36455264687538147,0.2463192641735077,0.8445088863372803
45.71537740000349,-0.2987045347690582,0.7579045295715332,0.0693780854344368,0.30515751242637634,0.36456918716430664,0.24641157686710358,0.8445410132408142
45.71949260000838,-0.2987372875213623,0.7577687501907349,0.06925969570875168,0.30520710349082947,0.3643350601196289,0.24669112265110016,0.8445425629615784
45.72393120000197,-0.2987658977508545,0.7576382756233215,0.06917380541563034,0.305304616689682,0.36415961384773254,0.2465822696685791,0.8446147441864014
45.72768090000318,-0.29879680275917053,0.7575252056121826,0.06907650083303452,0.30492275953292847,0.3644595444202423,0.2463531345129013,0.844690203666687
45.73171250001178,-0.29881107807159424,0.7574136853218079,0.06899520754814148,0.3051055073738098,0.36448410153388977,0.24626582860946655,0.8446390628814697
45.73578990000533,-0.29883426427841187,0.7572572827339172,0.06888935714960098,0.30535176396369934,0.3646681308746338,0.24616560339927673,0.8444998860359192
45.74013510000077,-0.298876017332077,0.7571112513542175,0.06876698136329651,0.30517590045928955,0.3640619218349457,0.24716225266456604,0.8445338606834412
45.7442643000104,-0.2988998591899872,0.7569945454597473,0.06868116557598114,0.3051975965499878,0.36399564146995544,0.2472970187664032,0.8445150852203369
45.74828310000885,-0.2989353537559509,0.7568657994270325,0.06859176605939865,0.30501899123191833,0.3639998733997345,0.24751955270767212,0.8445126414299011
45.75258980000217,-0.29896098375320435,0.7567578554153442,0.06850427389144897,0.3047615587711334,0.3639129102230072,0.2477419525384903,0.8445778489112854
45.757014500006335,-0.2989993691444397,0.7566580176353455,0.06841341406106949,0.30458977818489075,0.36387625336647034,0.24797645211219788,0.8445867896080017
45.7611207000009,-0.29904499650001526,0.7565518021583557,0.06830523163080215,0.3042323887348175,0.3635723888874054,0.24868416786193848,0.8446384072303772
45.76530800000182,-0.29909658432006836,0.7564684152603149,0.06821279972791672,0.30379751324653625,0.36342963576316833,0.24921250343322754,0.8447005748748779
45.769309200011776,-0.2991677224636078,0.7563881278038025,0.06811782717704773,0.3031696081161499,0.3633769154548645,0.24975229799747467,0.844789445400238
45.77360430000408,-0.299264520406723,0.7562797665596008,0.06800095736980438,0.3026406764984131,0.3637647330760956,0.250082403421402,0.8447145223617554
45.77790559999994,-0.29935526847839355,0.7562095522880554,0.06790346652269363,0.3019459545612335,0.3638083338737488,0.250590980052948,0.8447936177253723
45.782096100010676,-0.2994668185710907,0.7561472654342651,0.06778170168399811,0.30102843046188354,0.364104688167572,0.2510564625263214,0.8448551893234253
45.78645470000629,-0.2995758652687073,0.7560853958129883,0.06767019629478455,0.3002866804599762,0.36430829763412476,0.2515314221382141,0.8448901176452637
45.790256100008264,-0.2996789216995239,0.7560149431228638,0.06755927950143814,0.2995138466358185,0.3643637001514435,0.2520480751991272,0.8449865579605103
45.794493900000816,-0.2998114228248596,0.7559524774551392,0.0674314871430397,0.2989758253097534,0.364295095205307,0.25239425897598267,0.8451033234596252
45.79928530000325,-0.2999107241630554,0.7558978796005249,0.06730049103498459,0.2984107732772827,0.3638709783554077,0.2535899579524994,0.8451279401779175
45.802824500002316,-0.3000117540359497,0.7558356523513794,0.06716158986091614,0.297314316034317,0.36324363946914673,0.25508442521095276,0.8453344106674194
45.806924800010165,-0.3000967800617218,0.7557887434959412,0.0670643001794815,0.2966553270816803,0.3630489110946655,0.255936861038208,0.8453918695449829
45.81093230000988,-0.3001832664012909,0.7557269930839539,0.06694987416267395,0.29630813002586365,0.36273878812789917,0.25640061497688293,0.8455062508583069
45.81518850001157,-0.30025047063827515,0.7556774616241455,0.06686754524707794,0.29599058628082275,0.36285316944122314,0.2565555274486542,0.8455213904380798
45.819207699998515,-0.30032894015312195,0.7556304931640625,0.06678454577922821,0.29558783769607544,0.36263367533683777,0.25709623098373413,0.845592200756073
45.823437800005195,-0.3004033863544464,0.7555790543556213,0.06670159846544266,0.2951663136482239,0.3625539243221283,0.25751617550849915,0.8456458449363708
45.8283347000106,-0.300466388463974,0.7555352449417114,0.06663290411233902,0.2948385179042816,0.36212441325187683,0.2582961916923523,0.8457063436508179
45.832032200007234,-0.3005414307117462,0.7554737329483032,0.06656574457883835,0.2942943274974823,0.36178332567214966,0.2591264545917511,0.8457878828048706
45.83627330001036,-0.30060580372810364,0.7554327845573425,0.06649275869131088,0.2938956320285797,0.36160680651664734,0.25946372747421265,0.8458985686302185
45.84057430000394,-0.30067792534828186,0.7553833723068237,0.0664055272936821,0.2934662401676178,0.361798495054245,0.25948262214660645,0.8459599018096924
45.84426650000387,-0.30075377225875854,0.7553369998931885,0.06632139533758163,0.292723685503006,0.3613079786300659,0.26055604219436646,0.8460968732833862
45.84916389999853,-0.3008265793323517,0.7553085684776306,0.0662413164973259,0.2920704782009125,0.36115530133247375,0.2611575424671173,0.8462023735046387
45.85287600000447,-0.30092504620552063,0.7552801966667175,0.0661490261554718,0.2910192608833313,0.3611130714416504,0.26171502470970154,0.8464102745056152
45.85700290001114,-0.301033079624176,0.7552604675292969,0.066066674888134,0.2899516522884369,0.3605744540691376,0.262739896774292,0.8466887474060059
45.86183590001019,-0.3011631369590759,0.7552621960639954,0.06599123030900955,0.2890281081199646,0.3600747287273407,0.2638006806373596,0.8468872904777527
45.86533720001171,-0.3013277053833008,0.7552613615989685,0.06588329374790192,0.28737887740135193,0.3591610789299011,0.26600074768066406,0.8471484184265137
45.869481200003065,-0.30147406458854675,0.7552762031555176,0.06577946990728378,0.28609731793403625,0.3586542010307312,0.267240971326828,0.8474065065383911
45.87339050001174,-0.3016355037689209,0.7552828788757324,0.06563255935907364,0.2853095829486847,0.3588024377822876,0.26716700196266174,0.8476325869560242
45.877853300000424,-0.3017925024032593,0.7553117275238037,0.06552208960056305,0.2840927541255951,0.35835105180740356,0.2681184411048889,0.8479318618774414
45.88210610000533,-0.3019504249095917,0.7553348541259766,0.06539613008499146,0.2828114926815033,0.3582300543785095,0.2684074342250824,0.8483197093009949
45.885959200008074,-0.3020815849304199,0.7553635239601135,0.06528764218091965,0.2814842462539673,0.3582617938518524,0.2689060866832733,0.8485898375511169
45.89031570000225,-0.3022015392780304,0.7553951144218445,0.0651993677020073,0.28012245893478394,0.3582879304885864,0.2693328559398651,0.8488940596580505
45.894215799999074,-0.30232104659080505,0.7554301619529724,0.06509609520435333,0.27895286679267883,0.358419805765152,0.26970556378364563,0.8491050601005554
45.89843280000787,-0.30243295431137085,0.7554640173912048,0.06501876562833786,0.27805963158607483,0.358269065618515,0.27059289813041687,0.8491793274879456
45.90290630000527,-0.30253317952156067,0.7554965019226074,0.06494595855474472,0.27716660499572754,0.35832351446151733,0.2711593806743622,0.8492676615715027
45.90699100001075,-0.3026265501976013,0.7555423378944397,0.06488105654716492,0.27627623081207275,0.3580053746700287,0.2720297574996948,0.8494135737419128
45.91111140001158,-0.3027191162109375,0.7556029558181763,0.06479846686124802,0.2754729688167572,0.3576146960258484,0.27326148748397827,0.8494437336921692
45.915070100003504,-0.30281543731689453,0.7556252479553223,0.06471706181764603,0.2743121087551117,0.3565867841243744,0.27535194158554077,0.8495765328407288
45.92521330001182,-0.3029845356941223,0.755699872970581,0.06461535394191742,0.27310124039649963,0.35609254240989685,0.27703627943992615,0.8496261835098267
45.92925520001154,-0.3030553460121155,0.7557329535484314,0.06455907970666885,0.272688627243042,0.35586023330688477,0.27748245000839233,0.8497105240821838
45.93304650000937,-0.30313369631767273,0.7557744979858398,0.06447827816009521,0.2723881006240845,0.3558136820793152,0.277875691652298,0.8496978282928467
45.93690260000585,-0.3032281696796417,0.7558066844940186,0.06442615389823914,0.27168336510658264,0.355835884809494,0.2784567177295685,0.8497239947319031
45.940433200012194,-0.30330997705459595,0.7558387517929077,0.06436730176210403,0.2712320387363434,0.3557451069355011,0.27866095304489136,0.8498392105102539
45.94447390000278,-0.30340829491615295,0.7558774948120117,0.06430759280920029,0.27042335271835327,0.35508355498313904,0.279706209897995,0.850030243396759
45.948519400000805,-0.3035031259059906,0.7559368014335632,0.06425174325704575,0.26984649896621704,0.3550969064235687,0.28010833263397217,0.8500754833221436
45.95270920000621,-0.3036108911037445,0.7560009956359863,0.06420721113681793,0.26869523525238037,0.35486629605293274,0.2804931402206421,0.8504095077514648
45.96094699999958,-0.3038262724876404,0.7561454772949219,0.06407801806926727,0.26667818427085876,0.3547752797603607,0.2812211811542511,0.8508418202400208
45.96503770000709,-0.3039695620536804,0.7562074661254883,0.06400251388549805,0.26555854082107544,0.3542496860027313,0.281542032957077,0.851304829120636
45.96916520000377,-0.3040976822376251,0.7562668323516846,0.06394492089748383,0.264186829328537,0.353961706161499,0.2822851240634918,0.851605236530304
45.97317670000484,-0.3042318820953369,0.7563161253929138,0.06388494372367859,0.2630458176136017,0.3536328375339508,0.28305453062057495,0.8518397808074951
45.97772750000877,-0.3043874502182007,0.7563517689704895,0.06381964683532715,0.26143184304237366,0.35238000750541687,0.28499218821525574,0.8522096276283264
45.98301609999908,-0.30452021956443787,0.7563831806182861,0.06375619769096375,0.2603839337825775,0.3521813452243805,0.285817414522171,0.8523361682891846
45.98748290000367,-0.30466076731681824,0.7564210891723633,0.06371305137872696,0.25949254631996155,0.3518869876861572,0.2870365083217621,0.8523198962211609
45.990986200005864,-0.30480924248695374,0.7564433217048645,0.06364675611257553,0.25885602831840515,0.3519311547279358,0.2876376211643219,0.8522925972938538
45.99522710000747,-0.3049485683441162,0.7564741969108582,0.06360633671283722,0.2581808567047119,0.35186535120010376,0.28867748379707336,0.8521729111671448
45.99880120001035,-0.3050949275493622,0.7565138339996338,0.06357511132955551,0.2575094401836395,0.3517405688762665,0.28981146216392517,0.8520427346229553
46.00283520000812,-0.3052431046962738,0.7565411925315857,0.06355017423629761,0.2564409375190735,0.3517893850803375,0.2911013960838318,0.851905107498169
46.00681400000758,-0.3053891658782959,0.7566166520118713,0.06350799649953842,0.25578561425209045,0.35151052474975586,0.2927189767360687,0.8516628742218018
46.01087890000781,-0.3055174648761749,0.7566758990287781,0.06350518018007278,0.255069375038147,0.35102662444114685,0.2937832474708557,0.8517109155654907
46.015345200008596,-0.3056353032588959,0.7567300200462341,0.06350094079971313,0.2544374465942383,0.35078632831573486,0.29446321725845337,0.8517640233039856
46.019232100006775,-0.3057703971862793,0.7567944526672363,0.06349736452102661,0.2537275552749634,0.3499487042427063,0.29555684328079224,0.8519415259361267
46.02351810000255,-0.30588582158088684,0.7568626999855042,0.06350407004356384,0.25305432081222534,0.3496282994747162,0.29624488949775696,0.852034330368042
46.02786400000332,-0.306010365486145,0.7569214701652527,0.06350108981132507,0.25241589546203613,0.34933051466941833,0.2965637445449829,0.8522348999977112
46.031912999998895,-0.3061181902885437,0.756994903087616,0.06350134313106537,0.2517157196998596,0.3489943742752075,0.29697686433792114,0.852435827255249
46.036362500002724,-0.30621737241744995,0.757053554058075,0.06350108981132507,0.251051127910614,0.34846389293670654,0.29764288663864136,0.852616548538208
46.040089500005706,-0.306325227022171,0.7571216225624084,0.06348226219415665,0.2505158483982086,0.3484448790550232,0.29744893312454224,0.8528494238853455
46.04470320000837,-0.3064255118370056,0.7571882605552673,0.06347472965717316,0.2498137354850769,0.3481515347957611,0.2976866066455841,0.8530921936035156
46.04851910000434,-0.30654847621917725,0.7572703957557678,0.06344872713088989,0.24858112633228302,0.3472766876220703,0.29898473620414734,0.8533548712730408
46.052616200002376,-0.30665913224220276,0.7573500871658325,0.06344419717788696,0.24775756895542145,0.34711623191833496,0.2990724444389343,0.8536288142204285
46.05682450000313,-0.3067958950996399,0.7574042081832886,0.06340277194976807,0.24751226603984833,0.3470943868160248,0.2986663281917572,0.8538510203361511
46.06114420000813,-0.3069190979003906,0.7574891448020935,0.06341911107301712,0.2468002438545227,0.34674522280693054,0.29931333661079407,0.8539724349975586
46.0652601000038,-0.3070518672466278,0.7575720548629761,0.06345351785421371,0.2456309199333191,0.34665611386299133,0.29957741498947144,0.8542530536651611
46.069122400003835,-0.30719301104545593,0.7576479911804199,0.0634729340672493,0.24459826946258545,0.34632521867752075,0.3003500699996948,0.854412317276001
46.07400910000433,-0.3073584735393524,0.7577251195907593,0.06348931044340134,0.24361661076545715,0.34665900468826294,0.3006502389907837,0.8544518351554871
46.07758360001026,-0.3073584735393524,0.7577251195907593,0.06348931044340134,0.24361661076545715,0.34665900468826294,0.3006502389907837,0.8544518351554871
46.081716600005166,-0.30769258737564087,0.7578150033950806,0.06355202943086624,0.2414737492799759,0.3456385135650635,0.30377116799354553,0.8543696403503418
46.086020100003225,-0.30786022543907166,0.7578770518302917,0.06360949575901031,0.24100269377231598,0.3457401394844055,0.30383598804473877,0.8544384837150574
46.09030870000424,-0.3080326020717621,0.7579318284988403,0.0636691153049469,0.23992997407913208,0.34488508105278015,0.306090384721756,0.8542813658714294
46.09597460000077,-0.30816635489463806,0.7580093145370483,0.06372662633657455,0.23944023251533508,0.34482237696647644,0.3062361180782318,0.854391872882843
46.09957950000535,-0.30832016468048096,0.7580679059028625,0.06379841268062592,0.23901046812534332,0.3446076512336731,0.30667930841445923,0.8544397950172424
46.10287390000303,-0.30844786763191223,0.7581279277801514,0.06385376304388046,0.2385333627462387,0.34432700276374817,0.30710649490356445,0.8545328378677368
46.106895900011295,-0.3085673153400421,0.758190929889679,0.06390134245157242,0.2379852831363678,0.3440289795398712,0.3076958954334259,0.8545936346054077
46.111645099997986,-0.3086811900138855,0.7582762837409973,0.06396177411079407,0.2374482899904251,0.34382033348083496,0.30786025524139404,0.8547677993774414
46.11501800001133,-0.3087958097457886,0.758356511592865,0.06401311606168747,0.23668791353702545,0.34360039234161377,0.3080870807170868,0.8549854159355164
46.11942000000272,-0.30890122056007385,0.7584241628646851,0.06407029181718826,0.23614530265331268,0.3432018458843231,0.30863258242607117,0.8550987243652344
46.123399900010554,-0.30900752544403076,0.758490800857544,0.0641259104013443,0.23553207516670227,0.3428851068019867,0.3091767728328705,0.855198323726654
46.12785810000787,-0.30910471081733704,0.7585734128952026,0.06418302655220032,0.23495766520500183,0.3425135016441345,0.3095466196537018,0.8553714156150818
46.131758800009266,-0.3091989755630493,0.7586503624916077,0.06423379480838776,0.23430122435092926,0.34225717186927795,0.30972233414649963,0.8555905222892761
46.136165300005814,-0.30930426716804504,0.758736252784729,0.06429195404052734,0.2335646003484726,0.342095285654068,0.31013208627700806,0.8557081818580627
46.14015200000722,-0.3094179332256317,0.758833646774292,0.06435434520244598,0.2330436408519745,0.34165799617767334,0.3104865252971649,0.8558964133262634
46.14415849999932,-0.3095020651817322,0.7589169144630432,0.06441108137369156,0.2323169708251953,0.34152737259864807,0.3105388879776001,0.8561270236968994
46.14891360000183,-0.3096129894256592,0.7589848041534424,0.06444749236106873,0.23148487508296967,0.34116777777671814,0.3112725615501404,0.8562294244766235
46.15267730000778,-0.309693843126297,0.7590645551681519,0.0645044595003128,0.23102271556854248,0.34113171696662903,0.31111282110214233,0.8564265370368958
46.15677770000184,-0.30977314710617065,0.7591213583946228,0.06456119567155838,0.23038533329963684,0.3410811424255371,0.31117820739746094,0.8565946221351624
46.160793300005025,-0.309849351644516,0.7591879963874817,0.0646323636174202,0.22980843484401703,0.34097620844841003,0.31129229068756104,0.8567498922348022
46.16495420000865,-0.30992037057876587,0.7592477798461914,0.06469735503196716,0.22935520112514496,0.3407897651195526,0.31147515773773193,0.8568790555000305
46.169379600003595,-0.3099895417690277,0.7592993378639221,0.06476280093193054,0.2289147526025772,0.3406793177127838,0.31161263585090637,0.8569908738136292
46.17334020000999,-0.3100631535053253,0.7593497037887573,0.06482937186956406,0.22861135005950928,0.340534508228302,0.3118533492088318,0.8570417165756226
46.177497600001516,-0.3101360499858856,0.7594166994094849,0.06490417569875717,0.22790825366973877,0.3404151201248169,0.3122369647026062,0.8571367263793945
46.18203560000984,-0.31022197008132935,0.7594764232635498,0.06497551500797272,0.22743627429008484,0.3401779234409332,0.3129030466079712,0.8571134805679321
46.18600580000202,-0.3103252053260803,0.7595215439796448,0.06504136323928833,0.22694005072116852,0.3401457965373993,0.31333526968955994,0.8570997714996338
46.190144200008945,-0.3104594349861145,0.7595863342285156,0.06512566655874252,0.2260494977235794,0.3399622440338135,0.31389695405960083,0.8572024703025818
46.19431340000301,-0.3105674982070923,0.7596641182899475,0.06519324332475662,0.2253584861755371,0.33977335691452026,0.3146316111087799,0.8571898937225342
46.198523900005966,-0.31068843603134155,0.7597545385360718,0.06525442004203796,0.2248104065656662,0.33978593349456787,0.3153321146965027,0.8570713996887207
46.20269140000164,-0.31080466508865356,0.7598292827606201,0.0652884840965271,0.22389636933803558,0.3395213782787323,0.3163827359676361,0.8570283651351929
46.20677780000551,-0.3109288513660431,0.7599206566810608,0.06533461809158325,0.2228674739599228,0.33874309062957764,0.31788069009780884,0.8570502996444702
46.211448500005645,-0.31105369329452515,0.7600097060203552,0.0653708353638649,0.22164569795131683,0.338483989238739,0.31897780299186707,0.8570618033409119
46.21554879999894,-0.3111572861671448,0.7601029276847839,0.06542056053876877,0.22040261328220367,0.3379252851009369,0.3201395869255066,0.8571697473526001
46.21924140000192,-0.31127360463142395,0.760202944278717,0.0654727891087532,0.2194926142692566,0.3369962275028229,0.3216398358345032,0.8572072386741638
46.22394670000358,-0.31137657165527344,0.7603021264076233,0.06550729274749756,0.21883341670036316,0.3366714119911194,0.32256415486335754,0.8571562170982361
46.22800540000026,-0.31147390604019165,0.7603781819343567,0.0655306950211525,0.2180507630109787,0.3367694020271301,0.3227401375770569,0.8572508692741394
46.23191780000343,-0.31155645847320557,0.7604736685752869,0.06556367874145508,0.21736180782318115,0.33672454953193665,0.3231487274169922,0.8572895526885986
46.23628350000945,-0.31162112951278687,0.7605531215667725,0.06559371203184128,0.21691104769706726,0.3367030620574951,0.3233356177806854,0.8573416471481323
46.24078279999958,-0.3116706907749176,0.7606513500213623,0.06562893837690353,0.21603237092494965,0.3366212248802185,0.32378774881362915,0.8574249744415283
46.244707999998354,-0.31172409653663635,0.7607187032699585,0.0656660869717598,0.21555687487125397,0.3367242217063904,0.32387328147888184,0.8574719429016113
46.24841749999905,-0.31176313757896423,0.7608077526092529,0.06568826735019684,0.2154596447944641,0.336717814207077,0.3238903880119324,0.8574925065040588
46.252598300008685,-0.3117920160293579,0.7608908414840698,0.06572089344263077,0.21501803398132324,0.33674338459968567,0.32410311698913574,0.857512891292572
46.25897609999811,-0.3118213713169098,0.7609737515449524,0.06576528400182724,0.21476703882217407,0.33677130937576294,0.3241990804672241,0.8575285077095032
46.262611600002856,-0.3118411600589752,0.761052668094635,0.0658157467842102,0.21442201733589172,0.33668631315231323,0.3244706094264984,0.8575454950332642
46.268138100000215,-0.3118555247783661,0.7611327767372131,0.06585942953824997,0.21407672762870789,0.3364868462085724,0.3249460458755493,0.8575301170349121
46.274173199999495,-0.3118794858455658,0.7612811923027039,0.06598259508609772,0.21348951756954193,0.33635851740837097,0.3253755271434784,0.8575639128684998
46.27786900001229,-0.3118889331817627,0.7613562345504761,0.06604227423667908,0.21322304010391235,0.3362557590007782,0.3256874978542328,0.8575521111488342
46.28178190000472,-0.3118993639945984,0.7614144086837769,0.06609120965003967,0.21304596960544586,0.33615630865097046,0.32598817348480225,0.8575208783149719
46.285870400010026,-0.3119160532951355,0.7614657282829285,0.06615351885557175,0.2130473107099533,0.3360944390296936,0.3262801766395569,0.8574337363243103
46.2899533000018,-0.31192514300346375,0.7615289092063904,0.0661921501159668,0.2127266228199005,0.33595168590545654,0.32666751742362976,0.8574218153953552
46.29411020000407,-0.3119388520717621,0.7615886926651001,0.06623513996601105,0.21225064992904663,0.335926353931427,0.3268902897834778,0.8574647903442383
46.29823890000989,-0.3119491934776306,0.7616180777549744,0.06628838926553726,0.21201908588409424,0.3357076048851013,0.32740169763565063,0.8574126362800598
46.30240660000709,-0.31196683645248413,0.7616550922393799,0.06632015854120255,0.21170933544635773,0.3355044424533844,0.3278151750564575,0.857410728931427
46.30724780001037,-0.3119814693927765,0.7617056965827942,0.06635912507772446,0.21177135407924652,0.33559122681617737,0.3275641202926636,0.8574573993682861
46.31085809999786,-0.3120028078556061,0.7617515921592712,0.06637198477983475,0.211528941988945,0.3354138135910034,0.3278229534626007,0.857487678527832
46.314981900010025,-0.31202036142349243,0.7617948055267334,0.06640937924385071,0.21119220554828644,0.3351648449897766,0.3282860517501831,0.8574908971786499
46.31944960000692,-0.31204333901405334,0.7618383765220642,0.06644000113010406,0.21089209616184235,0.3350992500782013,0.3285810947418213,0.8574774265289307
46.323444599998766,-0.3120666742324829,0.7618901133537292,0.06648031622171402,0.21043339371681213,0.33480972051620483,0.329183965921402,0.8574719429016113
46.32767130000866,-0.3120872676372528,0.7619525194168091,0.0665084570646286,0.21003937721252441,0.3346058130264282,0.32954439520835876,0.8575097322463989
46.33171040000161,-0.31210628151893616,0.7620115280151367,0.06653612852096558,0.20972737669944763,0.33458516001701355,0.3297397494316101,0.8575190305709839
46.336026000004495,-0.3121195435523987,0.7620930075645447,0.06658117473125458,0.20953859388828278,0.3347126245498657,0.3293863534927368,0.8576512336730957
46.34008220001124,-0.3121468126773834,0.7621821165084839,0.0666327029466629,0.20951738953590393,0.3344271183013916,0.3302099406719208,0.8574511408805847
46.34416420001071,-0.31215596199035645,0.7622515559196472,0.06667084246873856,0.20938239991664886,0.3344680964946747,0.3302527666091919,0.8574516177177429
46.348585300002014,-0.31216663122177124,0.7623140811920166,0.06669890135526657,0.20902292430400848,0.3344624936580658,0.3303240239620209,0.8575140237808228
46.35266290001164,-0.3121728301048279,0.7623811364173889,0.06672924011945724,0.20857466757297516,0.33454176783561707,0.3303680419921875,0.8575752973556519
46.35687719999987,-0.3121785521507263,0.7624483108520508,0.06675317883491516,0.20841652154922485,0.3345335125923157,0.33038803935050964,0.8576092720031738
46.36137480000616,-0.31218916177749634,0.762522280216217,0.06677637249231339,0.20821160078048706,0.33455154299736023,0.3302614986896515,0.8577007055282593
46.365185000002384,-0.31219810247421265,0.7625890374183655,0.06680086255073547,0.2078981101512909,0.3346180319786072,0.33032360672950745,0.8577269315719604
46.36943360000441,-0.31220757961273193,0.7626582980155945,0.06681357324123383,0.20761069655418396,0.33462274074554443,0.3303203582763672,0.8577959537506104
46.373430300009204,-0.3122235834598541,0.7627449035644531,0.06684965640306473,0.20721301436424255,0.3346977233886719,0.330349862575531,0.857851505279541
46.377887499998906,-0.3122361898422241,0.7628267407417297,0.06686478108167648,0.20676623284816742,0.33458757400512695,0.3304239511489868,0.8579736948013306
46.38174950001121,-0.3122556805610657,0.7629168033599854,0.06688906252384186,0.20632581412792206,0.3346019685268402,0.3303339183330536,0.8581088781356812
46.3859017000068,-0.3122737407684326,0.7630157470703125,0.06689999997615814,0.20598693192005157,0.3346056342124939,0.3305206000804901,0.858116865158081
46.39429470000323,-0.31231653690338135,0.7632107734680176,0.06694475561380386,0.20508544147014618,0.33476293087005615,0.33045709133148193,0.8582958579063416
46.398880300010205,-0.3123428225517273,0.7633168697357178,0.0669635757803917,0.20477646589279175,0.334627628326416,0.3305296003818512,0.8583945035934448
46.4031673999998,-0.3123798668384552,0.7634211182594299,0.06699380278587341,0.20430901646614075,0.3344956338405609,0.33077770471572876,0.8584617376327515
46.406915200001094,-0.3124001920223236,0.7635312676429749,0.06701814383268356,0.20362013578414917,0.3345597982406616,0.33103272318840027,0.8585021495819092
46.41110130000743,-0.3124430775642395,0.7636421918869019,0.06705500185489655,0.20297053456306458,0.33442234992980957,0.3313714861869812,0.8585788607597351
46.415119099998265,-0.3124864995479584,0.7637348175048828,0.0670660063624382,0.20265500247478485,0.3343223035335541,0.3316498398780823,0.8585848808288574
46.419416600008844,-0.31254616379737854,0.7638257741928101,0.06708245724439621,0.2021769881248474,0.33391818404197693,0.3319222331047058,0.858749508857727
46.42352710000705,-0.3125982880592346,0.7639406323432922,0.06708762794733047,0.20192702114582062,0.3336503803730011,0.33231061697006226,0.8587622046470642
46.42780020000646,-0.3126540184020996,0.764056384563446,0.06711571663618088,0.20112831890583038,0.33316439390182495,0.3331453800201416,0.8588149547576904
46.43228850000014,-0.3127168118953705,0.7641619443893433,0.06713178008794785,0.20068135857582092,0.33292585611343384,0.3336169421672821,0.8588289022445679
46.43600190000143,-0.31278130412101746,0.7642666697502136,0.06712421029806137,0.20031218230724335,0.3328448534011841,0.33373987674713135,0.8588987588882446
46.44256029999815,-0.31284967064857483,0.764380693435669,0.0671423077583313,0.19959381222724915,0.3325783312320709,0.33410584926605225,0.8590269088745117
46.4464619000064,-0.3129359185695648,0.7645041942596436,0.06715210527181625,0.19879873096942902,0.33226478099823,0.33494603633880615,0.8590054512023926
46.45015830000921,-0.31301578879356384,0.7646368145942688,0.06716542690992355,0.19834032654762268,0.33191853761672974,0.3352622389793396,0.8591219186782837
46.454723400005605,-0.3131047487258911,0.7647632360458374,0.06716881692409515,0.19765035808086395,0.33163508772850037,0.33564281463623047,0.859241783618927
46.4585223000031,-0.31317561864852905,0.7648826241493225,0.06718357652425766,0.19705921411514282,0.33136504888534546,0.3360040783882141,0.859340488910675
46.46219010000641,-0.3132651150226593,0.765023410320282,0.06722287088632584,0.19679617881774902,0.33126333355903625,0.3362770974636078,0.8593332171440125
46.46560330000648,-0.3133285939693451,0.7651546001434326,0.0672573521733284,0.196593776345253,0.33114227652549744,0.3362524211406708,0.8594358563423157
46.4692117000086,-0.31337878108024597,0.7652865052223206,0.06728091090917587,0.19649943709373474,0.3308415710926056,0.3364303410053253,0.8595035672187805
46.47369199999957,-0.3134327232837677,0.7654445171356201,0.06733380258083344,0.19682222604751587,0.33079907298088074,0.3361513614654541,0.8595553040504456
46.47759190000943,-0.31349149346351624,0.7655842900276184,0.06737598776817322,0.196388840675354,0.3307000398635864,0.3361307382583618,0.8597005605697632
46.48240720000467,-0.31355011463165283,0.765709400177002,0.06740207970142365,0.19648289680480957,0.3308446407318115,0.33553022146224976,0.8598580360412598
46.48590610000247,-0.3136006295681,0.7658374905586243,0.06742636114358902,0.19618186354637146,0.3307816684246063,0.3353981077671051,0.8600025177001953
46.490270200010855,-0.31364941596984863,0.7659770846366882,0.06744536012411118,0.19606974720954895,0.33073440194129944,0.335225909948349,0.8601133227348328
46.494366300001275,-0.3137061297893524,0.7661187648773193,0.06746188551187515,0.1955622136592865,0.3305445909500122,0.3354361355304718,0.8602198958396912
46.498351100002765,-0.3137733042240143,0.7662637233734131,0.06748013198375702,0.19530442357063293,0.3303762674331665,0.3353956937789917,0.8603589534759521
46.502765199998976,-0.31384071707725525,0.7664318680763245,0.06747899949550629,0.19446846842765808,0.33031052350997925,0.3357333242893219,0.8604418039321899
46.50734029999876,-0.31391143798828125,0.7666000127792358,0.06748373061418533,0.19382762908935547,0.33015984296798706,0.33588236570358276,0.8605860471725464
46.51147160000983,-0.31401413679122925,0.766754150390625,0.06749527901411057,0.19295290112495422,0.32948917150497437,0.33662956953048706,0.8607476949691772
46.515277700003935,-0.3141014575958252,0.7669243812561035,0.06749854981899261,0.1924298256635666,0.3291952908039093,0.3368914723396301,0.8608747720718384
46.51930430000357,-0.31419992446899414,0.7671059966087341,0.06752382218837738,0.19179128110408783,0.32914185523986816,0.3373408913612366,0.8608617782592773
46.52401790001022,-0.3143050968647003,0.7672706246376038,0.06751372665166855,0.19151794910430908,0.32893267273902893,0.33718740940093994,0.8610625863075256
46.527851100006956,-0.31442806124687195,0.7674530148506165,0.06752008199691772,0.1917746663093567,0.3285336494445801,0.3377283811569214,0.8609457612037659
46.53182090001064,-0.31454214453697205,0.7676337361335754,0.0675492137670517,0.1909594088792801,0.32809683680534363,0.33835241198539734,0.8610485792160034
46.536479000002146,-0.31464704871177673,0.7678239941596985,0.06757821142673492,0.19085252285003662,0.32793813943862915,0.33820831775665283,0.8611893057823181
46.540142800004105,-0.3147599995136261,0.767997145652771,0.06758810579776764,0.19036543369293213,0.3279735743999481,0.33791399002075195,0.861399233341217
46.54433720000088,-0.31488412618637085,0.7681900262832642,0.06763114780187607,0.19043172895908356,0.32805579900741577,0.3377993106842041,0.8613981604576111
46.54846460001136,-0.3149827718734741,0.7683954238891602,0.06767190247774124,0.1904538869857788,0.3276151418685913,0.3377686142921448,0.8615729808807373
46.55266850000771,-0.3151138126850128,0.76859450340271,0.06769382208585739,0.18990442156791687,0.3274313807487488,0.3379472494125366,0.8616940379142761
46.556959000008646,-0.3152465224266052,0.7687806487083435,0.0677090734243393,0.18946407735347748,0.32714760303497314,0.337483674287796,0.8620803952217102
46.561073400007444,-0.31537455320358276,0.7690019011497498,0.06773465871810913,0.18859301507472992,0.3268164396286011,0.3375869691371918,0.8623564839363098
46.56540780000796,-0.3155252933502197,0.7692410945892334,0.06775379925966263,0.18767258524894714,0.3260267674922943,0.3379357159137726,0.8627195954322815
46.571114800011856,-0.31568118929862976,0.7694847583770752,0.06778404861688614,0.1865263432264328,0.32545024156570435,0.33836057782173157,0.8630192279815674
46.5754719000106,-0.31583449244499207,0.7697191834449768,0.0678127259016037,0.186129629611969,0.32507094740867615,0.3385222554206848,0.8631844520568848
46.57956530000956,-0.31598949432373047,0.7699642181396484,0.06784724444150925,0.18587440252304077,0.32473674416542053,0.3390422463417053,0.8631610870361328
46.5844158000109,-0.31614813208580017,0.7701846957206726,0.0678911954164505,0.1858493983745575,0.3245198130607605,0.33887431025505066,0.8633140921592712
46.588510700006736,-0.3163006007671356,0.7704256176948547,0.06793659925460815,0.18550625443458557,0.32423466444015503,0.33874067664146423,0.8635473847389221
46.59202200001164,-0.3164529800415039,0.770652711391449,0.06798878312110901,0.1849520057439804,0.32385703921318054,0.3388631343841553,0.8637598752975464
46.596090400009416,-0.31660324335098267,0.770900547504425,0.06803392618894577,0.18490029871463776,0.3237476944923401,0.33790671825408936,0.8641865849494934
46.6003994000057,-0.316780686378479,0.7711517214775085,0.06804199516773224,0.18489928543567657,0.323493093252182,0.3372535705566406,0.864537239074707
46.604356499999994,-0.31698569655418396,0.771409273147583,0.06811133027076721,0.18414509296417236,0.3226900100708008,0.3372693955898285,0.8649919629096985
46.607884000011836,-0.3172140419483185,0.7716941237449646,0.0681510716676712,0.18332388997077942,0.3224368095397949,0.33785131573677063,0.8650336861610413
46.61145090000355,-0.31744247674942017,0.7719395756721497,0.0681377574801445,0.1824757158756256,0.32180991768836975,0.33843860030174255,0.8652169704437256
46.615603199999896,-0.3176422715187073,0.7722153067588806,0.06814202666282654,0.18166211247444153,0.32148995995521545,0.339293509721756,0.865172266960144
46.61990820000938,-0.31785112619400024,0.772495448589325,0.06817959994077682,0.1807507872581482,0.32070064544677734,0.33997011184692383,0.8653903603553772
46.62340110000514,-0.318042129278183,0.7727636098861694,0.06819918006658554,0.18048936128616333,0.32046428322792053,0.340036004781723,0.865506649017334
46.62822420000157,-0.3182622492313385,0.7730541229248047,0.06825470179319382,0.179949551820755,0.32023364305496216,0.3395962417125702,0.8658770322799683
46.63204750001023,-0.31849405169487,0.7733563780784607,0.06829042732715607,0.17905837297439575,0.319517582654953,0.33987191319465637,0.8662180304527283
46.636464100010926,-0.3187430799007416,0.7736726403236389,0.06832458823919296,0.17910157144069672,0.31907710433006287,0.33918818831443787,0.8666393756866455
46.64045810000971,-0.31900694966316223,0.7739759087562561,0.06837966293096542,0.1787104308605194,0.3187299072742462,0.3395158052444458,0.8667196035385132
46.64551930000016,-0.3192763328552246,0.7743158936500549,0.06842368841171265,0.1775718629360199,0.3184549808502197,0.3402067720890045,0.8667837381362915
46.64964650000911,-0.3195434808731079,0.7746371626853943,0.06845115125179291,0.1766289323568344,0.31796637177467346,0.34050676226615906,0.8670379519462585
46.654169600005844,-0.31980758905410767,0.7749460935592651,0.06848307698965073,0.1760111004114151,0.31734776496887207,0.3405890464782715,0.8673578500747681
46.65767929999856,-0.3200807273387909,0.7752454876899719,0.06849421560764313,0.17560355365276337,0.3158279061317444,0.34131094813346863,0.8677113652229309
46.66141580000112,-0.320352703332901,0.7755597233772278,0.06850928068161011,0.17531928420066833,0.3148365020751953,0.34154003858566284,0.8680388927459717
46.66504960000748,-0.320609450340271,0.7758886814117432,0.06854233145713806,0.17458659410476685,0.31423795223236084,0.3414417803287506,0.8684419989585876
46.669287800003076,-0.3208765685558319,0.7762386798858643,0.06860654056072235,0.17442616820335388,0.31416621804237366,0.34099727869033813,0.8686748743057251
46.673711399998865,-0.32115259766578674,0.7766291499137878,0.0686802789568901,0.17348861694335938,0.3139212429523468,0.34072345495224,0.8690584897994995
46.678091200010385,-0.3214644193649292,0.7770036458969116,0.06870952248573303,0.1716158092021942,0.31386497616767883,0.34097933769226074,0.869350254535675
46.68374290000065,-0.3217962682247162,0.7773149013519287,0.06874103099107742,0.17109565436840057,0.3134187161922455,0.339861124753952,0.8700514435768127
46.687673899999936,-0.3220759928226471,0.7776363492012024,0.0688004419207573,0.17058037221431732,0.31270110607147217,0.3401485085487366,0.870298445224762
46.69195400000899,-0.3223670423030853,0.7779814600944519,0.06888379901647568,0.17049367725849152,0.31196078658103943,0.33996301889419556,0.870653510093689
46.69602270000905,-0.32268908619880676,0.7783406972885132,0.06892003864049911,0.16996131837368011,0.31053003668785095,0.3417702913284302,0.8705615401268005
46.70006230000581,-0.3229875862598419,0.778688907623291,0.06899411231279373,0.16935744881629944,0.31003129482269287,0.34222301840782166,0.8706790804862976
46.704294200011645,-0.3233049511909485,0.7790341973304749,0.06906132400035858,0.1688546985387802,0.30915048718452454,0.3422722816467285,0.8710705637931824
46.70829580001009,-0.3236743211746216,0.7794139981269836,0.06910739839076996,0.16868549585342407,0.30957910418510437,0.3407829999923706,0.8715349435806274
46.71183440000459,-0.32400113344192505,0.779762327671051,0.06920485198497772,0.1675393432378769,0.3092948794364929,0.3403509557247162,0.8720254898071289
46.71522530000948,-0.32433846592903137,0.7801165580749512,0.06929046660661697,0.16705472767353058,0.308938592672348,0.33986708521842957,0.8724334239959717
46.71951760000957,-0.32466810941696167,0.7804620862007141,0.0693684071302414,0.16622112691402435,0.3085813522338867,0.3404137194156647,0.8725059628486633
46.72371560000465,-0.3250598609447479,0.7808301448822021,0.06942029297351837,0.16616138815879822,0.3076901435852051,0.3404228389263153,0.8728284239768982
46.727774800005136,-0.32544660568237305,0.7811723947525024,0.06944595277309418,0.16641303896903992,0.30658644437789917,0.3407876491546631,0.8730264902114868
46.73187090001011,-0.3258451223373413,0.7815166115760803,0.06950369477272034,0.16582417488098145,0.30564960837364197,0.3413200378417969,0.8732590079307556
46.73595870001009,-0.32621490955352783,0.7819463014602661,0.06960755586624146,0.16500043869018555,0.305841326713562,0.3396191895008087,0.8740107417106628
46.74010950000957,-0.326602041721344,0.7823770046234131,0.06971628218889236,0.1641002595424652,0.30508968234062195,0.34006109833717346,0.874271035194397
46.744129800004885,-0.3270101249217987,0.7827355265617371,0.06975320726633072,0.16391567885875702,0.3046262562274933,0.33996886014938354,0.8745030760765076
46.74824690000969,-0.3274288475513458,0.7831289172172546,0.06981562077999115,0.16292470693588257,0.304179310798645,0.33978956937789917,0.8749134540557861
46.75247550000495,-0.32787084579467773,0.7835096716880798,0.06985437870025635,0.162229984998703,0.3041563034057617,0.33978644013404846,0.875051736831665
46.756910000010976,-0.32833126187324524,0.783891499042511,0.06990045309066772,0.1622355580329895,0.30230191349983215,0.3406819701194763,0.8753450512886047
46.761103800003184,-0.32879671454429626,0.7843324542045593,0.06997326761484146,0.16152222454547882,0.30129948258399963,0.34121549129486084,0.8756148219108582
46.76551959999779,-0.329243928194046,0.7847821712493896,0.07007929682731628,0.16119034588336945,0.301297664642334,0.3394619822502136,0.8763578534126282
46.76947110000765,-0.3296746611595154,0.7851820588111877,0.07020746916532516,0.16043448448181152,0.3008987605571747,0.3393890857696533,0.8766617774963379
46.773722400001134,-0.3301680386066437,0.7855782508850098,0.07028067111968994,0.15927614271640778,0.30001214146614075,0.3403330147266388,0.8768108487129211
46.77753110000049,-0.33067449927330017,0.7859703898429871,0.07031634449958801,0.15914389491081238,0.299356609582901,0.3398008346557617,0.877265214920044
46.78166350000538,-0.33118242025375366,0.7863417267799377,0.07033584266901016,0.15854181349277496,0.29832723736763,0.3403618633747101,0.8775073885917664
46.785938500004704,-0.3316485583782196,0.786770224571228,0.07044433802366257,0.15753811597824097,0.29749348759651184,0.3411320447921753,0.8776720762252808
46.79000810001162,-0.33216941356658936,0.7872369885444641,0.07056748867034912,0.1576823741197586,0.2975105047225952,0.3397009074687958,0.8781953454017639
46.79404280000017,-0.33266711235046387,0.7876688241958618,0.07066360116004944,0.15690593421459198,0.2965348958969116,0.33971479535102844,0.8786588907241821
46.798704600005294,-0.33318042755126953,0.7881051301956177,0.07074406743049622,0.1559050977230072,0.29562461376190186,0.33925673365592957,0.8793205618858337
46.802797800002736,-0.3336902856826782,0.7885053157806396,0.07079166173934937,0.15460914373397827,0.29491880536079407,0.33959120512008667,0.8796572685241699
46.806873000008636,-0.3342267572879791,0.7888974547386169,0.07085848599672318,0.1542602777481079,0.2945288121700287,0.3394612669944763,0.8798992037773132
46.81101540000236,-0.33474546670913696,0.7893590331077576,0.0709640234708786,0.1539299339056015,0.2942539155483246,0.33923378586769104,0.8801367282867432
46.81518610000785,-0.33527320623397827,0.7898713946342468,0.07108737528324127,0.1533888727426529,0.2936873733997345,0.3380230963230133,0.8808859586715698
46.81919380000909,-0.33576518297195435,0.7903085947036743,0.07115069776773453,0.15260548889636993,0.29284918308258057,0.33782219886779785,0.8813779354095459
46.82334260000789,-0.3362829089164734,0.7907137274742126,0.0712217167019844,0.1525067687034607,0.29218927025794983,0.33747267723083496,0.881747841835022
46.82799970000633,-0.33685505390167236,0.791133463382721,0.07131229341030121,0.15178948640823364,0.2912306487560272,0.338394433259964,0.8818355798721313
46.83186960000603,-0.3374249339103699,0.7915599942207336,0.0713868960738182,0.15118101239204407,0.290556937456131,0.33810845017433167,0.882271945476532
46.83587460000126,-0.33793914318084717,0.7919985055923462,0.07149604707956314,0.150466650724411,0.29066067934036255,0.3370968997478485,0.8827467560768127
46.8399594000075,-0.3384515941143036,0.7924329042434692,0.0715799331665039,0.15042686462402344,0.2905783951282501,0.33616170287132263,0.8831371665000916
46.84411590000673,-0.33904433250427246,0.7928804159164429,0.07164215296506882,0.14962615072727203,0.28913557529449463,0.3367733657360077,0.8835137486457825
46.848400100003346,-0.33962857723236084,0.7932950854301453,0.07171434164047241,0.14930012822151184,0.28834104537963867,0.33708736300468445,0.883708655834198
46.85248870000942,-0.34015634655952454,0.7936655282974243,0.07178226858377457,0.14902514219284058,0.28864172101020813,0.3357901871204376,0.8841507434844971
46.856828400006634,-0.34074488282203674,0.7940778136253357,0.07186450064182281,0.14765027165412903,0.2882443070411682,0.3360687792301178,0.8844051957130432
46.86100430000806,-0.34128281474113464,0.7944819331169128,0.07193310558795929,0.14704987406730652,0.2875543534755707,0.3362833559513092,0.8846481442451477
46.86460590000206,-0.34128281474113464,0.7944819331169128,0.07193310558795929,0.14704987406730652,0.2875543534755707,0.3362833559513092,0.8846481442451477
46.869349900007364,-0.3424684703350067,0.7953516244888306,0.07205671072006226,0.14650759100914001,0.28609463572502136,0.3353833854198456,0.8855526447296143
46.87349389999872,-0.3430483043193817,0.7957574725151062,0.0721077024936676,0.14581388235092163,0.28597646951675415,0.33581453561782837,0.8855418562889099
46.87767149999854,-0.3436106741428375,0.7961496114730835,0.07217221707105637,0.14567512273788452,0.285737544298172,0.33527395129203796,0.8858466148376465
46.882071600004565,-0.344215452671051,0.796527624130249,0.07221905887126923,0.1448761224746704,0.28375205397605896,0.3368457853794098,0.8860195875167847
46.88662109999859,-0.34480342268943787,0.7969114184379578,0.0722946748137474,0.14416258037090302,0.2829274833202362,0.3365287482738495,0.8865200281143188
46.89033210001071,-0.3453996479511261,0.7972983717918396,0.07240689545869827,0.14407332241535187,0.28377410769462585,0.3352566361427307,0.8867458701133728
46.89421199999924,-0.34597069025039673,0.797713577747345,0.0724719762802124,0.14315225183963776,0.2834715247154236,0.3344355821609497,0.8873016238212585
46.89833229999931,-0.34658095240592957,0.7981482148170471,0.07252074033021927,0.14274798333644867,0.28238847851753235,0.335073858499527,0.8874712586402893
46.90266980000888,-0.34719082713127136,0.7985230088233948,0.07257318496704102,0.14358742535114288,0.2815057635307312,0.3351970911026001,0.8875697255134583
46.906740300008096,-0.3477749228477478,0.7989072203636169,0.0726466029882431,0.14251288771629333,0.2808144688606262,0.33498817682266235,0.8880407214164734
46.91296320001129,-0.3483458161354065,0.7993070483207703,0.07270621508359909,0.14156852662563324,0.2803279757499695,0.33522525429725647,0.8882560133934021
46.916906300000846,-0.3489496409893036,0.7997027635574341,0.07272772490978241,0.14069053530693054,0.2803443670272827,0.3347111642360687,0.8885840773582458
46.92112170001201,-0.34955930709838867,0.8001190423965454,0.07275690138339996,0.1402723640203476,0.2798035144805908,0.33400535583496094,0.8890861868858337
46.92529710000963,-0.3501270115375519,0.800559937953949,0.07283034920692444,0.14034976065158844,0.279634952545166,0.3324720561504364,0.8897014260292053
46.929260800010525,-0.35069307684898376,0.8010069131851196,0.07288039475679398,0.13890308141708374,0.27907344698905945,0.3331063687801361,0.8898674845695496
46.93309620000946,-0.3513089120388031,0.8014084100723267,0.07290687412023544,0.1389935463666916,0.27882125973701477,0.33251574635505676,0.8901532292366028
46.93681720001041,-0.3519256114959717,0.8017978668212891,0.07290160655975342,0.13786447048187256,0.2780384421348572,0.3333689570426941,0.890254557132721
46.94058180000866,-0.35249191522598267,0.8022117614746094,0.07294654101133347,0.1371251344680786,0.2777504622936249,0.3328823745250702,0.8906406164169312
46.944257200011634,-0.353096604347229,0.8027013540267944,0.07303532212972641,0.13638588786125183,0.2774524688720703,0.3315402865409851,0.891347348690033
46.94847390000359,-0.353717178106308,0.803125262260437,0.07306703925132751,0.13627323508262634,0.27785807847976685,0.3302688002586365,0.8917101621627808
46.952705800009426,-0.3543109893798828,0.8035091757774353,0.07309000194072723,0.13561783730983734,0.2774377465248108,0.33011025190353394,0.8919996023178101
46.95670560000872,-0.3549385666847229,0.8039241433143616,0.07310925424098969,0.13512858748435974,0.2765860855579376,0.33008724451065063,0.8923467993736267
46.960920000012266,-0.3555505871772766,0.8043450117111206,0.07319433987140656,0.13558559119701385,0.27647584676742554,0.329539954662323,0.8925139307975769
46.965320600007544,-0.3561425507068634,0.8047524690628052,0.07325192540884018,0.13395820558071136,0.27591997385025024,0.32999709248542786,0.8927628397941589
46.96929530000489,-0.35679763555526733,0.8051397204399109,0.07324551045894623,0.1328241229057312,0.27555277943611145,0.32925182580947876,0.8933206796646118
46.97356280000531,-0.35742396116256714,0.8055446743965149,0.07325536757707596,0.13214468955993652,0.27556174993515015,0.32791849970817566,0.8939088582992554
46.97769369999878,-0.3580627739429474,0.8059466481208801,0.0733218565583229,0.132094606757164,0.2754245400428772,0.32801225781440735,0.8939241170883179
46.98193410001113,-0.35869890451431274,0.8063214421272278,0.0733683779835701,0.13168327510356903,0.2742457687854767,0.32806333899497986,0.8943284153938293
46.98608280000917,-0.35933518409729004,0.8066631555557251,0.07334298640489578,0.13071909546852112,0.27373433113098145,0.3280811011791229,0.8946199417114258
46.99012670000957,-0.3599838614463806,0.8070726990699768,0.07336358726024628,0.1296931803226471,0.27374860644340515,0.329375684261322,0.8942891359329224
46.99430850001227,-0.36063918471336365,0.807492196559906,0.07343242317438126,0.1288507878780365,0.2731017768383026,0.3284887969493866,0.8949347138404846
46.998475600004895,-0.36124834418296814,0.8078899383544922,0.07347283512353897,0.12924882769584656,0.2730226516723633,0.3266032636165619,0.8955913186073303
47.00283730000956,-0.3618850111961365,0.8082473874092102,0.07349148392677307,0.1285010129213333,0.2723069489002228,0.3271210789680481,0.8957277536392212
47.00723010000365,-0.3625803589820862,0.8086164593696594,0.07352977991104126,0.12769170105457306,0.27205121517181396,0.3273278772830963,0.8958456516265869
47.01119489999837,-0.3625803589820862,0.8086164593696594,0.07352977991104126,0.12769170105457306,0.27205121517181396,0.3273278772830963,0.8958456516265869
47.01559360000829,-0.36384302377700806,0.8093507885932922,0.07362126559019089,0.12739960849285126,0.2709929645061493,0.32647863030433655,0.8965176343917847
47.02097160000994,-0.36452463269233704,0.8096969127655029,0.07361390441656113,0.12624391913414001,0.2696293592453003,0.3282579481601715,0.8964425921440125
47.02521250001155,-0.3651798367500305,0.8100857734680176,0.07363871484994888,0.1250418871641159,0.2692468464374542,0.32861554622650146,0.8965949416160583
47.02957860000606,-0.3658238351345062,0.8104509711265564,0.0736740455031395,0.1253466010093689,0.2695316970348358,0.3261663615703583,0.8973608016967773
47.03350770000543,-0.36644530296325684,0.8107763528823853,0.07369163632392883,0.1247338131070137,0.2689347267150879,0.32628104090690613,0.8975836038589478
47.03789440001128,-0.3670983910560608,0.8111348152160645,0.07369855046272278,0.12458372116088867,0.2685723304748535,0.32567593455314636,0.8979326486587524
47.041959499998484,-0.3677251935005188,0.811495304107666,0.07373736053705215,0.12295054644346237,0.267170250415802,0.3273492753505707,0.8979675769805908
47.04627060001076,-0.36835595965385437,0.8118279576301575,0.07377427071332932,0.12257549166679382,0.2671056389808655,0.32671988010406494,0.8982672691345215
47.050771900001564,-0.36900395154953003,0.8121681213378906,0.07377214729785919,0.12193362414836884,0.2665174603462219,0.327535480260849,0.8982322216033936
47.05440059999819,-0.3696289360523224,0.8125026822090149,0.07378068566322327,0.12151769548654556,0.2652851939201355,0.32734110951423645,0.8987241387367249
47.05867520000902,-0.3702508807182312,0.8128835558891296,0.07383176684379578,0.12107452750205994,0.2652662694454193,0.3265187442302704,0.8990885615348816
47.06273990000773,-0.3709023892879486,0.8132071495056152,0.07385618984699249,0.12092499434947968,0.26563188433647156,0.32615670561790466,0.899132251739502
47.06650310000987,-0.371555894613266,0.8134987950325012,0.07383009791374207,0.12051932513713837,0.2644609212875366,0.32550954818725586,0.8997660875320435
47.07005070000014,-0.372152179479599,0.8138032555580139,0.0738496258854866,0.1203552782535553,0.2640185058116913,0.3245942294597626,0.9002485871315002
47.07381980000355,-0.37279361486434937,0.8141255974769592,0.07385990023612976,0.11881104111671448,0.2637019157409668,0.3259800672531128,0.9000457525253296
47.07873220001056,-0.3734247088432312,0.8144705891609192,0.07385306060314178,0.11791034042835236,0.26303377747535706,0.325508177280426,0.9005302786827087
47.08221560000675,-0.374040812253952,0.81474369764328,0.0738326832652092,0.11819512397050858,0.26192981004714966,0.32540398836135864,0.9008523225784302
47.08608590000949,-0.37463080883026123,0.8150601387023926,0.07386529445648193,0.11790124326944351,0.261354923248291,0.32533204555511475,0.901083767414093
47.09041299999808,-0.37527352571487427,0.8153886795043945,0.07386423647403717,0.1176232248544693,0.2617197334766388,0.3239676058292389,0.9015057682991028
47.09470040000451,-0.375864714384079,0.8156919479370117,0.07385016977787018,0.11697521805763245,0.26147401332855225,0.3233601152896881,0.9018793702125549
47.09860870000557,-0.3764769732952118,0.8159273266792297,0.07383918017148972,0.11735489219427109,0.2608702778816223,0.322878897190094,0.9021772146224976
47.10255340000731,-0.37709301710128784,0.8162171840667725,0.07383276522159576,0.11663415282964706,0.2606252431869507,0.3223995268344879,0.9025128483772278
47.10733369999798,-0.3777179718017578,0.816510021686554,0.07376410067081451,0.11587020009756088,0.26020413637161255,0.32332974672317505,0.9024000763893127
47.11088930000551,-0.37830573320388794,0.8167728185653687,0.07371919602155685,0.11507833003997803,0.2593644857406616,0.3244693875312805,0.9023340344429016
47.115066500002285,-0.37891873717308044,0.8170329332351685,0.07371053844690323,0.11497140675783157,0.25899723172187805,0.32290980219841003,0.9030123949050903
47.11938499999815,-0.37954071164131165,0.8173062801361084,0.07368636131286621,0.11440663784742355,0.2587761878967285,0.32332566380500793,0.9029986262321472
47.12345369999821,-0.3801361322402954,0.8176189661026001,0.07363977283239365,0.11475653201341629,0.25899291038513184,0.32197487354278564,0.9033746123313904
47.12758780000149,-0.38075289130210876,0.817843496799469,0.07355710864067078,0.11459671705961227,0.2579704225063324,0.3219417333602905,0.9036993384361267
47.13176689999818,-0.38132134079933167,0.8180964589118958,0.07354334741830826,0.1142902821302414,0.25745898485183716,0.3221692740917206,0.9038028120994568
47.13617300000624,-0.38195160031318665,0.8183481097221375,0.07350442558526993,0.11435151100158691,0.2572322487831116,0.3227604925632477,0.9036487340927124
47.14057319999847,-0.3825545310974121,0.8185915350914001,0.07345669716596603,0.11288819462060928,0.2567518353462219,0.3221367299556732,0.9041917324066162
47.14507230000163,-0.3831625282764435,0.8187993168830872,0.07334128767251968,0.11233415454626083,0.2560497522354126,0.3223804235458374,0.904373049736023
47.14882880001096,-0.3837386667728424,0.8190593719482422,0.07327743619680405,0.112089604139328,0.2561188340187073,0.32305511832237244,0.9041429758071899
47.156369000003906,-0.3849376142024994,0.8195282220840454,0.07314740866422653,0.1108456626534462,0.2546291649341583,0.32158899307250977,0.9052391052246094
47.16080260000308,-0.3855057954788208,0.8197832107543945,0.07308390736579895,0.11103477329015732,0.25470975041389465,0.32075753808021545,0.905488133430481
47.165154000002076,-0.3861151933670044,0.8200682997703552,0.07304029911756516,0.11076410859823227,0.2539762854576111,0.32185670733451843,0.9053372740745544
47.16933270001027,-0.3866710066795349,0.8203092217445374,0.0729740783572197,0.11106231808662415,0.25305187702178955,0.32137948274612427,0.9057290554046631
47.17335460000322,-0.3872753381729126,0.8205103278160095,0.07283427566289902,0.11070920526981354,0.2523561716079712,0.3210521340370178,0.9060823917388916
47.177431600008276,-0.3878457546234131,0.8207575082778931,0.07277245819568634,0.10996488481760025,0.2526802718639374,0.3206334114074707,0.9062309861183167
47.18202240001119,-0.38842302560806274,0.8209879398345947,0.07268420606851578,0.10967036336660385,0.2527870237827301,0.32025256752967834,0.9063715934753418
47.18606200000795,-0.38897237181663513,0.821223795413971,0.07261328399181366,0.10909806936979294,0.25220969319343567,0.3203636109828949,0.9065622091293335
47.191193000006024,-0.3895871043205261,0.8214584589004517,0.07252868264913559,0.10856655985116959,0.2513251304626465,0.3202055096626282,0.9069275259971619
47.194666600000346,-0.3901512026786804,0.8216889500617981,0.07244492322206497,0.10737548768520355,0.25104406476020813,0.3202816843986511,0.9071201682090759
47.19851000000199,-0.3907054364681244,0.821918785572052,0.07233937829732895,0.1080591231584549,0.25114431977272034,0.3193095028400421,0.907353937625885
47.202595399998245,-0.391294002532959,0.8221213221549988,0.07221346348524094,0.10855622589588165,0.24998368322849274,0.3196287453174591,0.9075027704238892
47.206709899997804,-0.3918774425983429,0.8223633766174316,0.07213141769170761,0.10873857885599136,0.24950717389583588,0.3190456032752991,0.9078172445297241
47.21113320000586,-0.3924572467803955,0.8225853443145752,0.07202279567718506,0.10782990604639053,0.24957969784736633,0.3192800283432007,0.9078232049942017
47.21546730000409,-0.39298996329307556,0.822772204875946,0.07195190340280533,0.10748596489429474,0.2490791380405426,0.3191501200199127,0.9080471992492676
47.219231399998534,-0.393577516078949,0.8229907751083374,0.07184003293514252,0.10711158812046051,0.2483239620923996,0.3192248046398163,0.9082719683647156
47.2234380000009,-0.3941415250301361,0.8232144713401794,0.07174501568078995,0.10572660714387894,0.2477760761976242,0.3193449079990387,0.9085416197776794
47.22766370000318,-0.3947147727012634,0.8234371542930603,0.07165564596652985,0.10511161386966705,0.24757617712020874,0.3200405538082123,0.9084226489067078
47.23183480001171,-0.39528581500053406,0.8236520290374756,0.07155716419219971,0.10581579059362411,0.2468879669904709,0.319539874792099,0.9087043404579163
47.23675450000155,-0.3958489000797272,0.8238638043403625,0.07145418226718903,0.1052166000008583,0.2460414618253708,0.31967365741729736,0.9089564085006714
47.240382900010445,-0.39641430974006653,0.824080228805542,0.0713614895939827,0.10528308898210526,0.24611498415470123,0.3180406093597412,0.9095014929771423
47.244981600000756,-0.39700114727020264,0.8242871761322021,0.0712733343243599,0.10479671508073807,0.24614395201206207,0.3181520998477936,0.9095108509063721
47.248531300007016,-0.39760854840278625,0.8244994282722473,0.0711674690246582,0.10434460639953613,0.24469414353370667,0.3189692795276642,0.9096679091453552
47.25270389999787,-0.3981429636478424,0.8247058987617493,0.0710809975862503,0.10412546992301941,0.2442941665649414,0.3183996379375458,0.9099999666213989
47.25754260001122,-0.3986761271953583,0.8249177932739258,0.07096244394779205,0.10379840433597565,0.24428009986877441,0.31751346588134766,0.9103507399559021
47.26133120000304,-0.39933982491493225,0.8251209259033203,0.07085085660219193,0.10241401940584183,0.24320179224014282,0.3183085024356842,0.9105185866355896
47.265234000005876,-0.3998976945877075,0.8253073692321777,0.07075062394142151,0.10141677409410477,0.2417764663696289,0.31996047496795654,0.9104307889938354
47.27306010000757,-0.40096160769462585,0.8256672620773315,0.0705491155385971,0.10062464326620102,0.24086475372314453,0.31974297761917114,0.9108365774154663
47.27784239999892,-0.40159985423088074,0.8258571028709412,0.07042549550533295,0.09982863068580627,0.2394462376832962,0.3206542134284973,0.9109779000282288
47.281783400001586,-0.40211933851242065,0.8260335326194763,0.07035128772258759,0.0996139645576477,0.2388562560081482,0.32058215141296387,0.9111815690994263
47.28597000001173,-0.4026349186897278,0.8262389302253723,0.07025459408760071,0.09939713031053543,0.2388397753238678,0.3190038800239563,0.9117633104324341
47.290285900002345,-0.40324103832244873,0.8264029622077942,0.07013428956270218,0.09947331994771957,0.23832933604717255,0.318703293800354,0.911993682384491
47.29428890001145,-0.40383365750312805,0.8265637755393982,0.07001914829015732,0.09915436059236526,0.23796024918556213,0.319074422121048,0.9119950532913208
47.29832990000432,-0.4043472409248352,0.8267539739608765,0.06992528587579727,0.09883558750152588,0.2372991293668747,0.3184521496295929,0.9124191999435425
47.3024596000032,-0.40487954020500183,0.8269585967063904,0.06982994079589844,0.09810464829206467,0.23658084869384766,0.31812921166419983,0.912797212600708
47.30671450000955,-0.4054499566555023,0.8271170854568481,0.06970835477113724,0.09849190711975098,0.2361488789319992,0.3181997537612915,0.9128428101539612
47.31074690000969,-0.4060158133506775,0.8272908329963684,0.06960280984640121,0.09822824597358704,0.23561261594295502,0.3195255994796753,0.912546694278717
47.315017600005376,-0.4065622389316559,0.8274821639060974,0.06950904428958893,0.09728284925222397,0.23424507677555084,0.3204389214515686,0.9126796722412109
47.319591500010574,-0.40709635615348816,0.8276523947715759,0.06942765414714813,0.09686127305030823,0.2331543117761612,0.32018405199050903,0.9130931496620178
47.32369230000768,-0.4076237678527832,0.8277971148490906,0.06930629909038544,0.09653089195489883,0.23308095335960388,0.3203083574771881,0.9131033420562744
47.32766180000908,-0.40815457701683044,0.8279779553413391,0.06918520480394363,0.09652876853942871,0.23331132531166077,0.32006996870040894,0.9131282567977905
47.331680300005246,-0.40869849920272827,0.8281424045562744,0.06907974928617477,0.09636078774929047,0.23264674842357635,0.3190610408782959,0.9136685132980347
47.33587660000194,-0.40920618176460266,0.8283392786979675,0.06898344308137894,0.0965462327003479,0.232229545712471,0.3180285692214966,0.9141149520874023
47.34001280000666,-0.40969836711883545,0.8285214900970459,0.06888223439455032,0.0963406190276146,0.23207372426986694,0.3178848624229431,0.914226233959198
47.3442531000037,-0.4102332293987274,0.8286925554275513,0.06874334067106247,0.09654033929109573,0.23250240087509155,0.31715843081474304,0.9143484830856323
47.34848040000361,-0.4107062816619873,0.8288918137550354,0.06865578889846802,0.09590531140565872,0.23161348700523376,0.3170081079006195,0.9146929383277893
47.35276690000319,-0.41119712591171265,0.829096257686615,0.06858544796705246,0.09551555663347244,0.23072600364685059,0.3166802227497101,0.9150715470314026
47.356973100002506,-0.41173213720321655,0.8292788863182068,0.06848748028278351,0.09490814059972763,0.23043659329414368,0.3166777491569519,0.9152085185050964
47.36112200000207,-0.4122411906719208,0.8294905424118042,0.06835238635540009,0.09459792822599411,0.22975678741931915,0.31742626428604126,0.9151523113250732
47.36552390000725,-0.41274502873420715,0.8296790719032288,0.06824047118425369,0.09429192543029785,0.2289355993270874,0.31819283962249756,0.915123462677002
47.37213430000702,-0.4131861627101898,0.8298400640487671,0.06816621124744415,0.09423216432332993,0.22843052446842194,0.31724634766578674,0.9155842661857605
47.37710940001125,-0.4142063558101654,0.8302229642868042,0.06792544573545456,0.09253378957509995,0.22741734981536865,0.3173319697380066,0.9159799814224243
47.38173629999801,-0.41470053791999817,0.8304168581962585,0.06781034916639328,0.09253690391778946,0.2277766764163971,0.31620892882347107,0.9162786602973938
47.38594610001019,-0.4151279628276825,0.8305962085723877,0.06772853434085846,0.09240125119686127,0.2274456024169922,0.3161558210849762,0.916392982006073
47.390150899998844,-0.41561490297317505,0.8307636976242065,0.06761006265878677,0.09134820848703384,0.2261180579662323,0.3167625963687897,0.9166175127029419
47.394229300000006,-0.41610148549079895,0.8309553861618042,0.06750167906284332,0.09056490659713745,0.22528474032878876,0.3163686990737915,0.9170364141464233
47.39839210000355,-0.4165489375591278,0.8311209082603455,0.06736309826374054,0.08996682614088058,0.2250344455242157,0.31648263335227966,0.9171174168586731
47.40248530000099,-0.4169963598251343,0.8313018083572388,0.0672733411192894,0.08967695385217667,0.2248435616493225,0.31747734546661377,0.9168486595153809
47.40675010000996,-0.4174320697784424,0.8314555883407593,0.06717497110366821,0.08932072669267654,0.22401390969753265,0.31819137930870056,0.916839063167572
47.41742379999778,-0.41836994886398315,0.8317736983299255,0.06691229343414307,0.08881545811891556,0.22179217636585236,0.3199482858181,0.9168168902397156
47.421361700005946,-0.4187786877155304,0.8319081664085388,0.06680639088153839,0.0883665606379509,0.22145019471645355,0.32001993060112,0.9169178605079651
47.42558530000679,-0.4191914200782776,0.8320492506027222,0.06672324240207672,0.08804215490818024,0.22125950455665588,0.32038554549217224,0.9168674349784851
47.429457200007164,-0.4196411967277527,0.8321879506111145,0.06663394719362259,0.08745783567428589,0.22029361128807068,0.32094481587409973,0.9169604182243347
47.4357527000102,-0.4205103814601898,0.8324984908103943,0.06645143777132034,0.08779685944318771,0.22035430371761322,0.31964176893234253,0.917368471622467
47.43986870000663,-0.4205103814601898,0.8324984908103943,0.06645143777132034,0.08779685944318771,0.22035430371761322,0.31964176893234253,0.917368471622467
47.44602460000897,-0.42132681608200073,0.8327746987342834,0.06622183322906494,0.0862574353814125,0.21928946673870087,0.3214399516582489,0.917141318321228
47.45325700000103,-0.4220929741859436,0.8330559730529785,0.06607190519571304,0.08526895195245743,0.21728603541851044,0.3222375214099884,0.9174306392669678
47.45814080000855,-0.4224470853805542,0.8331887722015381,0.06593955308198929,0.08497325330972672,0.2172037959098816,0.3222240209579468,0.917482316493988
47.46227830000862,-0.4228033125400543,0.8333419561386108,0.06585681438446045,0.08487143367528915,0.21710850298404694,0.3221127986907959,0.9175533056259155
47.46606070001144,-0.4231676757335663,0.8335019946098328,0.06574106961488724,0.08426393568515778,0.21636292338371277,0.32291948795318604,0.9175019264221191
47.469559600009234,-0.42354056239128113,0.8336457014083862,0.06563153862953186,0.08327431976795197,0.21556401252746582,0.32416602969169617,0.9173407554626465
47.473718699999154,-0.42388471961021423,0.8338215947151184,0.06553264707326889,0.08292576670646667,0.2149725705385208,0.3244166970252991,0.9174224138259888
47.47762740000326,-0.4242321252822876,0.8339874148368835,0.06543836742639542,0.08230338245630264,0.2145642191171646,0.3243974447250366,0.9175809025764465
47.48169929999858,-0.42454424500465393,0.8341030478477478,0.06528915464878082,0.08188803493976593,0.21476128697395325,0.3236609697341919,0.9178319573402405
47.48586950000026,-0.4248429536819458,0.8342314958572388,0.06518930941820145,0.08171514421701431,0.21466244757175446,0.323109894990921,0.9180647134780884
47.49028490000637,-0.42519938945770264,0.8343625068664551,0.06505371630191803,0.08120393007993698,0.21381208300590515,0.32318806648254395,0.9182808995246887
47.494447800010676,-0.42557722330093384,0.8345457315444946,0.06495604664087296,0.08027499914169312,0.2134029120206833,0.323236882686615,0.918440580368042
47.498361500009196,-0.42593714594841003,0.8347098231315613,0.06483443081378937,0.07987161725759506,0.2125169187784195,0.3230712115764618,0.918739378452301
47.502421900004265,-0.4262674152851105,0.8348469734191895,0.06471583992242813,0.07942839711904526,0.21253444254398346,0.3228919506072998,0.9188368320465088
47.507187200011685,-0.42659512162208557,0.8349505066871643,0.06458421051502228,0.07883719354867935,0.2128453403711319,0.3222639560699463,0.9190362095832825
47.511017800003174,-0.426947683095932,0.835060715675354,0.06443445384502411,0.07810454070568085,0.2122040092945099,0.32240548729896545,0.9191973805427551
47.51539660000708,-0.42728105187416077,0.8351516723632812,0.06432975828647614,0.07753685861825943,0.21157340705394745,0.3230152726173401,0.9191768169403076
47.52107950000209,-0.427607923746109,0.8352680802345276,0.06420177221298218,0.07734479755163193,0.21084992587566376,0.323251336812973,0.9192761182785034
47.52589060000901,-0.4279565215110779,0.8353790044784546,0.06412122398614883,0.07643520832061768,0.21027697622776031,0.3237849771976471,0.9192956686019897
47.529718200006755,-0.42828139662742615,0.8354917764663696,0.06402420252561569,0.07622204720973969,0.20988039672374725,0.32421237230300903,0.9192534685134888
47.533916600004886,-0.4286310076713562,0.8355804681777954,0.06388799101114273,0.07541090995073318,0.21001982688903809,0.3232763707637787,0.9196180701255798
47.53807049999887,-0.4289654493331909,0.8356875777244568,0.06377208232879639,0.0747283473610878,0.20947398245334625,0.3243195414543152,0.9194309115409851
47.54370990001189,-0.4295680820941925,0.8359191417694092,0.06356552988290787,0.07430064678192139,0.20843639969825745,0.325225830078125,0.9193812012672424
47.54775350001,-0.4298633635044098,0.8360353708267212,0.06351598352193832,0.07421994209289551,0.20740091800689697,0.3267635703086853,0.919076681137085
47.55230799999845,-0.4298633635044098,0.8360353708267212,0.06351598352193832,0.07421994209289551,0.20740091800689697,0.3267635703086853,0.919076681137085
47.557577200001106,-0.4305245578289032,0.8362624049186707,0.06327929347753525,0.07219964265823364,0.20630347728729248,0.32729336619377136,0.9192959666252136
47.56189440000162,-0.43082544207572937,0.836347758769989,0.06314342468976974,0.07171996682882309,0.2058447152376175,0.32782068848609924,0.9192485213279724
47.56709130000672,-0.4311123192310333,0.8364265561103821,0.06301171332597733,0.0709429457783699,0.20525164902210236,0.3282007873058319,0.9193057417869568
47.57113209999807,-0.4313942492008209,0.8365502953529358,0.06291043013334274,0.07161907106637955,0.2055150270462036,0.3267151415348053,0.919723629951477
47.57517039999948,-0.4316447079181671,0.8366533517837524,0.0628027394413948,0.07161421328783035,0.20529814064502716,0.32637324929237366,0.9198938012123108
47.57880110001133,-0.4319245219230652,0.8367563486099243,0.06267137080430984,0.07202539592981339,0.20548398792743683,0.3255041837692261,0.9201281666755676
47.583264900007634,-0.4322529137134552,0.836874783039093,0.06253354251384735,0.07129590958356857,0.20519621670246124,0.3257351815700531,0.9201674461364746
47.58698459999869,-0.43257516622543335,0.8369669318199158,0.06238251551985741,0.07015290856361389,0.20436803996562958,0.32574698328971863,0.92043536901474
47.590627600002335,-0.432862788438797,0.8370321393013,0.0622694306075573,0.06934167444705963,0.20423713326454163,0.3255508244037628,0.9205952286720276
47.59434840000176,-0.43312448263168335,0.8370937705039978,0.06213685870170593,0.06911517679691315,0.2039652317762375,0.32514744997024536,0.920815110206604
47.59947460000694,-0.43338707089424133,0.8371647000312805,0.06202623248100281,0.06903230398893356,0.20364773273468018,0.32492750883102417,0.9209691882133484
47.60299810000288,-0.43364232778549194,0.8372167944908142,0.06186259165406227,0.06817112118005753,0.20278596878051758,0.3261183500289917,0.920802652835846
47.60711580001225,-0.4339272081851959,0.8372717499732971,0.06169827654957771,0.06768803298473358,0.2027871012687683,0.32603418827056885,0.9208677411079407
47.61087520000001,-0.43423643708229065,0.8373007774353027,0.061535000801086426,0.0668773204088211,0.20197604596614838,0.32691019773483276,0.920794665813446
47.6150587000011,-0.434533029794693,0.8373417258262634,0.06141689792275429,0.06741977483034134,0.20184999704360962,0.3260883092880249,0.9210741519927979
47.619390899999416,-0.4348440170288086,0.8373690247535706,0.061302945017814636,0.06701581180095673,0.20183752477169037,0.32656899094581604,0.920936107635498
47.62341749999905,-0.43514928221702576,0.837424635887146,0.06119973212480545,0.06698954850435257,0.20106206834316254,0.326723575592041,0.9210528135299683
47.62820740000461,-0.4354376792907715,0.8374488949775696,0.06108299642801285,0.06665296852588654,0.20031917095184326,0.327347069978714,0.9210177063941956
47.63273409999965,-0.43572795391082764,0.8374746441841125,0.060939379036426544,0.06644333153963089,0.19968613982200623,0.3273714482784271,0.9211615920066833
47.636951899999985,-0.4360252916812897,0.8374972343444824,0.06082632392644882,0.06619640439748764,0.198903888463974,0.3286159038543701,0.9209055304527283
47.641542199999094,-0.436298131942749,0.8374678492546082,0.06062581390142441,0.0651845932006836,0.19930404424667358,0.32843470573425293,0.9209558367729187
47.645103000002564,-0.4365566074848175,0.8374554514884949,0.06048472225666046,0.06474312394857407,0.19923363626003265,0.3287520408630371,0.9208889007568359
47.6488102000003,-0.436838835477829,0.8374715447425842,0.06035783886909485,0.06364882737398148,0.19871540367603302,0.3298362195491791,0.9206895232200623
47.65288340000552,-0.4371030032634735,0.8374866843223572,0.060240667313337326,0.06355975568294525,0.1981457769870758,0.3300184905529022,0.9207530617713928
47.65715520000958,-0.4371030032634735,0.8374866843223572,0.060240667313337326,0.06355975568294525,0.1981457769870758,0.3300184905529022,0.9207530617713928
47.66100340000412,-0.4374294579029083,0.8375288844108582,0.06007565185427666,0.06360917538404465,0.19747772812843323,0.32897642254829407,0.9212659001350403
47.664406700001564,-0.4374294579029083,0.8375288844108582,0.06007565185427666,0.06360917538404465,0.19747772812843323,0.32897642254829407,0.9212659001350403
47.66927550001128,-0.43825575709342957,0.8374860286712646,0.059617504477500916,0.06266003102064133,0.1968090534210205,0.3293849527835846,0.9213281273841858
47.67357090000587,-0.43851903080940247,0.8374612331390381,0.05945167690515518,0.06202460452914238,0.19645817577838898,0.32986581325531006,0.9212738871574402
47.67767000000458,-0.4387741982936859,0.8374567627906799,0.059308890253305435,0.061921436339616776,0.19606654345989227,0.33064836263656616,0.9210837483406067
47.68192090000957,-0.4390377700328827,0.8374394178390503,0.05914747714996338,0.061963725835084915,0.19560301303863525,0.3305419087409973,0.921217679977417
47.68583680001029,-0.4393535256385803,0.8374128937721252,0.0589614063501358,0.061474088579416275,0.19541874527931213,0.3311830163002014,0.9210593700408936
47.69060060000629,-0.439610093832016,0.8373648524284363,0.05881465598940849,0.061684347689151764,0.19514063000679016,0.3306659162044525,0.9212899804115295
47.69426270000986,-0.43988147377967834,0.8373091816902161,0.05866328254342079,0.06126333773136139,0.19431495666503906,0.33082595467567444,0.9214351177215576
47.697889300005045,-0.43988147377967834,0.8373091816902161,0.05866328254342079,0.06126333773136139,0.19431495666503906,0.33082595467567444,0.9214351177215576
47.70266609999817,-0.44043824076652527,0.8372101187705994,0.05830024182796478,0.05995678901672363,0.19372205436229706,0.3304697275161743,0.9217736721038818
47.706775099999504,-0.44068247079849243,0.837148904800415,0.058146603405475616,0.059593092650175095,0.1933002471923828,0.33087390661239624,0.9217407703399658
47.71088480000617,-0.44093623757362366,0.8370624780654907,0.057935331016778946,0.05901245027780533,0.19389013946056366,0.33005064725875854,0.9219493865966797
47.715038300011656,-0.44120699167251587,0.8370053768157959,0.05772922560572624,0.05932275950908661,0.1937037855386734,0.32951876521110535,0.92215895652771
47.719751700002234,-0.4414609670639038,0.8369350433349609,0.0575588159263134,0.05958060175180435,0.19351044297218323,0.32937106490135193,0.9222357273101807
47.72410910000326,-0.4417501986026764,0.8368788361549377,0.05737743899226189,0.05963785573840141,0.1936841458082199,0.32931968569755554,0.9222139120101929
47.72769970000081,-0.44202908873558044,0.8367900848388672,0.05719585344195366,0.05912750959396362,0.19246219098567963,0.33038410544395447,0.9221218228340149
47.73225800000364,-0.44228148460388184,0.8367095589637756,0.05704323574900627,0.05902247130870819,0.1917586773633957,0.3307652473449707,0.9221384525299072
47.73755600000732,-0.4425622224807739,0.8366376161575317,0.056896742433309555,0.0583450086414814,0.1913009136915207,0.33123350143432617,0.9221085906028748
47.74102890001086,-0.44283828139305115,0.8366146087646484,0.05677857995033264,0.057653870433568954,0.18980327248573303,0.33270561695098877,0.9219315052032471
47.74471199999971,-0.44310203194618225,0.8365460634231567,0.056608136743307114,0.05887233838438988,0.18997131288051605,0.331071138381958,0.9224081635475159
47.74844540000777,-0.44337376952171326,0.8364251852035522,0.05633188784122467,0.05857470631599426,0.1907193809747696,0.32914915680885315,0.9229604005813599
47.752587900002254,-0.44361740350723267,0.8363214135169983,0.05612679198384285,0.057961951941251755,0.19014018774032593,0.329974502325058,0.922823965549469
47.757546000008006,-0.4438646137714386,0.8362274169921875,0.05593772232532501,0.05769391357898712,0.18943548202514648,0.33043769001960754,0.922819972038269
47.76105149999785,-0.4441145360469818,0.8361373543739319,0.05576688423752785,0.05747300013899803,0.18902601301670074,0.3306924104690552,0.9228264689445496
47.76522680000926,-0.444357693195343,0.8360527753829956,0.055604368448257446,0.05726959928870201,0.188550665974617,0.33125367760658264,0.9227350354194641
47.76921170001151,-0.44457489252090454,0.8359527587890625,0.05542787164449692,0.05791621655225754,0.1880599558353424,0.33105751872062683,0.9228651523590088
47.773735000009765,-0.4447978734970093,0.8358376622200012,0.05522288754582405,0.05815277248620987,0.18732906877994537,0.33131885528564453,0.9229051470756531
47.77754510000523,-0.44506263732910156,0.8357468247413635,0.05497458949685097,0.05888510122895241,0.18819446861743927,0.32973623275756836,0.923249363899231
47.78191720000177,-0.4452931880950928,0.8356566429138184,0.054787080734968185,0.05875549465417862,0.18777556717395782,0.32965150475502014,0.9233731627464294
47.785977100007585,-0.44552892446517944,0.8356043100357056,0.05453076586127281,0.05620165169239044,0.18625912070274353,0.3327123522758484,0.9227412939071655
47.79001430000062,-0.4457450807094574,0.8354685306549072,0.054259829223155975,0.056332241743803024,0.18677659332752228,0.3313114643096924,0.9231326580047607
47.79422900000645,-0.4459725320339203,0.8353604674339294,0.054029423743486404,0.05646525323390961,0.18619845807552338,0.3314381241798401,0.9231958389282227
47.798338599997805,-0.4462130069732666,0.8352690935134888,0.05383707582950592,0.05695256590843201,0.18617390096187592,0.33037063479423523,0.9235534071922302
47.802504899998894,-0.4464171230792999,0.8351431488990784,0.05364617705345154,0.0575762540102005,0.18606135249137878,0.3304212689399719,0.9235193729400635
47.806818800003384,-0.446662575006485,0.8350467681884766,0.05342588201165199,0.05706050992012024,0.18571941554546356,0.33081644773483276,0.9234786629676819
47.811045399997965,-0.446880042552948,0.8349616527557373,0.0532388836145401,0.05709831789135933,0.1854105144739151,0.3307104706764221,0.9235764145851135
47.81519810001191,-0.44711607694625854,0.8348652124404907,0.053027696907520294,0.05799764767289162,0.1850440800189972,0.3305779993534088,0.9236412644386292
47.820541000008234,-0.44735750555992126,0.8347546458244324,0.052841994911432266,0.058119989931583405,0.18284223973751068,0.3331145644187927,0.9231606721878052
47.8239947000111,-0.4475915729999542,0.8346518874168396,0.052616000175476074,0.05785195156931877,0.18223944306373596,0.33412328362464905,0.9229320883750916
47.82813000000897,-0.4478408098220825,0.8344915509223938,0.052342578768730164,0.05697203427553177,0.18310359120368958,0.3329067528247833,0.9232553243637085
47.8317137999984,-0.4481121897697449,0.8343857526779175,0.05212824046611786,0.0562465563416481,0.1825208216905594,0.3330497145652771,0.9233636260032654
47.83623110000917,-0.44834616780281067,0.8342469930648804,0.05194142833352089,0.05868298187851906,0.18272659182548523,0.33104655146598816,0.923891544342041
47.84141050001199,-0.4486120939254761,0.8340889811515808,0.05173751711845398,0.05858595669269562,0.18150493502616882,0.3317072093486786,0.9239014983177185
47.845283100003144,-0.4488321542739868,0.8339388966560364,0.05153971537947655,0.05849358066916466,0.18071047961711884,0.33255261182785034,0.9237591624259949
47.84901780000655,-0.44906821846961975,0.8337696194648743,0.0512487068772316,0.05746344476938248,0.18196013569831848,0.33100542426109314,0.9241341948509216
47.85252440000477,-0.44930121302604675,0.8336197733879089,0.051041800528764725,0.0581330806016922,0.18171237409114838,0.33088192343711853,0.9241852760314941
47.85679030000756,-0.4495655596256256,0.8334788680076599,0.050802428275346756,0.05880555137991905,0.18168602883815765,0.33026960492134094,0.92436683177948
47.86160440000822,-0.449820876121521,0.8333596587181091,0.0506335012614727,0.05906149744987488,0.18021638691425323,0.3330245316028595,0.9236494898796082
47.86550880000868,-0.4500434994697571,0.8331924676895142,0.05033055692911148,0.05737772211432457,0.18091024458408356,0.33267101645469666,0.9237474203109741
47.86970920000749,-0.4502527415752411,0.8330406546592712,0.050127241760492325,0.05687705799937248,0.18018010258674622,0.3335913419723511,0.9235892295837402
47.873547499999404,-0.4504789710044861,0.8328953981399536,0.04991136118769646,0.057271260768175125,0.17956753075122833,0.3336798846721649,0.923652172088623
47.878072799998336,-0.4507507085800171,0.8327214121818542,0.04969225078821182,0.056399278342723846,0.17805208265781403,0.334957480430603,0.9235367774963379
47.88176010000461,-0.4510153532028198,0.8325002193450928,0.04945911467075348,0.055842943489551544,0.17740783095359802,0.3363621234893799,0.9231839776039124
47.885922200002824,-0.4512501060962677,0.8323280215263367,0.04924974590539932,0.05580763518810272,0.17665523290634155,0.3366846740245819,0.9232128262519836
47.890326699998695,-0.4514906406402588,0.832133412361145,0.049030981957912445,0.0560649111866951,0.17613820731639862,0.3365963399410248,0.9233282804489136
47.894204800002626,-0.4517451226711273,0.8319363594055176,0.04880407080054283,0.05673933029174805,0.17558228969573975,0.33606424927711487,0.9235866665840149
47.8987560000096,-0.45200470089912415,0.8316504955291748,0.04844941198825836,0.05604402720928192,0.17679734528064728,0.3346984386444092,0.9238933324813843
47.902970499999356,-0.45230433344841003,0.8314703106880188,0.04824373126029968,0.05662102252244949,0.1759297400712967,0.33634746074676514,0.9234246611595154
47.90682680001191,-0.452595591545105,0.8312234878540039,0.04798578470945358,0.05715442821383476,0.17504623532295227,0.3373223543167114,0.9232041835784912
47.9120738000056,-0.4528348445892334,0.8308241963386536,0.047613583505153656,0.05673797428607941,0.17720910906791687,0.334102064371109,0.9239879250526428
47.919354400000884,-0.4534676969051361,0.8305179476737976,0.0473024882376194,0.05740901455283165,0.17414447665214539,0.33640244603157043,0.9236944317817688
47.92474570000195,-0.4537990391254425,0.8302634358406067,0.04703066125512123,0.05836540088057518,0.17314939200878143,0.3366825580596924,0.9237194657325745
47.92818899999838,-0.45411306619644165,0.8299993872642517,0.046779319643974304,0.059915993362665176,0.17293483018875122,0.3361188769340515,0.9238656759262085
47.93198310000298,-0.45441511273384094,0.8296125531196594,0.04637802019715309,0.05774576589465141,0.17409008741378784,0.3355470895767212,0.923994779586792
47.935817000005045,-0.4547167122364044,0.8293578028678894,0.04612085968255997,0.058481402695178986,0.1738722175359726,0.33514803647994995,0.9241342544555664
47.9402803999983,-0.4550655484199524,0.8292439579963684,0.04601162672042847,0.060983262956142426,0.1718687266111374,0.3360143005847931,0.9240328073501587
47.944224600010784,-0.45538029074668884,0.8288591504096985,0.04558050259947777,0.05825338512659073,0.17215688526630402,0.3371627926826477,0.9237368702888489
47.94836059999943,-0.4556798040866852,0.828647792339325,0.045339398086071014,0.05827322602272034,0.17194625735282898,0.33709368109703064,0.9238000512123108
47.95291890000226,-0.45598840713500977,0.8284099102020264,0.04501761496067047,0.05934790521860123,0.17161409556865692,0.33641931414604187,0.9240391850471497
47.95673330000136,-0.4562986493110657,0.828170120716095,0.044724177569150925,0.05953105166554451,0.1703975796699524,0.33706697821617126,0.9240165948867798
47.9608939000027,-0.4566255211830139,0.8279642462730408,0.044425636529922485,0.05683904141187668,0.16852490603923798,0.3399907648563385,0.9234582185745239
47.96522180001193,-0.4569318890571594,0.8277359008789062,0.044089410454034805,0.05744801089167595,0.1682446300983429,0.33947697281837463,0.9236605763435364
47.969772600001306,-0.45722565054893494,0.8275274038314819,0.043775010854005814,0.05765170231461525,0.16796328127384186,0.3392314314842224,0.923789381980896
47.9735750000109,-0.45754244923591614,0.8272930979728699,0.043476641178131104,0.05830122157931328,0.1678689420223236,0.33939626812934875,0.9237051606178284
47.97780700000294,-0.4578646421432495,0.8270947337150574,0.0431026928126812,0.059166647493839264,0.16710655391216278,0.33886614441871643,0.9239829182624817
47.98189090000233,-0.45817628502845764,0.8269030451774597,0.04280110448598862,0.0595577172935009,0.16681446135044098,0.33891427516937256,0.9239929914474487
47.9872250000044,-0.45847636461257935,0.8267138004302979,0.04242464900016785,0.05866307392716408,0.1662421077489853,0.3394663333892822,0.9239506721496582
47.99108230001002,-0.4588119387626648,0.826524555683136,0.04203863441944122,0.05825122073292732,0.16547100245952606,0.3395581543445587,0.9240814447402954
47.994856999997864,-0.45915287733078003,0.8263230323791504,0.04167136549949646,0.059239618480205536,0.16485483944416046,0.3390185534954071,0.9243268370628357
47.99845070000447,-0.4594556987285614,0.8261443972587585,0.04131228104233742,0.05971379950642586,0.16466091573238373,0.33851107954978943,0.9245167970657349
48.00268080001115,-0.4597599506378174,0.8259537816047668,0.04095450043678284,0.060747597366571426,0.16483111679553986,0.3370151221752167,0.9249656200408936
48.00673410001036,-0.4601286053657532,0.8257251381874084,0.04054183512926102,0.06177793815732002,0.16408281028270721,0.33597221970558167,0.9254096150398254
48.01095320000604,-0.4604519307613373,0.8255207538604736,0.04016005992889404,0.06146760284900665,0.1632174551486969,0.3364809453487396,0.9253985285758972
48.01510670001153,-0.4607538878917694,0.8253175020217896,0.03980341553688049,0.061803001910448074,0.1618889570236206,0.33715924620628357,0.9253627061843872
48.019152900000336,-0.4610922932624817,0.8251216411590576,0.03942118585109711,0.06260758638381958,0.16158802807331085,0.3374892771244049,0.9252408146858215
48.023288000011235,-0.4614192843437195,0.8249112963676453,0.039007768034935,0.06302293390035629,0.16101737320423126,0.3376134932041168,0.9252668619155884
48.02784560000873,-0.4617609679698944,0.8246636390686035,0.038589637726545334,0.06305620074272156,0.16046768426895142,0.3380798399448395,0.9251897931098938
48.03465890001098,-0.46208450198173523,0.8244802355766296,0.03823979198932648,0.06350217759609222,0.15945644676685333,0.3380853235721588,0.9253320693969727
48.03828330000397,-0.4623992145061493,0.8243116736412048,0.037872523069381714,0.06128401309251785,0.157429039478302,0.340524286031723,0.9249343276023865
48.04229779999878,-0.4627240300178528,0.824110746383667,0.03747425973415375,0.06219885125756264,0.15788161754608154,0.3392569422721863,0.9252618551254272
48.04621080000652,-0.4630446135997772,0.8238812685012817,0.03703151270747185,0.06353992968797684,0.1577681303024292,0.3385986089706421,0.9254312515258789
48.05337639999925,-0.46360158920288086,0.823494017124176,0.03624870628118515,0.06471499055624008,0.15597794950008392,0.3391258418560028,0.925460159778595
48.0571295000118,-0.46388742327690125,0.8233324885368347,0.03582850471138954,0.06510555744171143,0.15594059228897095,0.33903974294662476,0.9254705905914307
48.06107380001049,-0.4642050266265869,0.8231446743011475,0.03540310263633728,0.06498111039400101,0.1556130349636078,0.3390871286392212,0.9255171418190002
48.06549570000789,-0.46450304985046387,0.8229804039001465,0.034984834492206573,0.06521917879581451,0.15472328662872314,0.3398946523666382,0.9253534078598022
48.06958580001083,-0.4648030400276184,0.8228680491447449,0.03462904691696167,0.06471927464008331,0.15366637706756592,0.3399326205253601,0.925550639629364
48.07384340000863,-0.46508345007896423,0.8226718902587891,0.03421232849359512,0.06636136770248413,0.15371079742908478,0.3390093743801117,0.9257656335830688
48.078152800007956,-0.46540573239326477,0.8224905729293823,0.03377939760684967,0.0664936900138855,0.15310023725032806,0.33905094861984253,0.9258419871330261
48.082188800006406,-0.46569138765335083,0.8223354816436768,0.03337706997990608,0.06685080379247665,0.15267756581306458,0.33852967619895935,0.9260767698287964
48.08579940001073,-0.46569138765335083,0.8223354816436768,0.03337706997990608,0.06685080379247665,0.15267756581306458,0.33852967619895935,0.9260767698287964
48.09019630000694,-0.46620452404022217,0.8220873475074768,0.03266686946153641,0.06747962534427643,0.15229038894176483,0.337485671043396,0.9264758825302124
48.09437130000151,-0.46649372577667236,0.8219200968742371,0.03222612291574478,0.06793943047523499,0.15198008716106415,0.3372339904308319,0.9265848398208618
48.098872100003064,-0.46678900718688965,0.8217858076095581,0.0318300686776638,0.06786169856786728,0.15165619552135468,0.3375358283519745,0.9265337586402893
48.102654600006645,-0.46705180406570435,0.821681559085846,0.031495049595832825,0.0677894577383995,0.1510961949825287,0.3379344940185547,0.9264851808547974
48.107136899998295,-0.46730852127075195,0.8215348720550537,0.031090281903743744,0.06863366812467575,0.15013624727725983,0.3380867838859558,0.9265235662460327
48.112390599999344,-0.46761354804039,0.8214288353919983,0.030707862228155136,0.06811777502298355,0.14897769689559937,0.33898913860321045,0.9264189004898071
48.115803900000174,-0.467880517244339,0.8213263750076294,0.030368419364094734,0.06811084598302841,0.14865642786026,0.3386980891227722,0.9265775084495544
48.1194925000018,-0.4681364595890045,0.8212133049964905,0.030008576810359955,0.06764769554138184,0.14820460975170135,0.3394711911678314,0.9264008402824402
48.123359300006996,-0.468416303396225,0.8211060166358948,0.029633864760398865,0.06858883053064346,0.14765579998493195,0.3395193815231323,0.926401674747467
48.127535300009185,-0.46868640184402466,0.8210089206695557,0.029263922944664955,0.06855803728103638,0.14720776677131653,0.33983784914016724,0.9263584017753601
48.13161599999876,-0.46893471479415894,0.820912778377533,0.028933124616742134,0.06890978664159775,0.14687052369117737,0.33955150842666626,0.9264909029006958
48.136165300005814,-0.46917518973350525,0.8208264112472534,0.028628064319491386,0.06857898086309433,0.14630217850208282,0.3403414785861969,0.926315426826477
48.14012039999943,-0.46940311789512634,0.8207265138626099,0.02829059772193432,0.06904938817024231,0.14612853527069092,0.340030699968338,0.9264220595359802
48.14423470001202,-0.4696674942970276,0.8206937909126282,0.02795794978737831,0.0694829672574997,0.14606022834777832,0.33955249190330505,0.9265757203102112
48.149539999998524,-0.4699157774448395,0.8206582069396973,0.027664359658956528,0.069094717502594,0.14527997374534607,0.33978524804115295,0.9266421794891357
48.15314590001071,-0.4701441526412964,0.8206218481063843,0.0273966733366251,0.06906498968601227,0.1447308361530304,0.3398648798465729,0.9267011284828186
48.1611486000038,-0.4705866277217865,0.8205519318580627,0.026850957423448563,0.06860927492380142,0.14423908293247223,0.3400701582431793,0.9267363548278809
48.16552120000415,-0.47079819440841675,0.8205293416976929,0.026589471846818924,0.06841088831424713,0.1435755342245102,0.3403264284133911,0.9267598986625671
48.169274300002144,-0.4709983468055725,0.8205205798149109,0.026341628283262253,0.06867508590221405,0.1432279348373413,0.3397900462150574,0.9269909262657166
48.1741095000034,-0.4712037146091461,0.820502519607544,0.02612195536494255,0.06837143003940582,0.14220069348812103,0.34006720781326294,0.927069902420044
48.17785079999885,-0.4713825285434723,0.8205158710479736,0.02592214196920395,0.06795111298561096,0.14180026948451996,0.340336412191391,0.9270633459091187
48.18549180000264,-0.4717639088630676,0.8205156326293945,0.02548755705356598,0.06755484640598297,0.14133329689502716,0.34160521626472473,0.9266969561576843
48.189794400008395,-0.4719473421573639,0.8205294013023376,0.02523386850953102,0.06724939495325089,0.14124995470046997,0.34156370162963867,0.9267470836639404
48.195567100003245,-0.47212621569633484,0.8205578327178955,0.025045474991202354,0.06750911474227905,0.1407690793275833,0.3413499891757965,0.9268801212310791
48.202490100011346,-0.47249191999435425,0.8206562995910645,0.02466881275177002,0.06640294939279556,0.1402217149734497,0.3424035608768463,0.9266544580459595
48.206578099998296,-0.4726439416408539,0.8206943273544312,0.024527620524168015,0.06627900153398514,0.1397877335548401,0.34274065494537354,0.9266042113304138
48.211117300001206,-0.47280341386795044,0.8207622170448303,0.024376196786761284,0.06553805619478226,0.1393468827009201,0.34298083186149597,0.9266344904899597
48.216411800007336,-0.4729648232460022,0.8208010196685791,0.024218611419200897,0.06503447145223618,0.13925960659980774,0.34334298968315125,0.9265488982200623
48.220201600008295,-0.47314268350601196,0.8208926320075989,0.02410309575498104,0.06496712565422058,0.13923673331737518,0.34271976351737976,0.9267878532409668
48.223885500003234,-0.4733007252216339,0.8209011554718018,0.023980164900422096,0.06680412590503693,0.1395033299922943,0.3413916230201721,0.9271073341369629
48.22750370000722,-0.47346436977386475,0.8209688663482666,0.023857876658439636,0.06693340837955475,0.13987410068511963,0.340865820646286,0.9272355437278748
48.232113100006245,-0.47360366582870483,0.8210563659667969,0.02375064417719841,0.06669062376022339,0.13918887078762054,0.34165215492248535,0.9270667433738708
48.23623960000987,-0.4737342894077301,0.8211271166801453,0.023654956370592117,0.06413326412439346,0.13781997561454773,0.34443891048431396,0.926420271396637
48.24007410000195,-0.4738543927669525,0.8211793899536133,0.0235541220754385,0.06398732960224152,0.13736970722675323,0.34480783343315125,0.9263599514961243
48.244452300001285,-0.4739810526371002,0.8212530612945557,0.023460999131202698,0.06359051913022995,0.13686220347881317,0.3450065553188324,0.9263883829116821
48.248891499999445,-0.4741070568561554,0.8213309645652771,0.0233859084546566,0.06316103786230087,0.1367470622062683,0.3456513583660126,0.926194429397583
48.25255050000851,-0.47421568632125854,0.8214173316955566,0.023320939391851425,0.06289352476596832,0.1364867240190506,0.34604474902153015,0.9261041879653931
48.256910000010976,-0.4743354320526123,0.8215579986572266,0.02325328253209591,0.06384971737861633,0.13681533932685852,0.3445969521999359,0.9265299439430237
48.261384199999156,-0.4744422137737274,0.8216408491134644,0.023171549662947655,0.0634102076292038,0.13692748546600342,0.34460902214050293,0.9265391230583191
48.2671365999995,-0.47454890608787537,0.8217723369598389,0.023111041635274887,0.06393658369779587,0.1370956003665924,0.34358522295951843,0.9268581867218018
48.27074060001178,-0.47465717792510986,0.821865439414978,0.02306259237229824,0.06342325359582901,0.13700313866138458,0.3438236117362976,0.9268187880516052
48.27500350000628,-0.4747593402862549,0.8219665884971619,0.02301565371453762,0.06314562261104584,0.1369275599718094,0.343917578458786,0.926814079284668
48.279381000000285,-0.47486791014671326,0.822088360786438,0.022962208837270737,0.06241293251514435,0.13695886731147766,0.3441459536552429,0.9267743229866028
48.28273859999899,-0.4749636650085449,0.8221856951713562,0.02289986051619053,0.06224646046757698,0.137115016579628,0.3440074026584625,0.9268137812614441
48.28644940000959,-0.47506627440452576,0.8222895264625549,0.02287214808166027,0.06183439493179321,0.13706070184707642,0.34441232681274414,0.9266989827156067
48.29042170000321,-0.4752160608768463,0.8224237561225891,0.022841893136501312,0.0617501437664032,0.13708779215812683,0.34340453147888184,0.9270745515823364
48.294678400008706,-0.47530242800712585,0.8225748538970947,0.022864241153001785,0.06098879873752594,0.13700030744075775,0.3435279130935669,0.9270921349525452
48.298632700010785,-0.4754120409488678,0.8226835131645203,0.022824086248874664,0.06065668538212776,0.1368211954832077,0.34371083974838257,0.9270725846290588
48.30296410000301,-0.47547560930252075,0.8228144645690918,0.022813644260168076,0.05860581248998642,0.13613051176071167,0.3460370600223541,0.9264405965805054
48.30726250000589,-0.47561055421829224,0.8229153156280518,0.022818030789494514,0.06031382828950882,0.13671773672103882,0.34364956617355347,0.9271330237388611
48.31520389999787,-0.47577857971191406,0.8231244683265686,0.02277623489499092,0.0602303110063076,0.1368146389722824,0.3433329463005066,0.9272413849830627
48.31985090000671,-0.4758642315864563,0.8232500553131104,0.022762486711144447,0.05986122414469719,0.1366899311542511,0.34376105666160583,0.9271250367164612
48.3234999999986,-0.47597602009773254,0.8233645558357239,0.022749552503228188,0.059569522738456726,0.13659054040908813,0.3443245589733124,0.9269493818283081
48.3277875000058,-0.47605589032173157,0.8235237002372742,0.022729016840457916,0.05905940383672714,0.13612638413906097,0.34531185030937195,0.9266830086708069
48.331718800007366,-0.47615331411361694,0.8236551284790039,0.022716473788022995,0.05884527042508125,0.1361110359430313,0.3451704978942871,0.9267514944076538
48.33632220000436,-0.47624853253364563,0.8237879872322083,0.022720715031027794,0.05868251994252205,0.13573220372200012,0.34579145908355713,0.926585853099823
48.34187560000282,-0.476348876953125,0.8239027857780457,0.022700326517224312,0.058337051421403885,0.13583903014659882,0.3458441197872162,0.9265723824501038
48.34640200001013,-0.4764637351036072,0.824029803276062,0.022709839046001434,0.05772087723016739,0.13549384474754333,0.3460131287574768,0.9265984892845154
48.35025780000433,-0.4765636622905731,0.8241614103317261,0.022703273221850395,0.057272762060165405,0.1351928561925888,0.3460870385169983,0.9266425967216492
48.35374109999975,-0.4766632318496704,0.8242901563644409,0.022690430283546448,0.05685751140117645,0.1351541131734848,0.34578099846839905,0.9267881512641907
48.35786899999948,-0.47676530480384827,0.8244001865386963,0.02269076742231846,0.05626734346151352,0.1350771188735962,0.34565168619155884,0.9268835186958313
48.36210280000523,-0.4768660068511963,0.824537992477417,0.022709663957357407,0.056130100041627884,0.13525547087192535,0.3451399505138397,0.927056610584259
48.36579590001202,-0.4769698679447174,0.8246607184410095,0.022707641124725342,0.05628471076488495,0.1351490616798401,0.3446670174598694,0.9272385835647583
48.37022290000459,-0.4770807921886444,0.8247575759887695,0.022689204663038254,0.05638166517019272,0.13573019206523895,0.34403708577156067,0.9273818135261536
48.373630500005675,-0.4771781265735626,0.8248592019081116,0.02268736995756626,0.05637552589178085,0.13580511510372162,0.34373751282691956,0.9274823069572449
48.37796130000788,-0.47726309299468994,0.824968159198761,0.022690536454319954,0.055869437754154205,0.13553334772586823,0.34406381845474243,0.9274316430091858
48.38190740000573,-0.4773429334163666,0.8250589370727539,0.022679012268781662,0.0553789883852005,0.1354968249797821,0.3440437316894531,0.9274739027023315
48.3860876000108,-0.47742313146591187,0.8251504898071289,0.022677168250083923,0.05510549992322922,0.13536927103996277,0.3441098630428314,0.9274842143058777
48.39031650000834,-0.47751104831695557,0.8252474665641785,0.022675640881061554,0.054533701390028,0.13529431819915771,0.3443416357040405,0.9274429082870483
48.39467930000683,-0.47760093212127686,0.8253403902053833,0.022671641781926155,0.05373002588748932,0.13529649376869202,0.34460049867630005,0.92739337682724
48.39876070000173,-0.4776833951473236,0.8254486322402954,0.02267552725970745,0.053327396512031555,0.13502338528633118,0.34527021646499634,0.927207350730896
48.4042102000094,-0.4777662754058838,0.8255563378334045,0.022684495896100998,0.052959877997636795,0.13515987992286682,0.3453146815299988,0.927191972732544
48.40841879999789,-0.47786232829093933,0.825671374797821,0.022703714668750763,0.05294903367757797,0.13503862917423248,0.3453346788883209,0.9272027015686035
48.41182300000219,-0.477950781583786,0.8257765769958496,0.022693587467074394,0.052558768540620804,0.13479067385196686,0.3453294038772583,0.9272630214691162
48.41537280000921,-0.47804710268974304,0.8258816599845886,0.02269301377236843,0.052336156368255615,0.1347425878047943,0.3449585437774658,0.9274206757545471
48.41932090000773,-0.47813090682029724,0.8259846568107605,0.022688113152980804,0.05217956379055977,0.13458402454853058,0.3451794981956482,0.9273701906204224
48.42355230000976,-0.4782133996486664,0.8260987997055054,0.0226786769926548,0.05110850930213928,0.1349315196275711,0.34518641233444214,0.9273768067359924
48.428237200001604,-0.47829094529151917,0.8261871337890625,0.02267875149846077,0.050874240696430206,0.13474500179290771,0.3454838693141937,0.927306056022644
48.43222899999819,-0.4783722162246704,0.826270341873169,0.02267255075275898,0.05054197832942009,0.13463842868804932,0.34563732147216797,0.9272825717926025
48.436071900010575,-0.4784817695617676,0.8263782262802124,0.022678731009364128,0.049463845789432526,0.13464123010635376,0.3463800549507141,0.9270630478858948
48.44064179999987,-0.47857117652893066,0.8264676928520203,0.02268129773437977,0.04918162524700165,0.13444173336029053,0.34673261642456055,0.9269752502441406
48.44878650001192,-0.4787510931491852,0.8266445994377136,0.022681143134832382,0.048731643706560135,0.13402293622493744,0.3475779592990875,0.9267430305480957
48.45385720000195,-0.4788334369659424,0.8267462253570557,0.02268977463245392,0.048927534371614456,0.13395601511001587,0.3474680185317993,0.9267836809158325
48.45816880000348,-0.478916198015213,0.8268024921417236,0.022672243416309357,0.04851522296667099,0.13386043906211853,0.3477074205875397,0.9267292618751526
48.46220490000269,-0.4789949953556061,0.8268576860427856,0.022666610777378082,0.04859381169080734,0.13355304300785065,0.34780463576316833,0.9267330765724182
48.46578110000701,-0.47907349467277527,0.8269128799438477,0.022667137905955315,0.04860877990722656,0.1336098611354828,0.34753090143203735,0.9268267750740051
48.46957110000949,-0.47914057970046997,0.8269684314727783,0.022653385996818542,0.048283226788043976,0.13360542058944702,0.34769824147224426,0.9267817139625549
48.47372809999797,-0.4792057275772095,0.8270226716995239,0.02265029028058052,0.048045381903648376,0.1333872377872467,0.34785011410713196,0.9267684817314148
48.47803300000669,-0.4792691469192505,0.8270761370658875,0.02262159064412117,0.04780968278646469,0.13364049792289734,0.34767603874206543,0.926809549331665
48.48356180000701,-0.47932562232017517,0.8271226286888123,0.022611767053604126,0.04755041375756264,0.13354283571243286,0.34782618284225464,0.9267805814743042
48.48787779999839,-0.47939199209213257,0.8271706104278564,0.02259981259703636,0.04738527163863182,0.13340602815151215,0.3475828468799591,0.9268999695777893
48.491892000005464,-0.4794453978538513,0.8272228837013245,0.02258525788784027,0.0470803827047348,0.13333368301391602,0.347683846950531,0.926888108253479
48.49656650000543,-0.47951042652130127,0.827278733253479,0.022571198642253876,0.04687972739338875,0.13314370810985565,0.347538560628891,0.9269800782203674
48.50103230000241,-0.4795632064342499,0.8273409605026245,0.02255554124712944,0.046359844505786896,0.1330518126487732,0.3477385938167572,0.9269444346427917
48.50659319999977,-0.47968968749046326,0.8274485468864441,0.022539295256137848,0.0459556020796299,0.1325654834508896,0.3483254611492157,0.9268137812614441
48.512678300001426,-0.479748010635376,0.8274993300437927,0.022533446550369263,0.04599221423268318,0.13243532180786133,0.3482135832309723,0.9268726110458374
48.51687479999964,-0.47980186343193054,0.8275474309921265,0.022533684968948364,0.0459585003554821,0.13240502774715424,0.3482816219329834,0.9268530607223511
48.52103689999785,-0.47986599802970886,0.8276004791259766,0.02253008261322975,0.045855894684791565,0.13240092992782593,0.34891247749328613,0.9266214966773987
48.52871880000748,-0.4799638092517853,0.8276945352554321,0.022514382377266884,0.045479629188776016,0.13229712843894958,0.3490472137928009,0.9266040921211243
48.53215810000256,-0.48000094294548035,0.8277528882026672,0.02250605821609497,0.04531296342611313,0.13211776316165924,0.3492925763130188,0.9265454411506653
48.536765099997865,-0.48004502058029175,0.8278014063835144,0.022484250366687775,0.04509386420249939,0.13214080035686493,0.3489961624145508,0.9266644716262817
48.540494800006854,-0.4800872802734375,0.8278678059577942,0.022474169731140137,0.04494791105389595,0.13224178552627563,0.3486080467700958,0.9268032312393188
48.544420300007914,-0.4801200330257416,0.8279202580451965,0.0224552433937788,0.04484913498163223,0.1321716606616974,0.348727285861969,0.9267732501029968
48.54887389999931,-0.4801526665687561,0.8279690742492676,0.022438330575823784,0.0447356216609478,0.13216346502304077,0.3487950563430786,0.9267542958259583
48.55261890000838,-0.48018941283226013,0.8279982805252075,0.022409172728657722,0.04440575838088989,0.13232406973838806,0.3484939634799957,0.9268605709075928
48.556817300006514,-0.4802185297012329,0.8280560374259949,0.022393718361854553,0.043938785791397095,0.13209669291973114,0.34880420565605164,0.9267985224723816
48.56111330000567,-0.4802503287792206,0.8281000256538391,0.022368095815181732,0.043551359325647354,0.13202378153800964,0.34889349341392517,0.9267935752868652
48.56550280000374,-0.4802926182746887,0.8281431198120117,0.022363808006048203,0.04320886731147766,0.1317632496356964,0.34908369183540344,0.9267750382423401
48.57071620000352,-0.48032861948013306,0.8281776905059814,0.022342337295413017,0.04304000735282898,0.13176771998405457,0.3490036129951477,0.9268124103546143
48.57424620000529,-0.48036783933639526,0.8282197713851929,0.022324195131659508,0.04289775714278221,0.1316944658756256,0.349200040102005,0.9267554879188538
48.577848200002336,-0.4804016649723053,0.8282569646835327,0.02231166884303093,0.04278237372636795,0.13140811026096344,0.34940558671951294,0.9267239570617676
48.58214220000082,-0.48043468594551086,0.8282886147499084,0.02229265123605728,0.042709559202194214,0.13139691948890686,0.34944096207618713,0.9267155528068542
48.58652880000591,-0.4804779291152954,0.828310489654541,0.02226603776216507,0.04247422516345978,0.13161680102348328,0.3494552969932556,0.926689863204956
48.59024080001109,-0.480497807264328,0.8283315300941467,0.022249793633818626,0.04234182834625244,0.13158997893333435,0.3495359420776367,0.9266692996025085
48.594185400012066,-0.4805227220058441,0.8283650279045105,0.022232607007026672,0.04231379181146622,0.13153618574142456,0.3495994210243225,0.9266542196273804
48.59850190000725,-0.48053795099258423,0.8283814787864685,0.02221621572971344,0.042305074632167816,0.13153912127017975,0.34942150115966797,0.9267212748527527
48.602372100009234,-0.48055198788642883,0.8284017443656921,0.022200001403689384,0.04214916005730629,0.13145242631435394,0.349703848361969,0.9266341924667358
48.60668560001068,-0.48056232929229736,0.8284199237823486,0.02217857912182808,0.04216858372092247,0.13146837055683136,0.3496301770210266,0.9266588687896729
48.61092350000399,-0.48057591915130615,0.8284227252006531,0.022128906100988388,0.0419425331056118,0.13139928877353668,0.3493131101131439,0.9267985224723816
48.61513869999908,-0.480582058429718,0.8284309506416321,0.022099392488598824,0.04179806262254715,0.13149578869342804,0.34928610920906067,0.9268015623092651
48.619439700007206,-0.4805874526500702,0.8284305334091187,0.02207006886601448,0.04160139709711075,0.13155299425125122,0.34930095076560974,0.9267966747283936
48.62349769999855,-0.4805925190448761,0.8284368515014648,0.022040734067559242,0.04148397222161293,0.13152208924293518,0.3494134843349457,0.9267638921737671
48.62767640000675,-0.48059695959091187,0.8284379839897156,0.0220087431371212,0.0413329117000103,0.13172155618667603,0.3492715656757355,0.9267957210540771
48.63182439999946,-0.48059624433517456,0.8284390568733215,0.021976029500365257,0.041177939623594284,0.13169556856155396,0.3493923544883728,0.9267609119415283
48.63581720000366,-0.48061105608940125,0.8284488916397095,0.021919162943959236,0.04084738716483116,0.13182412087917328,0.3493827283382416,0.9267609119415283
48.6401668000035,-0.4806162416934967,0.8284481763839722,0.02188396453857422,0.04077480360865593,0.13185885548591614,0.34928378462791443,0.9267963767051697
48.644665800005896,-0.4806138575077057,0.8284407258033752,0.02185193821787834,0.040621571242809296,0.13195161521434784,0.34929323196411133,0.9267863035202026
48.648520800008555,-0.480612576007843,0.8284485936164856,0.021811477839946747,0.040663689374923706,0.1318875402212143,0.3492004871368408,0.9268286228179932
48.65270550000423,-0.48061051964759827,0.8284458518028259,0.021788591518998146,0.04060516878962517,0.13186757266521454,0.34924235939979553,0.9268181324005127
48.65682640000887,-0.4805910587310791,0.8284257054328918,0.0217474065721035,0.040837522596120834,0.13189132511615753,0.3493482768535614,0.926764726638794
48.66141060000518,-0.48057645559310913,0.8284057378768921,0.02169634774327278,0.04063166677951813,0.1317191869020462,0.34958693385124207,0.9267082214355469
48.66530680000142,-0.4805496633052826,0.8284161686897278,0.021659543737769127,0.040419209748506546,0.13180656731128693,0.34965384006500244,0.9266798496246338
48.66977520000364,-0.48052698373794556,0.8283901810646057,0.0216311514377594,0.04030254855751991,0.13183175027370453,0.3497876822948456,0.9266307950019836
48.67368269999861,-0.48048877716064453,0.8283568024635315,0.021599551662802696,0.04014807939529419,0.13168755173683167,0.3493282198905945,0.9268313646316528
48.677401200009626,-0.48048877716064453,0.8283568024635315,0.021599551662802696,0.04014807939529419,0.13168755173683167,0.3493282198905945,0.9268313646316528
48.68271140000434,-0.4804377555847168,0.8283030986785889,0.021525045856833458,0.040019143372774124,0.1318356841802597,0.34951287508010864,0.9267463088035583
48.686175700000604,-0.48040562868118286,0.8282657265663147,0.021493535488843918,0.03997431695461273,0.13184551894664764,0.3497070074081421,0.9266735911369324
48.69036700000288,-0.4803656339645386,0.82823646068573,0.021466126665472984,0.03985348716378212,0.13185159862041473,0.3498869240283966,0.9266099333763123
48.69434890001139,-0.48032522201538086,0.8281990885734558,0.02144133485853672,0.03972179815173149,0.13172689080238342,0.3501228094100952,0.9265442490577698
48.69845470000291,-0.48027706146240234,0.8281520009040833,0.02142956480383873,0.03997793421149254,0.1320229321718216,0.35005584359169006,0.9265164136886597
48.70275290000427,-0.480235755443573,0.8280894756317139,0.021375082433223724,0.039475344121456146,0.13165083527565002,0.3509531617164612,0.9262514114379883
48.7070328000118,-0.48019540309906006,0.828049898147583,0.02134942077100277,0.03946061059832573,0.13149608671665192,0.35125088691711426,0.9261612296104431
48.711424900000566,-0.4801484942436218,0.8280007243156433,0.021318722516298294,0.03939434513449669,0.13154959678649902,0.3514574468135834,0.9260780215263367
48.71515160000126,-0.48009946942329407,0.8279512524604797,0.02128974162042141,0.03929399326443672,0.13145555555820465,0.3517254889011383,0.9259938597679138
48.71921819999989,-0.48004934191703796,0.8278970718383789,0.021261516958475113,0.039297692477703094,0.13144129514694214,0.3518787622451782,0.9259375333786011
48.72332350000215,-0.4799976348876953,0.8278424739837646,0.02122785709798336,0.039180248975753784,0.13134391605854034,0.3521638810634613,0.9258478879928589
48.727431500010425,-0.47993481159210205,0.8277508020401001,0.021169288083910942,0.03962193801999092,0.1312934309244156,0.35217294096946716,0.9258328080177307
48.73178200000257,-0.47987455129623413,0.8276818990707397,0.021118860691785812,0.03956697881221771,0.1312260627746582,0.3522004187107086,0.9258342385292053
48.73604350000096,-0.4798097610473633,0.8276033997535706,0.0210709348320961,0.03941908851265907,0.13132858276367188,0.3520963490009308,0.9258655905723572
48.74059450000641,-0.4797489047050476,0.8274849653244019,0.021034345030784607,0.03962782025337219,0.1312524676322937,0.35216113924980164,0.925842821598053
48.74411700000928,-0.4797489047050476,0.8274849653244019,0.021034345030784607,0.03962782025337219,0.1312524676322937,0.35216113924980164,0.925842821598053
48.74829220000538,-0.4796011447906494,0.8273444771766663,0.020968720316886902,0.03953108936548233,0.1311189830303192,0.3527987599372864,0.9256231784820557
48.752475300003425,-0.4795406758785248,0.8272665143013,0.020923933014273643,0.03936685621738434,0.1310475766658783,0.3530442714691162,0.9255465865135193
48.75664440001128,-0.479457288980484,0.8271907567977905,0.020871128886938095,0.039741840213537216,0.13103079795837402,0.35316002368927,0.9254887700080872
48.76082020001195,-0.47937801480293274,0.8270989060401917,0.020835427567362785,0.039904866367578506,0.130750373005867,0.35312125086784363,0.9255362749099731
48.765036900003906,-0.47929343581199646,0.8270222544670105,0.020807955414056778,0.03971647843718529,0.13059012591838837,0.3537372648715973,0.9253317713737488
48.769198800000595,-0.4792020618915558,0.8269304037094116,0.020760325714945793,0.039748724550008774,0.13037721812725067,0.3543795645236969,0.9251145720481873
48.77325560001191,-0.4790918827056885,0.8268515467643738,0.020740369334816933,0.040133845061063766,0.13027626276016235,0.3545089662075043,0.9250625967979431
48.77787760000501,-0.47900381684303284,0.8267603516578674,0.020698780193924904,0.04007619246840477,0.13047276437282562,0.35446855425834656,0.9250528812408447
48.78189019999991,-0.4789109230041504,0.826674222946167,0.02065381594002247,0.039956483989953995,0.1306430846452713,0.35457026958465576,0.9249950647354126
48.78591370000504,-0.4788171350955963,0.8265895247459412,0.02060645818710327,0.03975586220622063,0.13076132535934448,0.35453274846076965,0.9250013828277588
48.79003940000257,-0.4787108600139618,0.826499342918396,0.020559193566441536,0.03958083316683769,0.13097995519638062,0.35438844561576843,0.9250332117080688
48.79417449999892,-0.47859930992126465,0.8264196515083313,0.02050935849547386,0.03925849124789238,0.13087305426597595,0.35467448830604553,0.924952507019043
48.7998801000067,-0.47848206758499146,0.8263343572616577,0.020457448437809944,0.03911008685827255,0.13114303350448608,0.35471370816230774,0.9249054789543152
48.80343410000205,-0.47833311557769775,0.8262616395950317,0.020430637523531914,0.03893674910068512,0.13128294050693512,0.35452741384506226,0.9249643683433533
48.80694940000831,-0.4782189130783081,0.8261863589286804,0.020375432446599007,0.03883171081542969,0.13148276507854462,0.35441991686820984,0.9249815940856934
48.81119760000729,-0.47810059785842896,0.8261155486106873,0.020335672423243523,0.03878744691610336,0.1316520720720291,0.35438272356987,0.9249736070632935
48.81535830000939,-0.4779724180698395,0.8260313272476196,0.020300649106502533,0.03861519694328308,0.1319967806339264,0.3542459011077881,0.9249841570854187
48.819578399998136,-0.47785642743110657,0.8259685635566711,0.02025112509727478,0.0384620763361454,0.1320377141237259,0.35426071286201477,0.9249789118766785
48.823340700007975,-0.4777045249938965,0.8259032964706421,0.020211856812238693,0.03808224946260452,0.13197891414165497,0.35431018471717834,0.9249841570854187
48.8276593000046,-0.4775625467300415,0.8258249163627625,0.02014082297682762,0.03904446214437485,0.13245752453804016,0.3540399670600891,0.924979031085968
48.83177270001033,-0.4774456322193146,0.8257595300674438,0.020079271867871284,0.03921007364988327,0.13291259109973907,0.35396313667297363,0.9249361753463745
48.83604770000966,-0.47730913758277893,0.8256788849830627,0.020044133067131042,0.03961840644478798,0.13281571865081787,0.3539944291114807,0.9249207973480225
48.84058329999971,-0.4771971106529236,0.8256151080131531,0.02001512609422207,0.039865389466285706,0.13298499584197998,0.35382139682769775,0.9249520301818848
48.84422870000708,-0.4770681858062744,0.8255563974380493,0.020005013793706894,0.039993323385715485,0.13274741172790527,0.35389357805252075,0.924953043460846
48.84861070000625,-0.4769289493560791,0.8254764676094055,0.019971245899796486,0.03975481912493706,0.13251325488090515,0.35441353917121887,0.9247977137565613
48.8527471999987,-0.4767901301383972,0.8254216313362122,0.01995452493429184,0.03966442495584488,0.13251863420009613,0.354825884103775,0.9246426820755005
48.85719490000338,-0.4766610860824585,0.8253498673439026,0.019924676045775414,0.039345383644104004,0.13213840126991272,0.3557332456111908,0.924362063407898
48.86145470000338,-0.47650888562202454,0.8252646923065186,0.019892990589141846,0.038918234407901764,0.13186778128147125,0.3566732108592987,0.9240565896034241
48.869324100000085,-0.476213276386261,0.8251440525054932,0.019827716052532196,0.03893250226974487,0.13174296915531158,0.3571971356868744,0.9238713979721069
48.873474100008025,-0.4760412871837616,0.8250738382339478,0.019773485139012337,0.03906814754009247,0.1315917819738388,0.3573095202445984,0.9238436818122864
48.87796789999993,-0.4758906066417694,0.8250043392181396,0.019753100350499153,0.039281588047742844,0.1317901909351349,0.35736390948295593,0.9237853288650513
48.88310000000638,-0.4757208228111267,0.8249397873878479,0.019713550806045532,0.039439857006073,0.1321704238653183,0.3570283353328705,0.9238540530204773
48.886642800003756,-0.4755392074584961,0.8248778581619263,0.019700050354003906,0.03957425057888031,0.13221071660518646,0.3567114770412445,0.9239649176597595
48.89202010000008,-0.47535720467567444,0.8248157501220703,0.019681185483932495,0.03963467851281166,0.13233500719070435,0.35703107714653015,0.9238210320472717
48.89614910000819,-0.4751799404621124,0.8247482776641846,0.01963961124420166,0.03999579697847366,0.1325511634349823,0.3570566475391388,0.9237646460533142
48.900416900010896,-0.47501105070114136,0.824677586555481,0.019604112952947617,0.03957749530673027,0.1323327124118805,0.35801461338996887,0.9234431385993958
48.90451480000047,-0.47483932971954346,0.8246238827705383,0.01957421563565731,0.03957880288362503,0.1324644684791565,0.3580903112888336,0.9233949184417725
48.90857210000104,-0.4746468663215637,0.8245632648468018,0.01953301392495632,0.03981676697731018,0.1326257437467575,0.35813793540000916,0.9233430027961731
48.91262070000812,-0.47445178031921387,0.8245149254798889,0.019510364159941673,0.03962841257452965,0.13319306075572968,0.35806477069854736,0.9232978820800781
48.916061299998546,-0.47422468662261963,0.8244680166244507,0.019504880532622337,0.040519874542951584,0.1336052268743515,0.35731929540634155,0.9234883785247803
48.91968960000668,-0.47403162717819214,0.8244190812110901,0.019491158425807953,0.04066849872469902,0.1339641958475113,0.357015460729599,0.9235473275184631
48.924629600005574,-0.4738193154335022,0.8243736028671265,0.01947643980383873,0.041008807718753815,0.13466551899909973,0.3564015030860901,0.9236674308776855
48.92805539999972,-0.473599374294281,0.824326753616333,0.019473444670438766,0.040999382734298706,0.13468021154403687,0.35691162943840027,0.9234686493873596
48.93184889999975,-0.4733662009239197,0.8242682814598083,0.019472358748316765,0.04059700295329094,0.1342398077249527,0.3574402928352356,0.9233461618423462
48.9358712000103,-0.4731263220310211,0.8242217898368835,0.019491462036967278,0.04031888768076897,0.13403204083442688,0.35818079113960266,0.9231014847755432
48.940100400010124,-0.47290530800819397,0.8241756558418274,0.019502859562635422,0.0402677021920681,0.13384278118610382,0.35866814851760864,0.9229419231414795
48.9441133000073,-0.4726855158805847,0.8241159319877625,0.019521189853549004,0.040590349584817886,0.13430215418338776,0.35828959941864014,0.923008143901825
48.94862930000818,-0.47244784235954285,0.8240429759025574,0.019510628655552864,0.04082423076033592,0.13472509384155273,0.35824841260910034,0.9229521751403809
48.95273889999953,-0.4722256660461426,0.8239793181419373,0.019532226026058197,0.04081251099705696,0.135084331035614,0.35838255286216736,0.922848105430603
48.956709899997804,-0.47202268242836,0.8239114880561829,0.019548771902918816,0.04042768478393555,0.1352815479040146,0.3588595390319824,0.9226506948471069
48.9608128000109,-0.4718042016029358,0.8238712549209595,0.01957543194293976,0.0408085472881794,0.13593393564224243,0.3586389720439911,0.9226238131523132
48.965280600008555,-0.4715781509876251,0.8238306641578674,0.01960752159357071,0.041612498462200165,0.1358642727136612,0.3584749400615692,0.9226619601249695
48.9692531000037,-0.47134819626808167,0.8237817287445068,0.01962466351687908,0.041826024651527405,0.1358322650194168,0.3588009774684906,0.9225302338600159
48.97343680000631,-0.4710986316204071,0.8237253427505493,0.01965465396642685,0.04178367555141449,0.1355074793100357,0.35888078808784485,0.9225488901138306
48.97805900000094,-0.4708424210548401,0.8236604928970337,0.019684355705976486,0.041172292083501816,0.13517114520072937,0.3598542809486389,0.9222464561462402
48.983156000002054,-0.4706059396266937,0.8236079216003418,0.019706863909959793,0.04110608249902725,0.13543225824832916,0.3601527512073517,0.9220945835113525
48.98662400001194,-0.47037529945373535,0.8235214352607727,0.019717462360858917,0.04111814498901367,0.13599973917007446,0.35993674397468567,0.9220948219299316
48.990226599999005,-0.4701419472694397,0.8234453797340393,0.019732309505343437,0.04058818519115448,0.13633733987808228,0.360260546207428,0.9219419956207275
48.99452300000121,-0.4698914885520935,0.8233925700187683,0.01976052299141884,0.04061354324221611,0.13691401481628418,0.35987621545791626,0.9220055341720581
48.99887560000934,-0.46964383125305176,0.8233537673950195,0.019810346886515617,0.04041524976491928,0.13774093985557556,0.3592154085636139,0.9221488237380981
49.00272440000845,-0.46940794587135315,0.8233059644699097,0.019871246069669724,0.04038538038730621,0.1374749392271042,0.3597989082336426,0.9219622611999512
49.006807800004026,-0.46917101740837097,0.8232578039169312,0.019928347319364548,0.04029426351189613,0.13731874525547028,0.3603075444698334,0.9217908978462219
49.0114956000034,-0.46891283988952637,0.8232250213623047,0.02002590522170067,0.03975312411785126,0.13688790798187256,0.36171555519104004,0.9213269352912903
49.017058199999155,-0.4686385691165924,0.823196530342102,0.02009928598999977,0.04064827784895897,0.13691698014736176,0.36108943819999695,0.9215291738510132
49.02245630000834,-0.46840202808380127,0.8231468200683594,0.020162101835012436,0.04111676290631294,0.13736592233181,0.36102384328842163,0.9214671850204468
49.02729320000799,-0.46790170669555664,0.8230751752853394,0.020304057747125626,0.04150311276316643,0.13850118219852448,0.36097535490989685,0.9212989211082458
49.031379200008814,-0.46765443682670593,0.8230283856391907,0.020370032638311386,0.041839323937892914,0.13898965716362,0.3606935441493988,0.9213205575942993
49.03573590000451,-0.4674021303653717,0.822987973690033,0.020453814417123795,0.04159265756607056,0.13856999576091766,0.36124327778816223,0.9211795330047607
49.04001710000739,-0.46713414788246155,0.8229531049728394,0.020550264045596123,0.04143930971622467,0.13855108618736267,0.36151057481765747,0.921084463596344
49.044864399998914,-0.46685412526130676,0.822907030582428,0.020620329305529594,0.04109029099345207,0.13864421844482422,0.361446350812912,0.9211112260818481
49.048597900007735,-0.4665857255458832,0.82289719581604,0.02073488011956215,0.04108467698097229,0.13863690197467804,0.36205098032951355,0.9208751320838928
49.05251790001057,-0.46630704402923584,0.8228650689125061,0.020860755816102028,0.04093183949589729,0.13903574645519257,0.3622439205646515,0.920745849609375
49.05687570000009,-0.46604663133621216,0.8228220343589783,0.020966647192835808,0.04102545231580734,0.1393517106771469,0.3628990650177002,0.920435905456543
49.06089210000937,-0.4657827615737915,0.8227702975273132,0.021054305136203766,0.04081946611404419,0.13953791558742523,0.3637315630912781,0.9200882315635681
49.06502740000724,-0.46552711725234985,0.822749674320221,0.021152280271053314,0.04115598276257515,0.14029641449451447,0.36302557587623596,0.9202367067337036
49.06908050000493,-0.465257853269577,0.8227243423461914,0.02127750962972641,0.04155972972512245,0.14038875699043274,0.362850159406662,0.9202736616134644
49.07531870000821,-0.4650017321109772,0.8226928114891052,0.021375522017478943,0.04188906028866768,0.14033088088035583,0.3626791834831238,0.9203349351882935
49.07882960001007,-0.46471014618873596,0.8226819038391113,0.021489493548870087,0.0417526513338089,0.14030194282531738,0.3630335032939911,0.9202058911323547
49.08237139999983,-0.46443432569503784,0.8226297497749329,0.02160341665148735,0.04187297075986862,0.14056111872196198,0.3635093569755554,0.9199729561805725
49.085925999999745,-0.46414715051651,0.8225914835929871,0.021693095564842224,0.041623007506132126,0.1403302252292633,0.3640449047088623,0.9198077321052551
49.09048179999809,-0.4638742208480835,0.822583019733429,0.021776782348752022,0.04093678668141365,0.14063642919063568,0.3648131489753723,0.9194873571395874
49.09419240000716,-0.46359091997146606,0.8225642442703247,0.021883029490709305,0.040423277765512466,0.14097028970718384,0.36472976207733154,0.9194920659065247
49.09831660000782,-0.4632946848869324,0.8225746750831604,0.02204194851219654,0.04036449268460274,0.14124538004398346,0.36488765478134155,0.9193897843360901
49.10234800000035,-0.46303024888038635,0.8225539326667786,0.022153440862894058,0.04052669554948807,0.14131690561771393,0.3647795021533966,0.9194145798683167
49.10677579999901,-0.46276184916496277,0.8225554823875427,0.022300800308585167,0.04136330261826515,0.14173851907253265,0.3636205196380615,0.9197713732719421
49.11090160001186,-0.4624845087528229,0.8225114941596985,0.022409982979297638,0.04140609875321388,0.14194940030574799,0.3632723093032837,0.9198744893074036
49.11504870001227,-0.4622204601764679,0.8224561810493469,0.02252156287431717,0.041142068803310394,0.14225471019744873,0.363966166973114,0.919564962387085
49.119698399998015,-0.4619666635990143,0.8224191069602966,0.02260643243789673,0.041147761046886444,0.1425860971212387,0.3643704056739807,0.919353187084198
49.123377000010805,-0.46168968081474304,0.8223973512649536,0.022713426500558853,0.040997494012117386,0.14295406639575958,0.36457574367523193,0.9192213416099548
49.127721500000916,-0.4614148437976837,0.8223956227302551,0.02287326380610466,0.04099344089627266,0.1429479867219925,0.3653563857078552,0.9189125299453735
49.133173100010026,-0.4611537456512451,0.8224086165428162,0.023018311709165573,0.04087281972169876,0.14285799860954285,0.3658478260040283,0.9187362790107727
49.140780900008394,-0.46064841747283936,0.822413980960846,0.023305892944335938,0.040398094803094864,0.14268407225608826,0.36605706810951233,0.9187009930610657
49.14432600000873,-0.4604092538356781,0.8223910927772522,0.023419925943017006,0.04069450870156288,0.14311915636062622,0.36602234840393066,0.9186340570449829
49.14873260000604,-0.4601721167564392,0.8223881125450134,0.023553241044282913,0.04102468863129616,0.14370016753673553,0.3656807839870453,0.9186647534370422
49.152575400003116,-0.45995521545410156,0.8223649859428406,0.023659996688365936,0.0408865250647068,0.144263356924057,0.36574724316596985,0.9185560941696167
49.15672680000716,-0.4597083330154419,0.8223565816879272,0.023785095661878586,0.04115484282374382,0.14429856836795807,0.3660002052783966,0.9184378385543823
49.161350700000185,-0.4594753086566925,0.8223357200622559,0.02388765476644039,0.04156908020377159,0.14462822675704956,0.3660314381122589,0.918354868888855
49.165079700003844,-0.4592367112636566,0.8223261833190918,0.024003081023693085,0.041128434240818024,0.14436107873916626,0.365948885679245,0.9184496998786926
49.16941320001206,-0.45903074741363525,0.8223024010658264,0.024130351841449738,0.040610384196043015,0.14406147599220276,0.36678850650787354,0.9181848168373108
49.17364290000114,-0.45883238315582275,0.8222864866256714,0.024229075759649277,0.04022851958870888,0.14454756677150726,0.3669780194759369,0.9180494546890259
49.17749940000067,-0.4586358964443207,0.8222618699073792,0.02435445785522461,0.03984854742884636,0.1450299769639969,0.36713817715644836,0.9179258942604065
49.18586779999896,-0.45826226472854614,0.8221943378448486,0.024605778977274895,0.040254514664411545,0.1458139717578888,0.3669096529483795,0.917875349521637
49.19033360001049,-0.458085834980011,0.8221610188484192,0.024729643017053604,0.04034062847495079,0.14612768590450287,0.36669638752937317,0.9179068803787231
49.19470440001169,-0.4578932225704193,0.8221572041511536,0.024884015321731567,0.040598977357149124,0.145863875746727,0.36676526069641113,0.9179100394248962
49.20258850000391,-0.45754340291023254,0.8220831155776978,0.02510291151702404,0.040693219751119614,0.14608469605445862,0.3667016923427582,0.917896032333374
49.20670450000034,-0.45739883184432983,0.8220547437667847,0.025214500725269318,0.040958963334560394,0.14631858468055725,0.3665391206741333,0.917911946773529
49.21087150000676,-0.45724043250083923,0.8220499157905579,0.02533043920993805,0.04082346335053444,0.146145761013031,0.36701786518096924,0.9177541732788086
49.21494679999887,-0.4570699632167816,0.822024941444397,0.025447387248277664,0.04085782915353775,0.14625339210033417,0.366855263710022,0.9178005456924438
49.219170700001996,-0.45691874623298645,0.8219848275184631,0.025571640580892563,0.04130559787154198,0.14679878950119019,0.3665865659713745,0.9178007245063782
49.22330310000689,-0.45678216218948364,0.821960985660553,0.025673741474747658,0.041051119565963745,0.14721034467220306,0.3667346239089966,0.9176871180534363
49.23191570000199,-0.45652279257774353,0.8219414949417114,0.025888942182064056,0.04056854918599129,0.14804388582706451,0.3665085732936859,0.9176648259162903
49.236003099998925,-0.4563933312892914,0.8219422698020935,0.026008354499936104,0.04091253876686096,0.1479942947626114,0.3663686215877533,0.9177134037017822
49.24005449999822,-0.45628243684768677,0.821916937828064,0.026100268587470055,0.04116068035364151,0.14831246435642242,0.36619648337364197,0.9177197217941284
49.244153400009964,-0.4561743438243866,0.8218953013420105,0.026199879124760628,0.041153889149427414,0.1483280062675476,0.3660838305950165,0.9177623987197876
49.248207299999194,-0.4560627043247223,0.8218973278999329,0.02630557492375374,0.041458096355199814,0.14896276593208313,0.3653542399406433,0.9179366230964661
49.252667200009455,-0.45596182346343994,0.8218638896942139,0.026416094973683357,0.0418969951570034,0.14865000545978546,0.36541950702667236,0.9179414510726929
49.25806079999893,-0.4558719992637634,0.8218382596969604,0.026498179882764816,0.04202249273657799,0.14866553246974945,0.36541280150413513,0.917935848236084
49.26150469999993,-0.45577120780944824,0.8217975497245789,0.026574166491627693,0.04206058382987976,0.1489124894142151,0.3655584156513214,0.91783607006073
49.265248900002916,-0.4556677043437958,0.8217558264732361,0.026678603142499924,0.041994061321020126,0.14925964176654816,0.36569470167160034,0.9177284836769104
49.269443400000455,-0.4555854797363281,0.8217090368270874,0.0267796628177166,0.041952405124902725,0.14942675828933716,0.36598557233810425,0.9175872206687927
49.27350320000551,-0.4555119276046753,0.8216630220413208,0.026881150901317596,0.04207963868975639,0.14942888915538788,0.36595651507377625,0.9175926446914673
49.27761480001209,-0.4554448425769806,0.8216137290000916,0.026965666562318802,0.0422564260661602,0.14955562353134155,0.3661636710166931,0.9174812436103821
49.28176350001013,-0.45538830757141113,0.8215532302856445,0.02704053930938244,0.04210163652896881,0.14953546226024628,0.366584450006485,0.9173235297203064
49.28725980001036,-0.4553546607494354,0.821496307849884,0.02713203988969326,0.042283929884433746,0.14972956478595734,0.36654314398765564,0.9173000454902649
49.29184650001116,-0.4553225040435791,0.8214573264122009,0.027217991650104523,0.042767688632011414,0.15000306069850922,0.36600199341773987,0.9174489378929138
49.2960560000065,-0.4552851617336273,0.8213995099067688,0.02729848027229309,0.04292144253849983,0.15003560483455658,0.3660946190357208,0.9173994660377502
49.30058390001068,-0.4552851617336273,0.8213995099067688,0.02729848027229309,0.04292144253849983,0.15003560483455658,0.3660946190357208,0.9173994660377502
49.307977400007076,-0.45519453287124634,0.8212328553199768,0.02752930112183094,0.042781051248311996,0.14991597831249237,0.3672817349433899,0.9169510006904602
49.31206260000181,-0.45516183972358704,0.8211925625801086,0.027619298547506332,0.04289764165878296,0.1496339589357376,0.3675963878631592,0.9168655276298523
49.31789010000648,-0.4551335573196411,0.821148693561554,0.02769368886947632,0.042957596480846405,0.14966948330402374,0.36768677830696106,0.9168206453323364
49.3239784000034,-0.45510366559028625,0.8210794925689697,0.027859022840857506,0.04346499592065811,0.1494353711605072,0.3676914870738983,0.9168330430984497
49.32811500001117,-0.4550895094871521,0.8210557103157043,0.027930650860071182,0.04351447522640228,0.14950889348983765,0.3676924705505371,0.9168183207511902
49.331913600006374,-0.4550692141056061,0.8210358619689941,0.028004426509141922,0.043518733233213425,0.14960944652557373,0.36740654706954956,0.9169163107872009
49.33643200001097,-0.45506227016448975,0.8210268020629883,0.028066089376807213,0.04343010485172272,0.1495794951915741,0.3674810230731964,0.9168955683708191
49.34044690000883,-0.455046147108078,0.8210137486457825,0.0281309075653553,0.04343089833855629,0.14947882294654846,0.3673650324344635,0.9169584512710571
49.344247000000905,-0.45503634214401245,0.8210089206695557,0.028197776526212692,0.04303934797644615,0.1496853232383728,0.36715418100357056,0.9170277118682861
49.348542300009285,-0.45503857731819153,0.8209983110427856,0.028254032135009766,0.04284178465604782,0.14968550205230713,0.36729955673217773,0.916978657245636
49.352519000007305,-0.4550340473651886,0.8209940791130066,0.028318746015429497,0.043004877865314484,0.14978227019309998,0.366946816444397,0.9170964360237122
49.35670280001068,-0.45504266023635864,0.8209947347640991,0.028370454907417297,0.042997829616069794,0.1498126983642578,0.366807222366333,0.917147696018219
49.36093130000518,-0.4550400674343109,0.820980429649353,0.028432270511984825,0.042995523661375046,0.14959141612052917,0.36635875701904297,0.917363166809082
49.36499640000693,-0.4550546705722809,0.8209722638130188,0.028481051325798035,0.042996350675821304,0.14953301846981049,0.3663339614868164,0.9173824787139893
49.36928290000651,-0.4550783634185791,0.820958137512207,0.028529319912195206,0.043009694665670395,0.14959390461444855,0.3660470247268677,0.9174865484237671
49.373288800008595,-0.4550984501838684,0.8209514617919922,0.028575628995895386,0.04296978563070297,0.1494472771883011,0.36617982387542725,0.91745924949646
49.37766910000937,-0.4551297128200531,0.8209376931190491,0.02861456573009491,0.0429052896797657,0.14960330724716187,0.36589565873146057,0.9175502061843872
49.38180680001096,-0.45516544580459595,0.8209268450737,0.028669625520706177,0.04288832098245621,0.14938829839229584,0.3660230338573456,0.9175352454185486
49.38612809999904,-0.4552153944969177,0.8209243416786194,0.028727786615490913,0.04252434894442558,0.14935027062892914,0.36597970128059387,0.9175756573677063
49.39025340000808,-0.45525044202804565,0.8209134340286255,0.028769519180059433,0.04249720275402069,0.14928098022937775,0.36616942286491394,0.9175125360488892
49.394327000001795,-0.455284982919693,0.82089763879776,0.028808411210775375,0.04261712729930878,0.14921137690544128,0.36621764302253723,0.9174990057945251
49.39849020000838,-0.455323189496994,0.8208816051483154,0.02884829416871071,0.04267077147960663,0.14924785494804382,0.3660636842250824,0.9175519943237305
49.40252909999981,-0.4553554356098175,0.8208768367767334,0.028906773775815964,0.0427590012550354,0.14891386032104492,0.3662230968475342,0.9175385236740112
49.406616400010535,-0.4554024338722229,0.8208605647087097,0.02894406206905842,0.04280547797679901,0.14883503317832947,0.3663327395915985,0.9175054430961609
49.411328400005004,-0.4554530382156372,0.8208246827125549,0.028980456292629242,0.04312021657824516,0.14882707595825195,0.36618494987487793,0.9175509810447693
49.41513730000588,-0.4554969072341919,0.8208019733428955,0.029013901948928833,0.04316375404596329,0.1489345133304596,0.3660227358341217,0.917596161365509
49.41947110000183,-0.4555583894252777,0.820777416229248,0.02905498631298542,0.04325336590409279,0.14893968403339386,0.3662620782852173,0.917495608329773
49.423416300007375,-0.4555966556072235,0.8207544684410095,0.029084360226988792,0.043289996683597565,0.14892609417438507,0.3663136661052704,0.9174755215644836
49.42779390000214,-0.4556514620780945,0.8207169771194458,0.02909504435956478,0.04308919981122017,0.14926999807357788,0.366365909576416,0.9174081683158875
49.43182460000389,-0.4556936025619507,0.8206924200057983,0.029112929478287697,0.04309950768947601,0.14925257861614227,0.36627429723739624,0.9174472093582153
49.435712500009686,-0.45573708415031433,0.8206651210784912,0.029133066534996033,0.043177831918001175,0.14927034080028534,0.366189569234848,0.9174743890762329
49.4400222000113,-0.45577770471572876,0.8206361532211304,0.02914731204509735,0.04319852590560913,0.14936958253383636,0.36590683460235596,0.9175700545310974
49.4455275000073,-0.4558234214782715,0.8206071257591248,0.02916882187128067,0.04335469380021095,0.14924544095993042,0.3658126890659332,0.9176204204559326
49.4492031000118,-0.45585936307907104,0.8205708265304565,0.029179630801081657,0.04320598393678665,0.14917899668216705,0.36583617329597473,0.9176288843154907
49.45293210000091,-0.4559229612350464,0.8205157518386841,0.02916542813181877,0.04353168606758118,0.14902222156524658,0.36555683612823486,0.9177502393722534
49.45728410000447,-0.4559745490550995,0.8204734921455383,0.029184013605117798,0.04356623440980911,0.14900173246860504,0.36518242955207825,0.9179010987281799
49.46109530000831,-0.45601004362106323,0.8204269409179688,0.029181620106101036,0.043774403631687164,0.1489151567220688,0.3650800287723541,0.9179458618164062
49.465415500002564,-0.4560554027557373,0.8203909993171692,0.029199030250310898,0.04374082759022713,0.14895381033420563,0.36488234996795654,0.9180198311805725
49.46934120000515,-0.4560993015766144,0.8203312754631042,0.029200170189142227,0.04356418922543526,0.14912094175815582,0.36449167132377625,0.9181562662124634
49.47411629999988,-0.4561520516872406,0.8202860355377197,0.029209107160568237,0.04354780912399292,0.14880779385566711,0.36440178751945496,0.9182435274124146
49.47809540000162,-0.45619943737983704,0.8202255368232727,0.0292193740606308,0.04374051094055176,0.14868620038032532,0.3643169105052948,0.9182877540588379
49.48196699999971,-0.45624852180480957,0.8201691508293152,0.029222574084997177,0.04384123906493187,0.1487213522195816,0.3640884459018707,0.918367862701416
49.48784169999999,-0.45628997683525085,0.8201093673706055,0.029211804270744324,0.04404943808913231,0.1488569974899292,0.3637869358062744,0.9184554219245911
49.492725300005986,-0.45633968710899353,0.8200486302375793,0.029211919754743576,0.04409799724817276,0.1488717943429947,0.3636758625507355,0.9184946417808533
49.49799800000619,-0.45643043518066406,0.8199564218521118,0.029210221022367477,0.04404803737998009,0.14876459538936615,0.3638123869895935,0.9184603691101074
49.50246680001146,-0.4564717710018158,0.8199074864387512,0.029203208163380623,0.044059641659259796,0.1487845778465271,0.363639235496521,0.9185250997543335
49.506878100000904,-0.456513911485672,0.819866955280304,0.029206033796072006,0.04411239176988602,0.1485932618379593,0.36376431584358215,0.9185041189193726
49.510931000011624,-0.4565659463405609,0.8198271989822388,0.02921026013791561,0.04388117790222168,0.14842461049556732,0.3637898862361908,0.9185322523117065
49.515216900006635,-0.45660528540611267,0.8197871446609497,0.02920377627015114,0.04380226507782936,0.14828628301620483,0.36390647292137146,0.9185121655464172
49.51877429999877,-0.45660528540611267,0.8197871446609497,0.02920377627015114,0.04380226507782936,0.14828628301620483,0.36390647292137146,0.9185121655464172
49.52340479999839,-0.4566837549209595,0.8197040557861328,0.029190199449658394,0.043850015848875046,0.14814236760139465,0.3639794886112213,0.9185041785240173
49.5276162000082,-0.4567396640777588,0.819657564163208,0.02915848232805729,0.043654002249240875,0.1485622227191925,0.3636293411254883,0.9185844659805298
49.53162670000165,-0.45677387714385986,0.8196240067481995,0.02914697490632534,0.04365164414048195,0.14857667684555054,0.3635178208351135,0.9186263084411621
49.536067599998205,-0.45681747794151306,0.8196014165878296,0.02912137471139431,0.043439727276563644,0.14838549494743347,0.3636268377304077,0.9186241030693054
49.54001510000671,-0.4568593502044678,0.8195569515228271,0.029102060943841934,0.043440964072942734,0.1484024077653885,0.3634456694126129,0.9186930060386658
49.5441034000105,-0.45689988136291504,0.8195177912712097,0.029087122529745102,0.04338540881872177,0.14826899766921997,0.3635993003845215,0.9186564087867737
49.548715700002504,-0.4569428265094757,0.8194748759269714,0.02906835451722145,0.04339686781167984,0.14829805493354797,0.3634890615940094,0.9186948537826538
49.55341760000738,-0.4569932818412781,0.8194037675857544,0.029043573886156082,0.043300267308950424,0.1478191316127777,0.363946795463562,0.9185953140258789
49.55747169999813,-0.45703747868537903,0.8193573951721191,0.029038885608315468,0.04338740184903145,0.14751198887825012,0.364189475774765,0.918544352054596
49.56096790000447,-0.45708128809928894,0.8193129897117615,0.029019318521022797,0.0432848259806633,0.1472705751657486,0.3644598722457886,0.9184806942939758
49.56516310000734,-0.4571305215358734,0.8192735910415649,0.02899749204516411,0.04349468648433685,0.1470729559659958,0.3648379445075989,0.9183523654937744
49.57030420000956,-0.4571835994720459,0.8192184567451477,0.028972622007131577,0.043371740728616714,0.146963968873024,0.3650728464126587,0.9182823300361633
49.57377129999804,-0.45722827315330505,0.8191536068916321,0.028932856395840645,0.043947841972112656,0.1466706097126007,0.3650234043598175,0.918321430683136
49.57776400000148,-0.4572742283344269,0.8191059827804565,0.028911123052239418,0.043965477496385574,0.14648017287254333,0.3650727868080139,0.9183313846588135
49.58229530000244,-0.4573254883289337,0.8190569281578064,0.028888003900647163,0.04399072378873825,0.14636830985546112,0.36519885063171387,0.9182978868484497
49.59028420000686,-0.4574304521083832,0.8189631700515747,0.028839541599154472,0.04392830282449722,0.1462068259716034,0.36549049615859985,0.918210506439209
49.59424940000463,-0.45748844742774963,0.8189128041267395,0.028793826699256897,0.04420385882258415,0.1460033357143402,0.3653155565261841,0.9182993173599243
49.598584700012,-0.4575331509113312,0.8188797831535339,0.028780188411474228,0.044176384806632996,0.14582771062850952,0.36559727787971497,0.9182164669036865
49.602797100000316,-0.45757782459259033,0.8188427686691284,0.028772477060556412,0.04437027499079704,0.1459091156721115,0.365405797958374,0.9182703495025635
49.607271700006095,-0.45761579275131226,0.8188084959983826,0.028752803802490234,0.04446063190698624,0.1459314078092575,0.36537355184555054,0.9182752370834351
49.6111399000074,-0.4576568305492401,0.8187724351882935,0.02873837761580944,0.0444684736430645,0.14594945311546326,0.3653385639190674,0.9182860255241394
49.6151389000006,-0.45769283175468445,0.8187408447265625,0.028721408918499947,0.044562943279743195,0.14593668282032013,0.36528944969177246,0.9183028936386108
49.61961400001019,-0.45772895216941833,0.818726122379303,0.028714625164866447,0.04457568749785423,0.14581476151943207,0.36542844772338867,0.9182664155960083
49.62359440000728,-0.457760751247406,0.8187012076377869,0.028691621497273445,0.04467222839593887,0.14584872126579285,0.36541178822517395,0.9182628989219666
49.62861850000627,-0.45780813694000244,0.8186805248260498,0.02869335189461708,0.044398870319128036,0.1457885354757309,0.36564135551452637,0.9181943535804749
49.63201100000879,-0.4578457176685333,0.8186684250831604,0.02867828868329525,0.044470686465501785,0.14565818011760712,0.3656958341598511,0.9181898236274719
49.63589299999876,-0.4578773081302643,0.8186519145965576,0.02865467593073845,0.04444193094968796,0.1456838995218277,0.365573912858963,0.9182357788085938
49.640188600009424,-0.45791390538215637,0.8186418414115906,0.028636250644922256,0.044447869062423706,0.14559976756572723,0.3654704988002777,0.9182899594306946
49.644218800007366,-0.45795300602912903,0.8186352849006653,0.028608469292521477,0.044457755982875824,0.14561083912849426,0.36527183651924133,0.9183667302131653
49.64847310000914,-0.4579869508743286,0.8186255693435669,0.02858397178351879,0.044282760471105576,0.14553682506084442,0.36527079343795776,0.9183873534202576
49.65277830000559,-0.4580530524253845,0.8185986876487732,0.028534984216094017,0.04422393813729286,0.1459069550037384,0.36534562706947327,0.9183017015457153
49.66101760001038,-0.45812711119651794,0.8185873031616211,0.028485078364610672,0.04390908405184746,0.14553894102573395,0.36499926447868347,0.9185128808021545
49.66512710000097,-0.458187073469162,0.8185937404632568,0.028450513258576393,0.04402436316013336,0.145929217338562,0.36465445160865784,0.9185824990272522
49.66948150000826,-0.45823463797569275,0.8185824751853943,0.028407596051692963,0.04355476796627045,0.14565816521644592,0.365004301071167,0.9185088276863098
49.67429270000139,-0.45829084515571594,0.8185895085334778,0.028384879231452942,0.04364737868309021,0.1459069848060608,0.36447781324386597,0.9186739921569824
49.67781780000951,-0.45829084515571594,0.8185895085334778,0.028384879231452942,0.04364737868309021,0.1459069848060608,0.36447781324386597,0.9186739921569824
49.6810633999994,-0.45829084515571594,0.8185895085334778,0.028384879231452942,0.04364737868309021,0.1459069848060608,0.36447781324386597,0.9186739921569824
49.68446440000844,-0.45829084515571594,0.8185895085334778,0.028384879231452942,0.04364737868309021,0.1459069848060608,0.36447781324386597,0.9186739921569824
49.693767300006584,-0.458610862493515,0.8185405135154724,0.02823924459517002,0.042587246745824814,0.1450962871313095,0.3654623031616211,0.9184610843658447
49.70257800001127,-0.4587652385234833,0.8185431957244873,0.028200780972838402,0.042230136692523956,0.14512595534324646,0.3656724989414215,0.9183892607688904
49.7087606999994,-0.4588346779346466,0.8185392022132874,0.028188712894916534,0.0422716960310936,0.14498579502105713,0.3658769130706787,0.918328046798706
49.71273030000157,-0.4588892459869385,0.8185186982154846,0.028140611946582794,0.04314925894141197,0.1449470967054367,0.3655064105987549,0.9184408783912659
49.717648800011375,-0.4589557945728302,0.8185316324234009,0.028119094669818878,0.04307280480861664,0.14473336935043335,0.36557886004447937,0.9184492826461792
49.72215359999973,-0.45900991559028625,0.8185458183288574,0.028099730610847473,0.043009039014577866,0.1445762664079666,0.36577728390693665,0.9183980226516724
49.72553450000123,-0.4590863287448883,0.8185417652130127,0.028050947934389114,0.04326923191547394,0.14431332051753998,0.3653840720653534,0.9185836911201477
49.72932560001209,-0.45913583040237427,0.818557858467102,0.02801918052136898,0.04318898171186447,0.14428476989269257,0.36524149775505066,0.9186486601829529
49.73348720000649,-0.4591965973377228,0.8185717463493347,0.02797238901257515,0.043422650545835495,0.14418266713619232,0.3648305833339691,0.9188169836997986
49.73726819999865,-0.459245502948761,0.8185847401618958,0.02793296054005623,0.04322656989097595,0.1441655158996582,0.3648086488246918,0.9188375473022461
49.74081090000982,-0.45929646492004395,0.8186032176017761,0.02789827436208725,0.04329364001750946,0.1440313458442688,0.3646133244037628,0.9189330339431763
49.74893549999979,-0.459388792514801,0.818619430065155,0.027822578325867653,0.04322424158453941,0.14370983839035034,0.36425185203552246,0.9191299080848694
49.752831100006006,-0.4594346284866333,0.8186227679252625,0.027786843478679657,0.04323902353644371,0.14376330375671387,0.36407366394996643,0.9191914200782776
49.76091599999927,-0.45953863859176636,0.8186466097831726,0.027744963765144348,0.04340692237019539,0.1435461789369583,0.3637482821941376,0.919346272945404
49.765255400008755,-0.4595949947834015,0.8186430335044861,0.027713239192962646,0.043394483625888824,0.14351220428943634,0.36359354853630066,0.9194133877754211
49.7692786000116,-0.45965489745140076,0.8186437487602234,0.027698304504156113,0.04349849745631218,0.14331135153770447,0.36368393898010254,0.9194039702415466
49.77335750000202,-0.459714412689209,0.8186372518539429,0.027689842507243156,0.043628010898828506,0.14318913221359253,0.36377260088920593,0.9193819165229797
49.77755220000108,-0.4597896933555603,0.8186275362968445,0.027682160958647728,0.043897561728954315,0.14317716658115387,0.3638421297073364,0.9193433523178101
49.78164050000487,-0.45987027883529663,0.8186098337173462,0.027680395171046257,0.044041965156793594,0.1431158185005188,0.3642195463180542,0.9191965460777283
49.7858028000046,-0.4599638879299164,0.8185848593711853,0.027665406465530396,0.04416071996092796,0.14346565306186676,0.3640826642513275,0.919190526008606
49.79010700000799,-0.4600447714328766,0.8185556530952454,0.027672218158841133,0.04422112554311752,0.14347009360790253,0.363990843296051,0.9192233681678772
49.7942977000057,-0.4601386785507202,0.8185489177703857,0.02765032649040222,0.044151123613119125,0.14351242780685425,0.3642614483833313,0.9191128611564636
49.79979520000052,-0.46023714542388916,0.8185338973999023,0.027632128447294235,0.04426511377096176,0.1438879817724228,0.36447665095329285,0.9189633131027222
49.803208400000585,-0.4603116810321808,0.8185162544250488,0.027613455429673195,0.044234614819288254,0.14398491382598877,0.36420938372612,0.9190555810928345
49.80693620000966,-0.4603850841522217,0.8185001611709595,0.02758314460515976,0.044226087629795074,0.14407731592655182,0.36398160457611084,0.9191318154335022
49.81112060000305,-0.4604617655277252,0.8185001611709595,0.027551112696528435,0.0441901870071888,0.14414067566394806,0.3638290762901306,0.9191839694976807
49.81805850000819,-0.46053776144981384,0.8184872269630432,0.027523444965481758,0.04406476020812988,0.1440282166004181,0.36355721950531006,0.9193152189254761
49.82299590000184,-0.4606904983520508,0.8184852004051208,0.027445001527667046,0.0441427156329155,0.14467765390872955,0.36217936873435974,0.9197531938552856
49.827657600006205,-0.46077272295951843,0.8184766173362732,0.027400165796279907,0.04407340660691261,0.14441828429698944,0.36199983954429626,0.9198679327964783
49.83210220000183,-0.4608415961265564,0.8184764981269836,0.027365420013666153,0.0442977249622345,0.144572913646698,0.3612253963947296,0.9201372861862183
49.83684630000789,-0.46093305945396423,0.8184698820114136,0.02730400115251541,0.04441480711102486,0.14465832710266113,0.3605562150478363,0.9203806519508362
49.84033690000069,-0.46100929379463196,0.8184563517570496,0.027257826179265976,0.04341451823711395,0.14411498606204987,0.3613230288028717,0.9202128648757935
49.844184700006736,-0.46107131242752075,0.8184429407119751,0.02721288800239563,0.043272558599710464,0.1439490020275116,0.3613003194332123,0.9202544689178467
49.848551900009625,-0.4611423909664154,0.8184290528297424,0.027162570506334305,0.04316955432295799,0.14393873512744904,0.36110958456993103,0.9203357100486755
49.852670899999794,-0.4612249433994293,0.8183861970901489,0.027086932212114334,0.04378471523523331,0.14364494383335114,0.36081549525260925,0.9204679131507874
49.856892299998435,-0.4612991213798523,0.8183640837669373,0.027040626853704453,0.043798238039016724,0.14352992177009583,0.36075934767723083,0.9205073118209839
49.86125980000361,-0.46138256788253784,0.8183257579803467,0.02697865106165409,0.04349116235971451,0.1433688849210739,0.3610841631889343,0.9204195141792297
49.86527360000764,-0.46145153045654297,0.8183048963546753,0.026945818215608597,0.043511100113391876,0.14318814873695374,0.3611719310283661,0.9204123020172119
49.86969200000749,-0.4615326225757599,0.8182770013809204,0.0269200187176466,0.0437980517745018,0.14300674200057983,0.3612106144428253,0.9204117655754089
49.87347550000413,-0.4616059958934784,0.8182512521743774,0.026894783601164818,0.044041648507118225,0.14303360879421234,0.3611646592617035,0.9204139709472656
49.87791690000449,-0.461675226688385,0.8182194232940674,0.026874568313360214,0.044200848788022995,0.14289560914039612,0.3613756597042084,0.9203450083732605
49.882809800008545,-0.4617465138435364,0.8181931376457214,0.02685939334332943,0.044471755623817444,0.14287658035755157,0.3612993359565735,0.9203647971153259
49.88643420000153,-0.461814284324646,0.8181639909744263,0.026833651587367058,0.04457784444093704,0.14273637533187866,0.3613938093185425,0.9203442931175232
49.890112300010514,-0.46187540888786316,0.8181386590003967,0.02682480588555336,0.044989701360464096,0.14273831248283386,0.36117425560951233,0.92041015625
49.89421710000897,-0.46193885803222656,0.8181031346321106,0.026806293055415154,0.04516936093568802,0.14264331758022308,0.3611680269241333,0.9204185605049133
49.89894160001131,-0.4619978368282318,0.8180757761001587,0.02679717168211937,0.045562319457530975,0.14247357845306396,0.3612322509288788,0.9204002618789673
49.90282750000188,-0.46205076575279236,0.8180299401283264,0.026766715571284294,0.045548807829618454,0.14252278208732605,0.3610996901988983,0.9204453229904175
49.90694880000956,-0.4620978832244873,0.8179872035980225,0.02674722485244274,0.045707181096076965,0.14237414300441742,0.36114636063575745,0.9204421639442444
49.911002300010296,-0.4621463418006897,0.8179374933242798,0.026718132197856903,0.04577287286520004,0.14236779510974884,0.3610389828681946,0.9204819798469543
49.91503490001196,-0.46219179034233093,0.8178837895393372,0.026686333119869232,0.04580779746174812,0.14229051768779755,0.3609122335910797,0.9205420017242432
49.91928159999952,-0.4622305631637573,0.8178386688232422,0.026661008596420288,0.04605227708816528,0.14228950440883636,0.3607182204723358,0.9206058979034424
49.92346620000899,-0.4622719883918762,0.817781388759613,0.02662167325615883,0.046035028994083405,0.14230398833751678,0.360519677400589,0.9206823110580444
49.92772770000738,-0.46231406927108765,0.8177372217178345,0.026596738025546074,0.046081770211458206,0.1423283964395523,0.3604801297187805,0.9206916689872742
49.932251600010204,-0.46236103773117065,0.81768798828125,0.02655104175209999,0.046084485948085785,0.14212088286876678,0.36030399799346924,0.9207925796508789
49.935880000004545,-0.46241918206214905,0.8175972104072571,0.026514582335948944,0.04610327258706093,0.14167897403240204,0.3607422113418579,0.9206881523132324
49.94015290000243,-0.46244752407073975,0.8175160884857178,0.026478828862309456,0.0464724563062191,0.14159953594207764,0.36086052656173706,0.9206354022026062
49.94408140001178,-0.4624846875667572,0.8174682259559631,0.02644203044474125,0.04666968807578087,0.1414918750524521,0.3606310188770294,0.9207319021224976
49.948486799999955,-0.46251654624938965,0.8174147605895996,0.026397213339805603,0.04659730941057205,0.1414879411458969,0.3605067729949951,0.9207848906517029
49.95286840001063,-0.4625442922115326,0.8173617124557495,0.02636396884918213,0.04667431861162186,0.14127619564533234,0.3605169951915741,0.9208094477653503
49.956758700005594,-0.46258723735809326,0.8173072934150696,0.026308171451091766,0.04687437787652016,0.1412041038274765,0.36028483510017395,0.9209012389183044
49.96080559999973,-0.4626173973083496,0.8172544240951538,0.026260361075401306,0.04692938178777695,0.1415064036846161,0.35996294021606445,0.9209779500961304
49.96495770000911,-0.4626345634460449,0.8172147274017334,0.02623020112514496,0.04699469357728958,0.14145173132419586,0.3600107729434967,0.9209643006324768
49.969100100002834,-0.46265143156051636,0.817173421382904,0.026194915175437927,0.04709369316697121,0.1414003074169159,0.3599000871181488,0.9210103154182434
49.9732578000112,-0.46266594529151917,0.8171392679214478,0.026165716350078583,0.04731171578168869,0.14142091572284698,0.35954031348228455,0.9211365580558777
49.977713200001745,-0.4626772403717041,0.8170905709266663,0.026133352890610695,0.04729907587170601,0.14139600098133087,0.3596341609954834,0.921104371547699
49.98181160000968,-0.4626914858818054,0.8170462250709534,0.026103224605321884,0.047405656427145004,0.14140170812606812,0.3595879375934601,0.9211161136627197
49.98615850000351,-0.4627033472061157,0.8170095086097717,0.02607869729399681,0.04758433625102043,0.1414128541946411,0.3595934212207794,0.9211030602455139
49.99040930000774,-0.46271461248397827,0.8169665336608887,0.026050999760627747,0.047578033059835434,0.1413774937391281,0.35977378487586975,0.9210383296012878
49.9951005000039,-0.46272096037864685,0.8169316649436951,0.026035059243440628,0.047907084226608276,0.1414257287979126,0.3597085177898407,0.921039342880249
49.99879740001052,-0.4627231955528259,0.8168957829475403,0.026015225797891617,0.048153676092624664,0.14141781628131866,0.3598671555519104,0.9209657311439514
50.00271190000058,-0.4627218544483185,0.8168662190437317,0.025999534875154495,0.04848502576351166,0.14133994281291962,0.3599780201911926,0.9209169745445251
50.006904900001246,-0.46271824836730957,0.8168336153030396,0.02598363347351551,0.04878569394350052,0.14132513105869293,0.360108882188797,0.9208521842956543
50.011003700012225,-0.46270737051963806,0.8167859315872192,0.025953497737646103,0.04932974651455879,0.14142386615276337,0.359943151473999,0.9208729267120361
50.015216300002066,-0.46268829703330994,0.8167542815208435,0.02592971920967102,0.04964878037571907,0.1415611058473587,0.35997000336647034,0.9208241105079651
50.01922440000635,-0.4626700282096863,0.8167211413383484,0.025899795815348625,0.049810055643320084,0.14156228303909302,0.35987865924835205,0.9208509922027588
50.02333979999821,-0.46265360713005066,0.8166925311088562,0.025876838713884354,0.04981762915849686,0.14141422510147095,0.3601548373699188,0.9207652807235718
50.027749600005336,-0.4626288115978241,0.816659152507782,0.025838270783424377,0.0500764362514019,0.14130297303199768,0.36012008786201477,0.9207819700241089
50.03186730000016,-0.4626008868217468,0.8166336417198181,0.025804216042160988,0.04995346814393997,0.14114800095558167,0.36038658022880554,0.9207080602645874
50.03627419999975,-0.46257513761520386,0.8166097402572632,0.025769520550966263,0.050009604543447495,0.14105567336082458,0.3603704273700714,0.9207255244255066
50.04070330000832,-0.46254903078079224,0.8165860772132874,0.025730770081281662,0.04988759011030197,0.1409703940153122,0.36036720871925354,0.9207465648651123
50.04442610000842,-0.4625183641910553,0.8165681958198547,0.025689952075481415,0.049957435578107834,0.14095287024974823,0.3600824475288391,0.9208568334579468
50.049409600003855,-0.4624941945075989,0.8165568709373474,0.02566101960837841,0.04996746405959129,0.14091040194034576,0.36004161834716797,0.9208786487579346
50.053028900001664,-0.4624622166156769,0.816528856754303,0.025619737803936005,0.04990469291806221,0.1409054696559906,0.35984304547309875,0.9209604859352112
50.056937400004244,-0.4624406099319458,0.8165079355239868,0.025595705956220627,0.04997432976961136,0.14093944430351257,0.3596043288707733,0.9210447072982788
50.060924500008696,-0.46242526173591614,0.8164625763893127,0.02555588074028492,0.050710707902908325,0.14089688658714294,0.35937219858169556,0.9211016297340393
50.06518320000032,-0.4624064564704895,0.8164345026016235,0.025537535548210144,0.05094161257147789,0.14091628789901733,0.35907286405563354,0.9212026000022888
50.06915400001162,-0.4623945951461792,0.8163977265357971,0.025518707931041718,0.05110365152359009,0.1410476118326187,0.35881075263023376,0.9212757349014282
50.07336990001204,-0.4623863697052002,0.8163626194000244,0.02550891786813736,0.051234904676675797,0.14101949334144592,0.35877466201782227,0.9212867617607117
50.07767440000316,-0.46237072348594666,0.8163214921951294,0.025499749928712845,0.05137273296713829,0.1410464197397232,0.35868069529533386,0.9213115572929382
50.081679599999916,-0.46236059069633484,0.8162763714790344,0.025486283004283905,0.05161264166235924,0.14114752411842346,0.35842815041542053,0.921380877494812
50.08585360000143,-0.4623420536518097,0.8162344694137573,0.025485936552286148,0.051790669560432434,0.14103536307811737,0.3585833013057709,0.9213277697563171
50.09015790000558,-0.4623350501060486,0.8161818385124207,0.025483977049589157,0.05215035751461983,0.1408923864364624,0.3584733307361603,0.9213721752166748
50.094206900001154,-0.46232283115386963,0.8161314129829407,0.025478264316916466,0.052367810159921646,0.14093416929244995,0.35833388566970825,0.9214076995849609
50.09830250000232,-0.4623044729232788,0.8160821795463562,0.025474194437265396,0.05260995402932167,0.14099451899528503,0.35813596844673157,0.9214615225791931
50.1025229000079,-0.4622751772403717,0.8160292506217957,0.02549346722662449,0.05313355103135109,0.14048026502132416,0.35820290446281433,0.9214839935302734
50.10698080000293,-0.46225354075431824,0.8159580230712891,0.02547524869441986,0.053147103637456894,0.14019501209259033,0.358619749546051,0.9213645458221436
50.11122650001198,-0.4622246026992798,0.8159385323524475,0.02549705095589161,0.05390750244259834,0.1405724138021469,0.3577808439731598,0.9215889573097229
50.11536650000198,-0.46219974756240845,0.8158729672431946,0.025479597970843315,0.05371258035302162,0.1403564214706421,0.35837215185165405,0.9214035272598267
50.123880300001474,-0.4621489644050598,0.8157985806465149,0.02549661509692669,0.05443820729851723,0.14033468067646027,0.3579702377319336,0.921520471572876
50.1276557000092,-0.4621170461177826,0.8157675862312317,0.025507554411888123,0.05454763025045395,0.14034104347229004,0.35787060856819153,0.9215517044067383
50.13203430001158,-0.4620896279811859,0.815738320350647,0.02553463727235794,0.05496899038553238,0.14035667479038239,0.3575890064239502,0.9216336607933044
50.13626130000921,-0.46205753087997437,0.8157153129577637,0.025552907958626747,0.055131878703832626,0.14036844670772552,0.35749587416648865,0.9216582179069519
50.14061919999949,-0.462018758058548,0.8156819343566895,0.02558206394314766,0.05576852709054947,0.14049221575260162,0.3571530282497406,0.9217339754104614
50.14439169999969,-0.4619809687137604,0.8156563639640808,0.025626230984926224,0.05618199706077576,0.1403234302997589,0.35694873332977295,0.9218137264251709
50.148866300005466,-0.46193867921829224,0.8156547546386719,0.025667207315564156,0.05689879134297371,0.14065620303153992,0.3560357093811035,0.9220721125602722
50.15270540000347,-0.461883008480072,0.8156390190124512,0.025701148435473442,0.057144057005643845,0.14084234833717346,0.355646014213562,0.9221789240837097
50.156801000004634,-0.4618441164493561,0.8156201839447021,0.025722820311784744,0.057390835136175156,0.14087499678134918,0.3553522527217865,0.9222717881202698
50.16134130000137,-0.46179938316345215,0.8156019449234009,0.025736723095178604,0.05759507790207863,0.14082007110118866,0.35504433512687683,0.922386109828949
50.16531940001005,-0.4617457687854767,0.8155936598777771,0.025744985789060593,0.058017242699861526,0.1410239040851593,0.35457003116607666,0.9225109815597534
50.16921849999926,-0.4616944193840027,0.8155883550643921,0.025770030915737152,0.058293748646974564,0.1410074234008789,0.35415518283843994,0.9226553440093994
50.17336060000525,-0.46163269877433777,0.8155835866928101,0.025805197656154633,0.05841147154569626,0.14123286306858063,0.35380110144615173,0.9227492213249207
50.17753950000042,-0.4615723490715027,0.8155853748321533,0.025839058682322502,0.05883978679776192,0.14133551716804504,0.3531411290168762,0.9229590892791748
50.18354280000494,-0.4615059196949005,0.8155632615089417,0.025866348296403885,0.05913657322525978,0.14149503409862518,0.35234335064888,0.9232205152511597
50.18757350000669,-0.4614417254924774,0.8155636787414551,0.02591174654662609,0.05951078608632088,0.14155282080173492,0.35185104608535767,0.9233754277229309
50.191030000001774,-0.4613754451274872,0.8155739903450012,0.025960251688957214,0.05998499318957329,0.14150112867355347,0.35165271162986755,0.9234281778335571
50.19453639999847,-0.46130844950675964,0.8155715465545654,0.026013638824224472,0.06050225719809532,0.14170746505260468,0.35093778371810913,0.9236347675323486
50.198374900006456,-0.461178719997406,0.8155514001846313,0.026090852916240692,0.06067454069852829,0.14113175868988037,0.3511108160018921,0.9236458539962769
50.202632400003495,-0.46109023690223694,0.8155433535575867,0.02615387551486492,0.06139715015888214,0.1413646638393402,0.3505097031593323,0.9237908124923706
50.20670560000872,-0.46099668741226196,0.8155314922332764,0.026222243905067444,0.06206505745649338,0.14139433205127716,0.3500519394874573,0.9239151477813721
50.21099810001033,-0.46099668741226196,0.8155314922332764,0.026222243905067444,0.06206505745649338,0.14139433205127716,0.3500519394874573,0.9239151477813721
50.21429300001182,-0.46099668741226196,0.8155314922332764,0.026222243905067444,0.06206505745649338,0.14139433205127716,0.3500519394874573,0.9239151477813721
50.21764470000926,-0.4608994424343109,0.8155142664909363,0.026288693770766258,0.06264428794384003,0.14145663380622864,0.3497117757797241,0.923995316028595
50.223599400007515,-0.4605520963668823,0.8154612183570862,0.026546696200966835,0.06561829149723053,0.14123089611530304,0.34768128395080566,0.9245895743370056
50.22759720000613,-0.4604420065879822,0.815424919128418,0.026640456169843674,0.06665996462106705,0.14139753580093384,0.347000390291214,0.9247453212738037
50.23170810000738,-0.460326611995697,0.8153764605522156,0.026744693517684937,0.067811019718647,0.14146097004413605,0.3460695743560791,0.925000786781311
50.23594850000518,-0.4602169990539551,0.8153302669525146,0.026848550885915756,0.06896995007991791,0.1417907178401947,0.34512272477149963,0.9252182841300964
50.240166500007035,-0.4600732922554016,0.8152876496315002,0.02699488028883934,0.07048792392015457,0.14250797033309937,0.3438163697719574,0.9254799485206604
50.24444590001076,-0.4599568843841553,0.8152303099632263,0.027105752378702164,0.07176806032657623,0.14287114143371582,0.34307676553726196,0.9256001114845276
50.248565400004736,-0.4598163366317749,0.8151565790176392,0.027223410084843636,0.07376893609762192,0.14341583847999573,0.34213411808013916,0.9257075190544128
50.252783500007354,-0.4597012996673584,0.8150803446769714,0.027329541742801666,0.07470861822366714,0.143435999751091,0.34226974844932556,0.9255788326263428
50.25675260000571,-0.45957833528518677,0.8150141835212708,0.027477197349071503,0.07634430378675461,0.14325158298015594,0.34204524755477905,0.9255569577217102
50.26109920001181,-0.45949000120162964,0.8149473667144775,0.02758379466831684,0.07743662595748901,0.14313490688800812,0.34206435084342957,0.925477147102356
50.26524860000063,-0.4593678414821625,0.8148822784423828,0.027683645486831665,0.07888071238994598,0.14313587546348572,0.3412429690361023,0.9256582856178284
50.26915900000313,-0.4592755436897278,0.8148056864738464,0.027770541608333588,0.08048047870397568,0.14336425065994263,0.34081384539604187,0.9256433844566345
50.27776100000483,-0.45911043882369995,0.8146900534629822,0.027888884767889977,0.08218883723020554,0.14357061684131622,0.3399251699447632,0.9257880449295044
50.28174800000852,-0.4590350389480591,0.8146215081214905,0.02794625610113144,0.08325588703155518,0.14349523186683655,0.3396686613559723,0.9257984757423401
50.286102500002016,-0.45896071195602417,0.8145279288291931,0.027982233092188835,0.0834348276257515,0.14351092278957367,0.33979421854019165,0.9257338047027588
50.29016600000614,-0.45886728167533875,0.8144692778587341,0.02804097719490528,0.0835544541478157,0.14301863312721252,0.34025177359580994,0.9256312251091003
50.29422080000222,-0.45879924297332764,0.8144185543060303,0.028083743527531624,0.08411381393671036,0.14319677650928497,0.33959609270095825,0.9257937669754028
50.29840200000035,-0.45871520042419434,0.8143871426582336,0.028132405132055283,0.08459567278623581,0.14360730350017548,0.3391602337360382,0.9258460998535156
50.30259040000965,-0.4586356580257416,0.8143548965454102,0.028176482766866684,0.0850214958190918,0.14376533031463623,0.338986337184906,0.9258461594581604
50.30682710000838,-0.45854315161705017,0.814329981803894,0.02822618931531906,0.08552917838096619,0.14428111910820007,0.33805981278419495,0.9260579347610474
50.310953300009714,-0.45845091342926025,0.814294695854187,0.02826828882098198,0.08599509298801422,0.1446850299835205,0.337444931268692,0.9261760711669922
50.31500680001045,-0.45835819840431213,0.8142799735069275,0.028320126235485077,0.08669698983430862,0.14498217403888702,0.3366798460483551,0.9263425469398499
50.319280399999116,-0.45825713872909546,0.814250648021698,0.02835659123957157,0.08705458790063858,0.14518040418624878,0.3361048698425293,0.9264867305755615
50.32334980000451,-0.4581510126590729,0.814238429069519,0.028403960168361664,0.08796263486146927,0.14498840272426605,0.33559978008270264,0.9266141057014465
50.32794990000548,-0.45805343985557556,0.8142292499542236,0.02845006436109543,0.08769673854112625,0.14516820013523102,0.33536773920059204,0.9266951680183411
50.332334000006085,-0.4579685926437378,0.8142085075378418,0.028479162603616714,0.08814352750778198,0.14524921774864197,0.3348594605922699,0.9268239140510559
50.33656910000718,-0.4578944742679596,0.8141718506813049,0.028487354516983032,0.08900602906942368,0.14531990885734558,0.33432644605636597,0.9269227981567383
50.34246910001093,-0.45782768726348877,0.8141521215438843,0.028522223234176636,0.0889359638094902,0.14560240507125854,0.3340265154838562,0.9269933104515076
50.34599140001228,-0.4577600955963135,0.8141212463378906,0.028529398143291473,0.08940066397190094,0.1457689106464386,0.3337903618812561,0.9270075559616089
50.35043289999885,-0.45770537853240967,0.8140817880630493,0.0285186730325222,0.0900372788310051,0.1458299458026886,0.3331102132797241,0.9271810054779053
50.354608400011784,-0.4576585292816162,0.8140541315078735,0.028518464416265488,0.09019429981708527,0.14587058126926422,0.33290931582450867,0.9272314310073853
50.358550400007516,-0.457623153924942,0.8140255808830261,0.028515882790088654,0.09058183431625366,0.14613014459609985,0.3324829936027527,0.9273057579994202
50.36216360000253,-0.45758944749832153,0.8140129446983337,0.028520764783024788,0.09074971824884415,0.14603197574615479,0.3325023949146271,0.927297830581665
50.3657702000055,-0.4575595557689667,0.8139901757240295,0.028515899553894997,0.09077633172273636,0.14607255160808563,0.3323993980884552,0.9273258447647095
50.3693185000011,-0.457531213760376,0.8139747381210327,0.028519561514258385,0.09097810834646225,0.14612071216106415,0.33227506279945374,0.92734295129776
50.37329070000851,-0.4574958384037018,0.8139677047729492,0.02854679338634014,0.09183301031589508,0.1466364860534668,0.3313629925251007,0.9275036454200745
50.377495200009434,-0.4574679732322693,0.8139532208442688,0.028562558814883232,0.09182604402303696,0.1465543657541275,0.3315674066543579,0.9274442195892334
50.38208580001083,-0.4574422836303711,0.8139426112174988,0.02857924811542034,0.0920431986451149,0.1465499848127365,0.33159032464027405,0.9274152517318726
50.38633030001074,-0.4574241638183594,0.8139328360557556,0.028604118153452873,0.09253504872322083,0.146625354886055,0.3313804864883423,0.9274293780326843
50.39014620000671,-0.4573955535888672,0.8139240741729736,0.028629887849092484,0.09272301942110062,0.14666466414928436,0.3313598334789276,0.9274117350578308
50.394086800006335,-0.45736828446388245,0.8139197826385498,0.02865583635866642,0.09305720776319504,0.14672358334064484,0.3312339782714844,0.9274138808250427
50.39832269999897,-0.45732930302619934,0.8139118552207947,0.028685443103313446,0.09341017156839371,0.14675180613994598,0.3310832381248474,0.9274278283119202
50.402625100003206,-0.4572908580303192,0.8139072060585022,0.028709150850772858,0.09391014277935028,0.14683517813682556,0.33057522773742676,0.9275453686714172
50.40659910000977,-0.4572477340698242,0.8138978481292725,0.02873840555548668,0.09425412863492966,0.14683865010738373,0.33045458793640137,0.9275528192520142
50.41143010000815,-0.4572029113769531,0.8138877749443054,0.02876112051308155,0.09444692730903625,0.14692530035972595,0.33016136288642883,0.9276239275932312
50.419220299998415,-0.45708879828453064,0.8138495683670044,0.02878868207335472,0.09495032578706741,0.1468331664800644,0.3289925754070282,0.9280024170875549
50.42339989999891,-0.45704516768455505,0.8138603568077087,0.02882617898285389,0.09440121799707413,0.14674542844295502,0.3290477991104126,0.9280527234077454
50.427630899997894,-0.45700109004974365,0.8138453364372253,0.02883225865662098,0.09445755183696747,0.14671088755130768,0.328771710395813,0.9281502366065979
50.43193210000754,-0.4569627046585083,0.8138276934623718,0.028832638636231422,0.09445951133966446,0.1467255800962448,0.32857945561408997,0.9282158613204956
50.436049700001604,-0.4569220244884491,0.8138005137443542,0.02880510315299034,0.0952785387635231,0.14683394134044647,0.3279475271701813,0.9283384084701538
50.440465200008475,-0.4568886458873749,0.81380695104599,0.028845295310020447,0.09448939561843872,0.14696428179740906,0.32801491022109985,0.928374707698822
50.44445419999829,-0.4568766951560974,0.8137878775596619,0.028834836557507515,0.09445017576217651,0.14686718583106995,0.32763299345970154,0.9285288453102112
50.44836619999842,-0.45685625076293945,0.813777506351471,0.02884848415851593,0.09438519179821014,0.14698997139930725,0.3276176154613495,0.928521454334259
50.455555799999274,-0.45684096217155457,0.8137615919113159,0.02885548211634159,0.0944506824016571,0.14704351127147675,0.32743245363235474,0.9285717010498047
50.4596875999996,-0.4568288326263428,0.8137444257736206,0.02885788306593895,0.09441088885068893,0.14705003798007965,0.3273559510707855,0.9286016225814819
50.46321370000078,-0.4568169116973877,0.8137361407279968,0.02886262722313404,0.09450475871562958,0.14711639285087585,0.3272235095500946,0.9286282062530518
50.46705649999785,-0.4568096995353699,0.8137274980545044,0.028873896226286888,0.0945814698934555,0.14713197946548462,0.3272623121738434,0.928604245185852
50.47157600001083,-0.4567963182926178,0.8137201070785522,0.028878316283226013,0.09455691277980804,0.14713549613952637,0.32728683948516846,0.9285975694656372
50.47553750000952,-0.4567834436893463,0.8137218952178955,0.028887998312711716,0.09466458112001419,0.147126242518425,0.32732170820236206,0.9285758137702942
50.47975340000994,-0.45677775144577026,0.8137248158454895,0.02889278158545494,0.09467048943042755,0.14712081849575043,0.3272210955619812,0.9286114573478699
50.48372990000644,-0.4567578434944153,0.8137320876121521,0.028896590694785118,0.09470734745264053,0.14712493121623993,0.32727208733558655,0.9285891652107239
50.48802560000331,-0.45674580335617065,0.8137468099594116,0.028896726667881012,0.09468002617359161,0.14716506004333496,0.3272527754306793,0.928592324256897
50.49229800001194,-0.45673269033432007,0.8137627840042114,0.028904229402542114,0.09472682327032089,0.14710287749767303,0.32728055119514465,0.9285877346992493
50.49686360001215,-0.456718385219574,0.8137840628623962,0.02891699969768524,0.0947435051202774,0.14704103767871857,0.32737913727760315,0.9285609722137451
50.502166800011764,-0.4566671848297119,0.8138415813446045,0.02894454076886177,0.0955742597579956,0.14668461680412292,0.32743024826049805,0.9285142421722412
50.505699500004994,-0.4566671848297119,0.8138415813446045,0.02894454076886177,0.0955742597579956,0.14668461680412292,0.32743024826049805,0.9285142421722412
50.5091725000093,-0.4566582441329956,0.8138531446456909,0.028925690799951553,0.09551060199737549,0.14726772904396057,0.3269354999065399,0.9286028146743774
50.51304840001103,-0.45663192868232727,0.8138867616653442,0.028955187648534775,0.09558357298374176,0.146664559841156,0.3273502290248871,0.9285446405410767
50.51692680000269,-0.456614226102829,0.8139051795005798,0.028959177434444427,0.09563421458005905,0.14674389362335205,0.32721391320228577,0.9285749793052673
50.520572200010065,-0.45660147070884705,0.8139255046844482,0.028955498710274696,0.09555450826883316,0.1465885192155838,0.32732999324798584,0.9285667538642883
50.52407959999982,-0.4565851092338562,0.8139190077781677,0.028946876525878906,0.0955255776643753,0.14664359390735626,0.3270164430141449,0.9286714792251587
50.52816780000285,-0.456573486328125,0.8139249682426453,0.028939664363861084,0.09544651955366135,0.1465429812669754,0.32701319456100464,0.9286966919898987
50.53191540000262,-0.4565710425376892,0.8139253258705139,0.028939809650182724,0.0953589528799057,0.14633287489414215,0.3272644579410553,0.9286503195762634
50.53615530001116,-0.4565666615962982,0.813922643661499,0.028935516253113747,0.09526650607585907,0.14627088606357574,0.32724079489707947,0.9286778569221497
50.54363870000816,-0.45657023787498474,0.8139055967330933,0.028936544433236122,0.09519809484481812,0.14626064896583557,0.32704082131385803,0.9287569522857666
50.54731460000039,-0.45657023787498474,0.8139055967330933,0.028936544433236122,0.09519809484481812,0.14626064896583557,0.32704082131385803,0.9287569522857666
50.55122069999925,-0.45656338334083557,0.8139021992683411,0.028955083340406418,0.09533316642045975,0.1462753713130951,0.32688531279563904,0.9287955164909363
50.55646669999987,-0.4566047787666321,0.813880980014801,0.02896454930305481,0.09529675543308258,0.14622226357460022,0.32713553309440613,0.9287195205688477
50.560983800009126,-0.4566161632537842,0.8138808608055115,0.02896832674741745,0.09533961117267609,0.14626304805278778,0.32697588205337524,0.9287649989128113
50.56528239999898,-0.456631064414978,0.813879132270813,0.028986167162656784,0.09539152681827545,0.14618876576423645,0.32721075415611267,0.9286885857582092
50.5698076000117,-0.45665061473846436,0.81388920545578,0.02900889702141285,0.09490133076906204,0.14591501653194427,0.3274690508842468,0.9286908507347107
50.57340280000062,-0.45666801929473877,0.8138976693153381,0.029017949476838112,0.09497835487127304,0.14590464532375336,0.3275275230407715,0.9286639094352722
50.57823900000949,-0.45668235421180725,0.8139028549194336,0.029032472521066666,0.09508266299962997,0.1458657681941986,0.32751139998435974,0.928665041923523
50.581826200010255,-0.4566994607448578,0.8139110207557678,0.029044128954410553,0.09513154625892639,0.14579208195209503,0.3275865912437439,0.9286450743675232
50.58590879999974,-0.4567156732082367,0.8139225244522095,0.02905474603176117,0.09525473415851593,0.14575786888599396,0.32765278220176697,0.9286144375801086
50.58989719999954,-0.4567272365093231,0.8139317035675049,0.02906092442572117,0.09519122540950775,0.1456415206193924,0.3279055953025818,0.9285500049591064
50.59410709999793,-0.45674291253089905,0.813939094543457,0.029065504670143127,0.09521936625242233,0.1458214819431305,0.32772108912467957,0.9285840392112732
50.59886510000797,-0.45675158500671387,0.8139548301696777,0.029075393453240395,0.09513337910175323,0.1457061767578125,0.327891081571579,0.9285508990287781
50.6024696000095,-0.45676103234291077,0.8139662146568298,0.029079660773277283,0.09517472237348557,0.14574547111988068,0.3279171288013458,0.928531289100647
50.60653220000677,-0.4567703902721405,0.8139883279800415,0.029077816754579544,0.09515370428562164,0.14573313295841217,0.3278639316558838,0.9285542368888855
50.61012930001016,-0.4567703902721405,0.8139883279800415,0.029077816754579544,0.09515370428562164,0.14573313295841217,0.3278639316558838,0.9285542368888855
50.61491879999812,-0.4567849338054657,0.8140251040458679,0.029070504009723663,0.09488660842180252,0.14564302563667297,0.3279172480106354,0.9285768270492554
50.6193731000094,-0.4568026065826416,0.8140316009521484,0.029044203460216522,0.09469389915466309,0.14606615900993347,0.32764095067977905,0.928627610206604
50.62331229999836,-0.4568008482456207,0.8140650391578674,0.029062988236546516,0.09466565400362015,0.14567551016807556,0.3278864324092865,0.9286051988601685
50.62761950001004,-0.45682060718536377,0.8140816688537598,0.02903718128800392,0.09445428848266602,0.14607611298561096,0.3276467025279999,0.9286483526229858
50.63195030001225,-0.4568229913711548,0.8140966296195984,0.02903267927467823,0.09430253505706787,0.14604274928569794,0.32764703035354614,0.9286689162254333
50.64035430000513,-0.45683565735816956,0.8141396045684814,0.02902066335082054,0.09403916448354721,0.14603915810585022,0.32747766375541687,0.9287559390068054
50.644308500006446,-0.4568396508693695,0.8141594529151917,0.029023269191384315,0.09396594017744064,0.146028533577919,0.3274807333946228,0.9287639260292053
50.64853730000323,-0.45685094594955444,0.8141718506813049,0.029022790491580963,0.09386792778968811,0.1460426300764084,0.327324777841568,0.9288266897201538
50.652793900007964,-0.45685648918151855,0.8141822814941406,0.029026350006461143,0.09383072704076767,0.14604704082012177,0.32723695039749146,0.928860604763031
50.656997500002035,-0.45686399936676025,0.8141865730285645,0.02903071418404579,0.09379059821367264,0.14609162509441376,0.32716599106788635,0.9288825988769531
50.66045790001226,-0.45686399936676025,0.8141865730285645,0.02903071418404579,0.09379059821367264,0.14609162509441376,0.32716599106788635,0.9288825988769531
50.664610699997866,-0.45688021183013916,0.8142013549804688,0.02905108779668808,0.09374634176492691,0.1459389626979828,0.32717400789260864,0.9289083480834961
50.66897440000321,-0.4568893015384674,0.8142050504684448,0.029063649475574493,0.09400457888841629,0.14613553881645203,0.3267686367034912,0.9289939403533936
50.67365380001138,-0.4568955600261688,0.8142120242118835,0.029073750600218773,0.09396148473024368,0.14598281681537628,0.32696133852005005,0.928954541683197
50.677182500003255,-0.4568955600261688,0.8142120242118835,0.029073750600218773,0.09396148473024368,0.14598281681537628,0.32696133852005005,0.928954541683197
50.6810026000021,-0.4568955600261688,0.8142120242118835,0.029073750600218773,0.09396148473024368,0.14598281681537628,0.32696133852005005,0.928954541683197
50.685773999997764,-0.4569299519062042,0.8142276406288147,0.029097186401486397,0.09410303831100464,0.1459665596485138,0.3268268406391144,0.9289901256561279
50.69032930000685,-0.4569378197193146,0.8142446279525757,0.029098860919475555,0.09408734738826752,0.14589712023735046,0.3270314931869507,0.9289305806159973
50.69462400001066,-0.4569486677646637,0.8142734169960022,0.02909771539270878,0.09428519755601883,0.14600542187690735,0.32653191685676575,0.9290692210197449
50.69880720000947,-0.4569621980190277,0.8142814636230469,0.02909243479371071,0.09409050643444061,0.1460081934928894,0.3264666795730591,0.9291114211082458
50.70318300000508,-0.4569738507270813,0.8142927885055542,0.02907160110771656,0.09392767399549484,0.1458156555891037,0.3264511227607727,0.9291636347770691
50.70702539999911,-0.4569859504699707,0.8143341541290283,0.029078170657157898,0.09398411959409714,0.1457168459892273,0.3263222277164459,0.9292186498641968
50.71113920000789,-0.4569908380508423,0.814359188079834,0.029068030416965485,0.09382797032594681,0.14567649364471436,0.32641541957855225,0.9292080998420715
50.71514440000465,-0.45699840784072876,0.814393937587738,0.02906700223684311,0.0937437191605568,0.14561952650547028,0.32644954323768616,0.9292135238647461
50.71933849999914,-0.45700502395629883,0.8144134879112244,0.02905748225748539,0.09365221112966537,0.14558759331703186,0.3264092803001404,0.929241955280304
50.72399399999995,-0.45701518654823303,0.8144413232803345,0.029048649594187737,0.09353787451982498,0.14549538493156433,0.32656946778297424,0.9292115569114685
50.727706500008935,-0.4570290744304657,0.814471960067749,0.029047003015875816,0.09341249614953995,0.14545689523220062,0.3265495002269745,0.9292371869087219
50.73179080001137,-0.45703577995300293,0.8145024180412292,0.029040412977337837,0.0932142361998558,0.14542809128761292,0.3268486261367798,0.929156482219696
50.73655950000102,-0.4570455551147461,0.8145347833633423,0.029040981084108353,0.09318152815103531,0.14532800018787384,0.3270357549190521,0.9291095733642578
50.7402551999985,-0.45705124735832214,0.8145705461502075,0.029036816209554672,0.09312146157026291,0.14512592554092407,0.32731130719184875,0.9290502071380615
50.7442652000027,-0.45706430077552795,0.814601480960846,0.029032457619905472,0.09300008416175842,0.14516982436180115,0.3273407220840454,0.9290450811386108
50.7482452000113,-0.4570726454257965,0.814650297164917,0.029032286256551743,0.09277195483446121,0.1452009230852127,0.32765546441078186,0.928952157497406
50.75243050001154,-0.45708584785461426,0.8146838545799255,0.029031168669462204,0.09268505871295929,0.14497484266757965,0.3279953598976135,0.9288761615753174
50.75724540000374,-0.45709481835365295,0.81472247838974,0.029025007039308548,0.0926307812333107,0.1449131816625595,0.32819443941116333,0.928820788860321
50.76092040000367,-0.45710527896881104,0.8147544860839844,0.029015926644206047,0.09248034656047821,0.14482228457927704,0.32839593291282654,0.9287787675857544
50.765224300004775,-0.4571111500263214,0.8147874474525452,0.0290131364017725,0.09232240915298462,0.14481580257415771,0.32838013768196106,0.9288010597229004
50.76919550000457,-0.45711639523506165,0.8148530125617981,0.029014915227890015,0.09294740110635757,0.14499446749687195,0.3273800313472748,0.9290639162063599
50.772777300007874,-0.45711639523506165,0.8148530125617981,0.029014915227890015,0.09294740110635757,0.14499446749687195,0.3273800313472748,0.9290639162063599
50.777666400012095,-0.45710721611976624,0.8149312734603882,0.02903078868985176,0.09297645092010498,0.14484669268131256,0.32737183570861816,0.9290869235992432
50.78175980001106,-0.45710816979408264,0.8149532079696655,0.02902633510529995,0.09295863658189774,0.1448488086462021,0.3272958993911743,0.9291151165962219
50.786049800008186,-0.45710378885269165,0.8149822354316711,0.029032085090875626,0.09293603897094727,0.14475984871387482,0.32734280824661255,0.9291146993637085
50.79033210000489,-0.4570997357368469,0.8150061368942261,0.029028696939349174,0.09307938814163208,0.14475607872009277,0.32711851596832275,0.9291799664497375
50.79432450000604,-0.45709049701690674,0.8150352239608765,0.029026426374912262,0.09302856028079987,0.14466698467731476,0.32717403769493103,0.9291793704032898
50.79857990000164,-0.4570903182029724,0.8150613903999329,0.029024343937635422,0.09300930052995682,0.144656702876091,0.32712534070014954,0.9292000532150269
50.80252830000245,-0.45707932114601135,0.8150737881660461,0.02902163565158844,0.09293732047080994,0.14456099271774292,0.3271719813346863,0.9292057156562805
50.80696980000357,-0.45708203315734863,0.8150922060012817,0.02902260422706604,0.09282215684652328,0.1445448100566864,0.3273026645183563,0.9291737079620361
50.81080640001164,-0.45707663893699646,0.8151144981384277,0.029022255912423134,0.0928688496351242,0.14456488192081451,0.3272767961025238,0.9291751384735107
50.81487420000485,-0.457076758146286,0.8151289820671082,0.029026344418525696,0.09294985234737396,0.14456745982170105,0.32724347710609436,0.9291782975196838
50.819627100005164,-0.45707735419273376,0.8151430487632751,0.029029015451669693,0.09296493977308273,0.14460521936416626,0.32721275091171265,0.9291818141937256
50.82345820000046,-0.45708268880844116,0.8151596188545227,0.02903425320982933,0.0929180458188057,0.14452852308750153,0.32726556062698364,0.9291797876358032
50.82767520000925,-0.45708760619163513,0.8151831030845642,0.029025888070464134,0.09288182854652405,0.14457577466964722,0.32738402485847473,0.9291342496871948
50.832235499998205,-0.45708906650543213,0.8152068257331848,0.02902093157172203,0.09281759709119797,0.1445334255695343,0.3273014426231384,0.929176390171051
50.83586990000913,-0.45708906650543213,0.8152068257331848,0.02902093157172203,0.09281759709119797,0.1445334255695343,0.3273014426231384,0.929176390171051
50.840290300009656,-0.45709967613220215,0.8152661323547363,0.02902212180197239,0.09255992621183395,0.14448927342891693,0.327202171087265,0.9292439222335815
50.84426430000167,-0.4571059048175812,0.8152962923049927,0.029020296409726143,0.09243763983249664,0.14445586502552032,0.3271544873714447,0.9292780756950378
50.84863180000684,-0.457120418548584,0.8153318762779236,0.029004432260990143,0.09232497215270996,0.14468325674533844,0.32705944776535034,0.929287314414978
50.852442700008396,-0.457125723361969,0.8153644800186157,0.02900640293955803,0.0921977087855339,0.14472201466560364,0.32700857520103455,0.9293119311332703
50.85683830000926,-0.457136332988739,0.8154116868972778,0.029001157730817795,0.09163154661655426,0.14483365416526794,0.32711949944496155,0.9293115139007568
50.86101320000307,-0.4571419358253479,0.8154496550559998,0.029004570096731186,0.09154178202152252,0.14467349648475647,0.3272963762283325,0.9292829036712646
50.865012200010824,-0.45715391635894775,0.8154844641685486,0.029009994119405746,0.09132510423660278,0.1446274220943451,0.3272809088230133,0.9293168783187866
50.86912880001182,-0.45717281103134155,0.8155233263969421,0.02900802716612816,0.09084037691354752,0.14459562301635742,0.3273748457431793,0.9293362498283386
50.8777676000027,-0.4571990370750427,0.815588653087616,0.02902732789516449,0.09043340384960175,0.14423052966594696,0.32754766941070557,0.9293717741966248
50.88254659999802,-0.45720717310905457,0.81561678647995,0.029034096747636795,0.09036114066839218,0.14426657557487488,0.3275149464607239,0.929384708404541
50.8861035000009,-0.4572128355503082,0.8156425952911377,0.02904704213142395,0.09021061658859253,0.14415930211544037,0.327657014131546,0.9293659925460815
50.890249400006724,-0.45722469687461853,0.8156800270080566,0.02908775396645069,0.09047862142324448,0.1443478763103485,0.32728224992752075,0.9294427037239075
50.894152900000336,-0.45723146200180054,0.8157073855400085,0.029097050428390503,0.09042256325483322,0.14432324469089508,0.32721707224845886,0.929474949836731
50.8982776000048,-0.4572364091873169,0.815732479095459,0.02911304496228695,0.09029906243085861,0.1442584991455078,0.32729706168174744,0.9294687509536743
50.90345310000703,-0.45723745226860046,0.8157575130462646,0.029127761721611023,0.09026970714330673,0.1442490518093109,0.3272278606891632,0.929497480392456
50.907022600003984,-0.4572385847568512,0.8157811760902405,0.029142629355192184,0.09010759741067886,0.14434172213077545,0.3271372616291046,0.929530680179596
50.91131419999874,-0.4572395384311676,0.8158271312713623,0.029190948233008385,0.08928319066762924,0.1442279815673828,0.3274925649166107,0.9295028448104858
50.91509940000833,-0.45724576711654663,0.815865695476532,0.029212644323706627,0.08886564522981644,0.1440705955028534,0.3276430368423462,0.9295141696929932
50.92336559999967,-0.45724597573280334,0.8159250020980835,0.029258308932185173,0.08898921310901642,0.14428333938121796,0.3272475302219391,0.9296087622642517
50.927855600006296,-0.4572427570819855,0.8159583806991577,0.029277971014380455,0.0888749361038208,0.14424289762973785,0.32734444737434387,0.9295918345451355
50.931921800001874,-0.4572393596172333,0.8159971237182617,0.029287591576576233,0.08866991847753525,0.14433935284614563,0.32733553647994995,0.9295995831489563
50.935859300006996,-0.45723673701286316,0.8160271644592285,0.029306968674063683,0.08859703689813614,0.14430683851242065,0.3274734616279602,0.9295629262924194
50.9401310000103,-0.4572375416755676,0.8160568475723267,0.029320091009140015,0.08851540833711624,0.1443089097738266,0.32746806740760803,0.9295722842216492
50.94448430000921,-0.45724162459373474,0.8160988092422485,0.029336314648389816,0.08839458972215652,0.14423494040966034,0.3275753855705261,0.9295574426651001
50.948679599998286,-0.4572417736053467,0.8161340355873108,0.029347170144319534,0.08828937262296677,0.14422349631786346,0.32773062586784363,0.9295145869255066
50.95293010000023,-0.4572431743144989,0.8161687254905701,0.029363740235567093,0.08814729005098343,0.14407087862491608,0.3279131054878235,0.9294872879981995
50.95691240001179,-0.4572462737560272,0.8162050247192383,0.029379844665527344,0.08809740841388702,0.14399267733097076,0.32810455560684204,0.9294366240501404
50.96094570000423,-0.4572480320930481,0.8162397742271423,0.02938937395811081,0.08803331851959229,0.14403486251831055,0.328082412481308,0.9294439554214478
50.96644600000582,-0.4572484791278839,0.8162726759910583,0.0294053852558136,0.08798277378082275,0.14395131170749664,0.32821333408355713,0.9294155240058899
50.969887300001574,-0.4572475850582123,0.8163110613822937,0.029424140229821205,0.08788610994815826,0.14386188983917236,0.32842281460762024,0.9293644428253174
50.97345730000234,-0.4572485387325287,0.8163424730300903,0.029442112892866135,0.08786071836948395,0.14384214580059052,0.3284812569618225,0.9293493032455444
50.97783220000565,-0.4572458863258362,0.8164038062095642,0.029474269598722458,0.08792150020599365,0.14353840053081512,0.32910358905792236,0.9291703104972839
50.98178290000942,-0.45723891258239746,0.8164255023002625,0.029482029378414154,0.08765304088592529,0.1435374617576599,0.3289206922054291,0.9292605519294739
50.985937700010254,-0.4572409987449646,0.8164811134338379,0.0295114628970623,0.08767278492450714,0.14323988556861877,0.3296029567718506,0.9290627837181091
50.990039000011166,-0.4572342336177826,0.8165256381034851,0.02952638268470764,0.0875176340341568,0.14308658242225647,0.32983896136283875,0.9290173053741455
50.99445090000518,-0.45722508430480957,0.8165693283081055,0.029538795351982117,0.08735816180706024,0.14294400811195374,0.3299720287322998,0.9290069937705994
51.00258410000242,-0.4572244882583618,0.816668689250946,0.029549293220043182,0.08670786768198013,0.14297369122505188,0.3301592469215393,0.9289969205856323
51.00685010000598,-0.4572046101093292,0.8167434930801392,0.029575522989034653,0.08676682412624359,0.1425209641456604,0.33022385835647583,0.9290379881858826
51.01136160000169,-0.457200288772583,0.8168004751205444,0.029584430158138275,0.08651313930749893,0.14241982996463776,0.3302217721939087,0.9290778636932373
51.01547450000362,-0.4571876525878906,0.8168609738349915,0.029594097286462784,0.08622957020998001,0.14226779341697693,0.3300585448741913,0.9291855096817017
51.0191640000121,-0.4571746587753296,0.8169434666633606,0.029636476188898087,0.08609779924154282,0.1424207091331482,0.329714298248291,0.9292964935302734
51.02324770000996,-0.4571683406829834,0.8170011639595032,0.029662001878023148,0.08562368154525757,0.14238889515399933,0.3294714689254761,0.9294313788414001
51.02777110000898,-0.45716142654418945,0.8170609474182129,0.02967948280274868,0.08551384508609772,0.14241212606430054,0.329354465007782,0.9294793605804443
51.031734400006826,-0.4571608901023865,0.8171073198318481,0.029707640409469604,0.08521676808595657,0.1422472447156906,0.32942086458206177,0.9295083284378052
51.03595820000919,-0.45715856552124023,0.8171642422676086,0.029739011079072952,0.08512450009584427,0.1421687752008438,0.32945212721824646,0.9295176863670349
51.04015870000876,-0.45715582370758057,0.8172152042388916,0.02978222817182541,0.08453508466482162,0.1421072632074356,0.3296469449996948,0.9295119047164917
51.04437709999911,-0.457146555185318,0.8172818422317505,0.02982529066503048,0.08491624146699905,0.14238078892230988,0.3288342356681824,0.9297230839729309
51.05260550000821,-0.4571336805820465,0.8173601031303406,0.02988995425403118,0.08474715054035187,0.14211724698543549,0.32864177227020264,0.9298468828201294
51.05679320001218,-0.45713040232658386,0.8174017667770386,0.029929284006357193,0.08463580906391144,0.1420230120420456,0.328621506690979,0.9298785924911499
51.06266660000256,-0.4571261703968048,0.8174558281898499,0.029985010623931885,0.08486722409725189,0.1420825570821762,0.3280460238456726,0.9300516247749329
51.066500700006145,-0.457116037607193,0.8174868822097778,0.03003622405230999,0.08475666493177414,0.14205677807331085,0.3280391991138458,0.9300680160522461
51.07111910000094,-0.45711612701416016,0.8175262808799744,0.030068418011069298,0.08461948484182358,0.14195910096168518,0.3280942142009735,0.9300759434700012
51.07525320000423,-0.4570932388305664,0.8175661563873291,0.030113451182842255,0.08452069014310837,0.14152006804943085,0.32799506187438965,0.9301868081092834
51.07953160000034,-0.457114577293396,0.8176243305206299,0.03014824539422989,0.0844898521900177,0.14176079630851746,0.3279155492782593,0.9301810264587402
51.08575389999896,-0.4571104645729065,0.8177219033241272,0.030207037925720215,0.08427054435014725,0.14135484397411346,0.328157514333725,0.9301773309707642
51.09022700000787,-0.4570777118206024,0.8177772760391235,0.03022182732820511,0.0838627964258194,0.14117158949375153,0.32758641242980957,0.9304434061050415
51.094756100006634,-0.4570688009262085,0.8178501129150391,0.030253179371356964,0.08376992493867874,0.14080417156219482,0.327824205160141,0.9304236173629761
51.09848260000581,-0.4570581316947937,0.8179113864898682,0.03027505800127983,0.08351616561412811,0.1405986249446869,0.3280268907546997,0.9304060339927673
51.102749500001664,-0.4570505917072296,0.8180156946182251,0.030300583690404892,0.08339827507734299,0.14092352986335754,0.32719576358795166,0.9306600689888
51.106929900008254,-0.4570380449295044,0.8180857300758362,0.03030773624777794,0.08313500136137009,0.1406664103269577,0.32708659768104553,0.9307609796524048
51.11106480000308,-0.45702114701271057,0.8181641697883606,0.030326666310429573,0.08297549933195114,0.14055712521076202,0.326832115650177,0.9308810830116272
51.116752800007816,-0.45700061321258545,0.8182390332221985,0.030333593487739563,0.08258259296417236,0.14055760204792023,0.32671797275543213,0.9309560060501099
51.12240480000037,-0.45698046684265137,0.8183250427246094,0.030347391963005066,0.0821714699268341,0.1405496597290039,0.32642844319343567,0.9310951828956604
51.128469900009804,-0.45693743228912354,0.8185027241706848,0.03037894144654274,0.08108844608068466,0.1401251256465912,0.3264055848121643,0.9312621355056763
51.13343790000363,-0.4569133222103119,0.8185874819755554,0.030408453196287155,0.0810304656624794,0.14025016129016876,0.32584089040756226,0.9314460754394531
51.13742810000258,-0.45689356327056885,0.8186598420143127,0.030432214960455894,0.080818310379982,0.140472874045372,0.32537075877189636,0.9315952658653259
51.141471000009915,-0.45686981081962585,0.8187410235404968,0.030463023111224174,0.08022189140319824,0.1405627429485321,0.32519984245300293,0.931692898273468
51.14713589999883,-0.4568457007408142,0.8188117742538452,0.030490608885884285,0.08001179248094559,0.1406698226928711,0.32489311695098877,0.9318017959594727
51.15279410000949,-0.45680248737335205,0.8189559578895569,0.030546624213457108,0.07964464277029037,0.14080248773097992,0.3244358003139496,0.9319725036621094
51.15691700000025,-0.45677122473716736,0.8190435171127319,0.030602192506194115,0.07995987683534622,0.14112628996372223,0.32351452112197876,0.9322168231010437
51.16055860000779,-0.45677122473716736,0.8190435171127319,0.030602192506194115,0.07995987683534622,0.14112628996372223,0.32351452112197876,0.9322168231010437
51.16540870000608,-0.4567190110683441,0.819189727306366,0.030652053654193878,0.07950258255004883,0.14133785665035248,0.32292377948760986,0.9324285984039307
51.169248300007894,-0.45668908953666687,0.8192703127861023,0.030681103467941284,0.07957224547863007,0.1414947509765625,0.32244035601615906,0.9325661659240723
51.17346020000696,-0.4566468894481659,0.8193643093109131,0.03072500042617321,0.07943155616521835,0.14166498184204102,0.322041392326355,0.9326902031898499
51.18038270001125,-0.4566113352775574,0.8194517493247986,0.030752532184123993,0.0791042372584343,0.14185762405395508,0.32155707478523254,0.9328558444976807
51.184595500002615,-0.45657363533973694,0.8195573091506958,0.03078961744904518,0.07880052179098129,0.14209990203380585,0.32108074426651,0.9330087304115295
51.188652900003945,-0.45653173327445984,0.8196584582328796,0.030827537178993225,0.07836821675300598,0.14239582419395447,0.3205677270889282,0.9331763982772827
51.19306570000481,-0.4564843773841858,0.819769024848938,0.030866220593452454,0.07786374539136887,0.14261330664157867,0.3201240301132202,0.9333377480506897
51.19796440000937,-0.45637428760528564,0.8200225830078125,0.030932866036891937,0.07683255523443222,0.1435054987668991,0.3186775743961334,0.9337813258171082
51.202117200009525,-0.4563310742378235,0.8201369643211365,0.030968092381954193,0.07662933319807053,0.14377069473266602,0.31797704100608826,0.9339960217475891
51.20633020000241,-0.4562784433364868,0.8202499151229858,0.031009890139102936,0.07648225873708725,0.14391691982746124,0.3172896206378937,0.934219241142273
51.210707999998704,-0.45623329281806946,0.8204244375228882,0.031042495742440224,0.07645595073699951,0.14450180530548096,0.3155168294906616,0.9347314834594727
51.21510880001006,-0.4561781883239746,0.8205464482307434,0.031102363020181656,0.07651952654123306,0.14504674077033997,0.3143828809261322,0.9350239038467407
51.21909400000004,-0.45612025260925293,0.8206502199172974,0.031141530722379684,0.07633309066295624,0.14521504938602448,0.31371447443962097,0.935237467288971
51.22403930001019,-0.45606938004493713,0.8207805156707764,0.031187616288661957,0.07658013701438904,0.14580833911895752,0.31229549646377563,0.9355997443199158
51.227490700010094,-0.45598718523979187,0.8209032416343689,0.031237097457051277,0.076322041451931,0.1457873284816742,0.3119972348213196,0.9357236623764038
51.23164120000729,-0.45592015981674194,0.8210066556930542,0.03128105029463768,0.07607889920473099,0.14623725414276123,0.31116482615470886,0.9359503984451294
51.23640130000422,-0.4558456242084503,0.8211214542388916,0.03133073449134827,0.07603619247674942,0.1464778482913971,0.3104821741580963,0.9361429214477539
51.24036160000833,-0.4557664096355438,0.8212450742721558,0.03137565031647682,0.0751488208770752,0.1470452845096588,0.30997663736343384,0.9362931251525879
51.244354200011,-0.45567888021469116,0.8213634490966797,0.03144266828894615,0.07526179403066635,0.14745807647705078,0.30908283591270447,0.936514675617218
51.24830930000462,-0.45560047030448914,0.8214845061302185,0.031500060111284256,0.07539697736501694,0.14807534217834473,0.3082433044910431,0.9366829991340637
51.25242830000934,-0.4555158019065857,0.821600079536438,0.03157319501042366,0.07570680975914001,0.1483227163553238,0.30751368403434753,0.9368586540222168
51.25614040000073,-0.4555158019065857,0.821600079536438,0.03157319501042366,0.07570680975914001,0.1483227163553238,0.30751368403434753,0.9368586540222168
51.261467100004666,-0.45533907413482666,0.8218413591384888,0.03173157200217247,0.07614007592201233,0.14913590252399445,0.30533406138420105,0.9374072551727295
51.2650580000045,-0.45533907413482666,0.8218413591384888,0.03173157200217247,0.07614007592201233,0.14913590252399445,0.30533406138420105,0.9374072551727295
51.26916510000592,-0.4551753103733063,0.8220853209495544,0.03182646259665489,0.0750589445233345,0.14950813353061676,0.30551448464393616,0.9373763203620911
51.27331670001149,-0.45510298013687134,0.822198748588562,0.03190489485859871,0.07474304735660553,0.14987415075302124,0.30528974533081055,0.9374163746833801
51.27762970000913,-0.45504841208457947,0.8223245739936829,0.03195652738213539,0.07446224242448807,0.15018190443515778,0.30556708574295044,0.9372991323471069
51.281690600008005,-0.4549694061279297,0.8224461674690247,0.03203437849879265,0.07324451953172684,0.14988499879837036,0.30687305331230164,0.9370158910751343
51.28637260000687,-0.45490264892578125,0.8225706219673157,0.032083071768283844,0.07307928800582886,0.15021631121635437,0.3068140149116516,0.9369950294494629
51.290116200005286,-0.4548433721065521,0.8226917386054993,0.032136835157871246,0.0731016993522644,0.1505914032459259,0.3063999116420746,0.9370685815811157
51.29414650000399,-0.45475953817367554,0.8228273391723633,0.03218219429254532,0.07308702915906906,0.1505068689584732,0.30605658888816833,0.9371954798698425
51.29847570000857,-0.4547049403190613,0.822986364364624,0.032244861125946045,0.07260411977767944,0.15082895755767822,0.3056713342666626,0.9373070001602173
51.302877000009175,-0.45465219020843506,0.823110818862915,0.032290905714035034,0.07235576957464218,0.15097852051258087,0.3057629466056824,0.9372722506523132
51.30715990001045,-0.4545973837375641,0.8232374787330627,0.03234340623021126,0.07224355638027191,0.1510426104068756,0.30567631125450134,0.9372988343238831
51.31110289999924,-0.45456045866012573,0.8234164118766785,0.03241349011659622,0.07335822284221649,0.151897132396698,0.30375292897224426,0.9376993775367737
51.31510060001165,-0.45453011989593506,0.8235651254653931,0.0324794203042984,0.07265087217092514,0.15186543762683868,0.3040328621864319,0.9376688003540039
51.32357610001054,-0.4544578492641449,0.8238309025764465,0.03263280913233757,0.07177270203828812,0.15244744718074799,0.304056853055954,0.9376341700553894
51.32783200000995,-0.4544279873371124,0.8239677548408508,0.03269192576408386,0.071997731924057,0.15269266068935394,0.3037392795085907,0.9376800060272217
51.331992300009006,-0.45440372824668884,0.8241155743598938,0.032763201743364334,0.07235989719629288,0.15292561054229736,0.3033292591571808,0.9377468824386597
51.34008180000819,-0.4543174207210541,0.8244503736495972,0.03293881565332413,0.07260658591985703,0.15296407043933868,0.3032718300819397,0.9377401471138
51.34458550000272,-0.45428046584129333,0.8246026635169983,0.033028408885002136,0.0727478489279747,0.15315590798854828,0.3028593957424164,0.9378311634063721
51.34869170001184,-0.4542240798473358,0.8247675895690918,0.03311692178249359,0.07265807688236237,0.15336105227470398,0.3027173578739166,0.9378504753112793
51.35253740000189,-0.4541793465614319,0.8249208927154541,0.03321533650159836,0.07217361032962799,0.15348239243030548,0.3026432991027832,0.9378918409347534
51.3566770000034,-0.4541436731815338,0.8250685930252075,0.03328730911016464,0.07180918753147125,0.1534336507320404,0.30282971262931824,0.9378676414489746
51.36097300000256,-0.4541216492652893,0.8252265453338623,0.033384863287210464,0.07073535025119781,0.1533159464597702,0.303114652633667,0.9378764629364014
51.36931420001201,-0.4540671110153198,0.8254981637001038,0.033524006605148315,0.07051908224821091,0.15328097343444824,0.3030793070793152,0.9379099011421204
51.37341510000988,-0.45404163002967834,0.8256739974021912,0.03359687328338623,0.06990804523229599,0.1534094512462616,0.30309373140335083,0.9379299283027649
51.37759340000048,-0.45401453971862793,0.825818657875061,0.03367970138788223,0.07006104290485382,0.1535833775997162,0.3026425242424011,0.9380358457565308
51.38186040001165,-0.45398786664009094,0.825974702835083,0.03375568613409996,0.070444755256176,0.15382346510887146,0.30193012952804565,0.9381973147392273
51.385900900000706,-0.4539675712585449,0.8261038661003113,0.03383580222725868,0.07027467340230942,0.15377934277057648,0.3020631968975067,0.9381744265556335
51.390241300003254,-0.4539482891559601,0.8262547850608826,0.03391364961862564,0.06934544444084167,0.15377803146839142,0.30246496200561523,0.9381143450737
51.39480100000219,-0.4539262354373932,0.8263868689537048,0.03400082513689995,0.0688004121184349,0.15384812653064728,0.30276596546173096,0.9380459189414978
51.39844180000364,-0.45390772819519043,0.8265175223350525,0.03410967066884041,0.0679255947470665,0.15378804504871368,0.30299967527389526,0.9380440711975098
51.40258740000718,-0.45389580726623535,0.8266233801841736,0.034191280603408813,0.06771142035722733,0.15381881594657898,0.3030972480773926,0.9380229711532593
51.40670659999887,-0.453886479139328,0.8267892599105835,0.034289274364709854,0.06892272084951401,0.15453670918941498,0.30074164271354675,0.9385747909545898
51.41123120000702,-0.4538578391075134,0.8268887996673584,0.03437529876828194,0.06911715120077133,0.1547822654247284,0.30022740364074707,0.9386846423149109
51.41907150000043,-0.4538029134273529,0.8270867466926575,0.034549228847026825,0.06950020045042038,0.1551535725593567,0.2993442118167877,0.9388770461082458
51.42364360000647,-0.453763872385025,0.8272039890289307,0.034660473465919495,0.07004330307245255,0.1557045578956604,0.2982751727104187,0.9390857815742493
51.427578400005586,-0.45371338725090027,0.8273079991340637,0.03475625067949295,0.06988339126110077,0.156166210770607,0.29813694953918457,0.9390648603439331
51.431888500010245,-0.45367807149887085,0.827398955821991,0.03484593704342842,0.06972718983888626,0.15617600083351135,0.2981611490249634,0.9390672445297241
51.4358232000086,-0.45363882184028625,0.827491283416748,0.034933097660541534,0.06964752078056335,0.15642939507961273,0.2976427376270294,0.9391953349113464
51.440324499999406,-0.4535878300666809,0.8276112079620361,0.0350499153137207,0.06899140030145645,0.15644076466560364,0.29823166131973267,0.9390550851821899
51.445069800000056,-0.45354336500167847,0.8277040123939514,0.03514007106423378,0.0687308982014656,0.1565297394990921,0.2981078624725342,0.939098596572876
51.44857140000386,-0.45349806547164917,0.8277937769889832,0.03523281589150429,0.0688784047961235,0.1567753404378891,0.2977524995803833,0.9391595721244812
51.45269720000215,-0.45342400670051575,0.8279308676719666,0.03537987545132637,0.06954880803823471,0.1568339765071869,0.2968555688858032,0.9393843412399292
51.45686730000307,-0.45337292551994324,0.8280344605445862,0.03552533686161041,0.06993098556995392,0.15730391442775726,0.2961462140083313,0.9395012259483337
51.461150500006624,-0.45331907272338867,0.8281449675559998,0.03563820198178291,0.07001377642154694,0.1573539674282074,0.29592692852020264,0.939555823802948
51.46524020000652,-0.453265517950058,0.8282732367515564,0.03576613962650299,0.0701640397310257,0.15771907567977905,0.29543545842170715,0.9396380186080933
51.469306200000574,-0.4532037377357483,0.8283918499946594,0.035877443850040436,0.06987033784389496,0.1579408198595047,0.29539498686790466,0.9396353960037231
51.474199000003864,-0.4531491994857788,0.8285247683525085,0.035970453172922134,0.0693683996796608,0.15812340378761292,0.2954215109348297,0.9396334886550903
51.477920000004815,-0.4530887007713318,0.8287023305892944,0.036099519580602646,0.06755764782428741,0.15797287225723267,0.29612356424331665,0.9395698308944702
51.48265280001215,-0.45302897691726685,0.8288217186927795,0.036184996366500854,0.06749889254570007,0.1581355631351471,0.29588186740875244,0.9396227598190308
51.486475900004734,-0.45296329259872437,0.8289593458175659,0.03626302257180214,0.06735493987798691,0.15860699117183685,0.2956346273422241,0.939631462097168
51.49019209999824,-0.4528939723968506,0.8290921449661255,0.03634847700595856,0.06714919954538345,0.15881375968456268,0.29538264870643616,0.9396905303001404
51.49454090000654,-0.4528231918811798,0.8292249441146851,0.03642600029706955,0.06711720675230026,0.15929706394672394,0.2949202358722687,0.9397562146186829
51.49847800000862,-0.45273178815841675,0.8293887972831726,0.03652631863951683,0.0676622986793518,0.16046975553035736,0.2935408055782318,0.9399495720863342
51.50309680000646,-0.4526498019695282,0.8295265436172485,0.03661423176527023,0.06718575209379196,0.16056889295578003,0.29362252354621887,0.9399412274360657
51.507625300000655,-0.452558696269989,0.8296650648117065,0.036699455231428146,0.0669393241405487,0.1609867811203003,0.29355037212371826,0.9399098753929138
51.51114510001207,-0.45247188210487366,0.8298230767250061,0.03681686148047447,0.06608615815639496,0.16106411814689636,0.2939511835575104,0.9398317337036133
51.51517590000003,-0.4523668885231018,0.8299834132194519,0.03689553961157799,0.06583668291568756,0.16129332780838013,0.2941768169403076,0.9397394061088562
51.51955650000309,-0.45227253437042236,0.8301551342010498,0.03699856996536255,0.06674706935882568,0.16185666620731354,0.2928679585456848,0.9399870038032532
51.52364140001009,-0.4521609842777252,0.8303148150444031,0.03711819648742676,0.06728165596723557,0.16232268512248993,0.29263177514076233,0.9399421811103821
51.528281700011576,-0.4520453214645386,0.8304738998413086,0.03723512962460518,0.06759615987539291,0.1621103733778,0.29279473423957825,0.9399054050445557
51.53176610000082,-0.45193204283714294,0.8306482434272766,0.03735235333442688,0.06851418316364288,0.1628386378288269,0.2911427319049835,0.9402262568473816
51.53602440000395,-0.4518093466758728,0.830817461013794,0.03743262588977814,0.06811030209064484,0.1629055291414261,0.2914511263370514,0.9401484727859497
51.5400335000013,-0.4516778290271759,0.8309844732284546,0.03753284364938736,0.06796260178089142,0.16317018866539001,0.29137539863586426,0.9401366710662842
51.547844100001385,-0.45137402415275574,0.8312744498252869,0.037710923701524734,0.06794968992471695,0.1638181507587433,0.2910621762275696,0.9401220083236694
51.55252389999805,-0.4512414336204529,0.8314894437789917,0.03784636780619621,0.06921326369047165,0.1638292670249939,0.29125022888183594,0.939969539642334
51.55694310000399,-0.45108622312545776,0.831683337688446,0.037913206964731216,0.06843428313732147,0.1644260585308075,0.2908250689506531,0.9400540590286255
51.56088420000742,-0.45089492201805115,0.8318737149238586,0.038011450320482254,0.06829997152090073,0.16552290320396423,0.28992995619773865,0.9401478171348572
51.56535050000821,-0.45069968700408936,0.8320508599281311,0.03807109594345093,0.0675748810172081,0.16613207757472992,0.2894260585308075,0.9402480125427246
51.569685800001025,-0.450527548789978,0.8322274088859558,0.03813222050666809,0.0666220486164093,0.16631725430488586,0.2898617684841156,0.9401490688323975
51.573585200007074,-0.45034921169281006,0.8324089646339417,0.038187410682439804,0.06582573801279068,0.16634494066238403,0.289963036775589,0.940169095993042
51.57769140000164,-0.45012444257736206,0.832573652267456,0.03823288902640343,0.06667974591255188,0.1673951894044876,0.28927484154701233,0.9401344656944275
51.58214680000674,-0.44991594552993774,0.832748293876648,0.03830091282725334,0.06644510477781296,0.16823528707027435,0.28903356194496155,0.9400753378868103
51.58657050000329,-0.4496896266937256,0.832942008972168,0.03837958350777626,0.06629984825849533,0.1686755269765854,0.2891569137573242,0.9399687051773071
51.59094520000508,-0.44944795966148376,0.8331413865089417,0.038474757224321365,0.06629747152328491,0.16961710155010223,0.2883807420730591,0.9400379061698914
51.59474100000807,-0.44922417402267456,0.833297073841095,0.038551390171051025,0.06652738153934479,0.16989967226982117,0.288464218378067,0.9399450421333313
51.600302899998496,-0.44897371530532837,0.8334877490997314,0.03861435502767563,0.06713669747114182,0.1708446890115738,0.28764811158180237,0.9399805068969727
51.60457090000273,-0.4486956298351288,0.8337026834487915,0.038810696452856064,0.06819292902946472,0.1700449287891388,0.28911179304122925,0.9396003484725952
51.60846719999972,-0.44841307401657104,0.8338959813117981,0.03887632116675377,0.06855562329292297,0.17093263566493988,0.2893223464488983,0.939348042011261
51.61254510001163,-0.4480935335159302,0.8340979218482971,0.03899296000599861,0.06878463923931122,0.17215922474861145,0.2881788909435272,0.9394588470458984
51.616105500012054,-0.4477533996105194,0.8342471122741699,0.039081621915102005,0.06861207634210587,0.17302794754505157,0.2889786660671234,0.9390661120414734
51.61996310000541,-0.4474259912967682,0.8344036936759949,0.03919769823551178,0.06886827200651169,0.17350336909294128,0.28902000188827515,0.9389469027519226
51.62343740000506,-0.44711706042289734,0.8345633745193481,0.03928639739751816,0.06896278262138367,0.17369745671749115,0.289252907037735,0.9388322830200195
51.62783969999873,-0.4467337429523468,0.8347868323326111,0.03942781314253807,0.06911478191614151,0.17378826439380646,0.2896256744861603,0.9386894106864929
51.63249240000732,-0.4463662803173065,0.8349796533584595,0.039533164352178574,0.06864218413829803,0.17488321661949158,0.28969860076904297,0.9384982585906982
51.63614000000234,-0.446005254983902,0.8351765871047974,0.03963449224829674,0.06836911290884018,0.17587953805923462,0.28939732909202576,0.9384248852729797
51.641078200002084,-0.44564998149871826,0.835320770740509,0.03968925401568413,0.06885505467653275,0.17706389725208282,0.2890854775905609,0.9382627010345459
51.64497140000458,-0.4452826976776123,0.8355238437652588,0.03979077190160751,0.06894270330667496,0.1775239259004593,0.28868499398231506,0.9382926821708679
51.648547400007374,-0.44486889243125916,0.8357089161872864,0.03991809859871864,0.06825648248195648,0.17799900472164154,0.2890734374523163,0.9381332397460938
51.65339720000338,-0.44445252418518066,0.8359217643737793,0.04006753861904144,0.06799165159463882,0.1789669394493103,0.28851357102394104,0.9381406903266907
51.65709150000475,-0.44405511021614075,0.8361382484436035,0.04019174724817276,0.06765115261077881,0.17987555265426636,0.2886064052581787,0.9379629492759705
51.66141800000332,-0.4436791241168976,0.8363271951675415,0.04028274118900299,0.06805530935525894,0.18057741224765778,0.2880997955799103,0.9379546046257019
51.66575700000976,-0.44325438141822815,0.8365485072135925,0.04037938639521599,0.06822442263364792,0.18185698986053467,0.28749504685401917,0.9378806352615356
51.66940800000157,-0.4428093135356903,0.8368039727210999,0.04058863967657089,0.06784442067146301,0.1830144077539444,0.28680288791656494,0.9378949999809265
51.67828120000195,-0.4419315457344055,0.8372458219528198,0.040804196149110794,0.06888145953416824,0.18376655876636505,0.28576231002807617,0.9379900097846985
51.68218600000546,-0.4414947032928467,0.8375051617622375,0.04094741493463516,0.0685097798705101,0.1847405880689621,0.28549861907958984,0.9379061460494995
51.68605670001125,-0.4410398602485657,0.8378113508224487,0.04111020267009735,0.06700917333364487,0.18587270379066467,0.2860139310359955,0.9376338720321655
51.6903456,-0.4405260682106018,0.8380065560340881,0.041269391775131226,0.06779437512159348,0.18718264997005463,0.2855554521083832,0.9374566078186035
51.69458360000863,-0.44005921483039856,0.8382419943809509,0.04140053316950798,0.06788372993469238,0.18754538893699646,0.2854892909526825,0.9373977184295654
51.69889700000931,-0.43959543108940125,0.8385005593299866,0.04153410345315933,0.06708595901727676,0.18828189373016357,0.28509339690208435,0.9374279975891113
51.70384020000347,-0.4391179084777832,0.8387536406517029,0.04168689623475075,0.06565148383378983,0.18880197405815125,0.2856612503528595,0.9372520446777344
51.70773760000884,-0.43862268328666687,0.8389803171157837,0.04190315678715706,0.06602229177951813,0.18896818161010742,0.2869904041290283,0.9367862939834595
51.71191560001171,-0.438065767288208,0.8392273783683777,0.042051397264003754,0.06662101298570633,0.19077515602111816,0.2855363190174103,0.9368220567703247
51.717078100002254,-0.4375571310520172,0.8394923806190491,0.04225634038448334,0.06695783138275146,0.19210711121559143,0.2845524847507477,0.936825156211853
51.72122910000326,-0.43705329298973083,0.8397166728973389,0.04244586080312729,0.0671062245965004,0.1927940547466278,0.2845655381679535,0.9366695284843445
51.72535770000832,-0.4365306496620178,0.839942455291748,0.0425974577665329,0.06678672134876251,0.1937616765499115,0.28436294198036194,0.9365541934967041
51.72968400000536,-0.4359529912471771,0.8402060866355896,0.04280269891023636,0.06634274125099182,0.19471541047096252,0.2855130732059479,0.9360378384590149
51.73403600000893,-0.43541601300239563,0.8404339551925659,0.04296625033020973,0.06685313582420349,0.19561049342155457,0.2859554886817932,0.9356797933578491
51.7380453000078,-0.4348651170730591,0.8406953811645508,0.0431843027472496,0.06722139567136765,0.19584009051322937,0.28641387820243835,0.9354651570320129
51.742036600000574,-0.43429112434387207,0.8409653306007385,0.043383680284023285,0.06589221954345703,0.1970297396183014,0.2864614427089691,0.9352954030036926
51.74600740001188,-0.4336926341056824,0.8412380218505859,0.04354547709226608,0.06641937792301178,0.19808366894721985,0.2854774594306946,0.9353363513946533
51.75030980000156,-0.4330836832523346,0.8414781093597412,0.04375825822353363,0.0669935867190361,0.19924558699131012,0.2858169376850128,0.9349448084831238
51.75426359999983,-0.43251562118530273,0.8417975902557373,0.043952032923698425,0.06616956740617752,0.20065374672412872,0.2857309877872467,0.9347285032272339
51.757821000006516,-0.4319170415401459,0.8420524597167969,0.04413766413927078,0.06704314798116684,0.2019677609205246,0.2846742272377014,0.9347058534622192
51.76113360001182,-0.4312743544578552,0.8423234224319458,0.044380176812410355,0.06680851429700851,0.2016187310218811,0.28650015592575073,0.93423992395401
51.76539050000429,-0.4305860996246338,0.8425821661949158,0.04460449144244194,0.06693777441978455,0.20388604700565338,0.28488004207611084,0.9342340230941772
51.76930870000797,-0.42999061942100525,0.8427990078926086,0.04477043077349663,0.06733721494674683,0.2057560235261917,0.28428006172180176,0.9339780807495117
51.7736115000007,-0.429343044757843,0.8430752754211426,0.045006219297647476,0.06715719401836395,0.20662151277065277,0.2845853269100189,0.9337069392204285
51.778910300010466,-0.42864400148391724,0.8433660864830017,0.04525564983487129,0.06756803393363953,0.2080322504043579,0.28355905413627625,0.9336763620376587
51.785969700009446,-0.4272764325141907,0.8439186215400696,0.04570385068655014,0.06738463789224625,0.21013420820236206,0.2843034565448761,0.9329922795295715
51.79002770000079,-0.4266098737716675,0.8442169427871704,0.04590550437569618,0.06643722951412201,0.21106640994548798,0.2842497229576111,0.932866096496582
51.79439030001231,-0.42585867643356323,0.8445142507553101,0.046138472855091095,0.06738782674074173,0.2129603922367096,0.2830023467540741,0.9327468276023865
51.79854720000003,-0.4251693785190582,0.8448502421379089,0.04637464880943298,0.06592676788568497,0.21417772769927979,0.2839048504829407,0.9322981238365173
51.802599100003135,-0.4244775176048279,0.8451840281486511,0.046585965901613235,0.0664997547864914,0.21521064639091492,0.2830953299999237,0.9322656393051147
51.80702089999977,-0.42370885610580444,0.8454754948616028,0.04684072360396385,0.06724928319454193,0.21746616065502167,0.28269362449645996,0.9318102598190308
51.81473680000636,-0.42228347063064575,0.84608393907547,0.04726216569542885,0.06625966727733612,0.21978159248828888,0.2819584608078003,0.9315605759620667
51.81924880000588,-0.42150869965553284,0.8463780879974365,0.04748403653502464,0.06638985872268677,0.22160474956035614,0.28225037455558777,0.9310308694839478
51.82329949999985,-0.42078399658203125,0.8466388583183289,0.047658342868089676,0.06622058153152466,0.22258608043193817,0.2818397283554077,0.9309331774711609
51.827694799998426,-0.42003363370895386,0.8469389081001282,0.047937776893377304,0.06594926863908768,0.22367630898952484,0.2819092273712158,0.9306700825691223
51.83170080000127,-0.41925832629203796,0.8471770286560059,0.04813716933131218,0.06513317674398422,0.224263533949852,0.28351858258247375,0.9300971627235413
51.835955600006855,-0.4185193181037903,0.8474889397621155,0.04832850396633148,0.0644933432340622,0.225783109664917,0.28425270318984985,0.9295499920845032
51.840399300010176,-0.4177769124507904,0.8477824926376343,0.04858216270804405,0.06414845585823059,0.2264941781759262,0.2842916250228882,0.9293888211250305
51.84439620000194,-0.41703930497169495,0.8480579257011414,0.048787396401166916,0.06399288028478622,0.22797167301177979,0.28531935811042786,0.928723156452179
51.84866370000236,-0.41623008251190186,0.8483107089996338,0.04905135557055473,0.06442619860172272,0.22955536842346191,0.2858279347419739,0.9281466007232666
51.852638399999705,-0.41623008251190186,0.8483107089996338,0.04905135557055473,0.06442619860172272,0.22955536842346191,0.2858279347419739,0.9281466007232666
51.85756879999826,-0.414725124835968,0.8488616347312927,0.0494774729013443,0.06440351158380508,0.23118071258068085,0.28634577989578247,0.9275849461555481
51.861016499999096,-0.41395533084869385,0.8491398096084595,0.04974328726530075,0.06462287902832031,0.23295895755290985,0.28692519664764404,0.9269455075263977
51.86503780000203,-0.4131893813610077,0.8493894934654236,0.0499890074133873,0.06437750905752182,0.2333408147096634,0.2886199951171875,0.9263402819633484
51.86974639999971,-0.412411093711853,0.849647045135498,0.05021589621901512,0.0645231306552887,0.23476651310920715,0.28753429651260376,0.9263074994087219
51.87398519999988,-0.41161593794822693,0.849890410900116,0.050462134182453156,0.06455070525407791,0.23611509799957275,0.28718405961990356,0.9260714650154114
51.87756990001071,-0.41086679697036743,0.8501526117324829,0.05071955546736717,0.06523051857948303,0.2378721535205841,0.28720012307167053,0.9255689382553101
51.881766200007405,-0.41009071469306946,0.8504306674003601,0.05096057057380676,0.06496429443359375,0.23904068768024445,0.28678932785987854,0.9254140257835388
51.88604280000436,-0.4092947840690613,0.8506619334220886,0.05118204280734062,0.06565162539482117,0.24010783433914185,0.28677019476890564,0.9250951409339905
51.89036390000547,-0.40853843092918396,0.8508959412574768,0.0514613538980484,0.06589645147323608,0.2415027618408203,0.28615984320640564,0.9249036312103271
51.89447369999834,-0.407781183719635,0.851159393787384,0.051699310541152954,0.06442243605852127,0.2426835149526596,0.28759440779685974,0.9242532253265381
51.89872409999953,-0.40697208046913147,0.851371705532074,0.05197972059249878,0.06560048460960388,0.24367031455039978,0.2870545983314514,0.9240785837173462
51.90290650000679,-0.4062500298023224,0.851632833480835,0.05225820094347,0.06430401653051376,0.24459005892276764,0.28788068890571594,0.9236696362495422
51.906684700006736,-0.40551283955574036,0.8518221378326416,0.05249708145856857,0.06475026905536652,0.24590449035167694,0.2877025902271271,0.9233448505401611
51.911100199999055,-0.40469890832901,0.8520338535308838,0.05280118063092232,0.06509581208229065,0.2470332831144333,0.2882000505924225,0.9228639602661133
51.91496360000747,-0.4039788246154785,0.8522182106971741,0.053080786019563675,0.06422771513462067,0.2478274703025818,0.2887086272239685,0.9225528836250305
51.919573799998034,-0.40325042605400085,0.8524351716041565,0.053359776735305786,0.06424162536859512,0.2499617636203766,0.288006067276001,0.922195553779602
51.92351459999918,-0.4024876654148102,0.8526196479797363,0.053633928298950195,0.06402640789747238,0.2503546178340912,0.2887166738510132,0.9218816757202148
51.92756380001083,-0.40176430344581604,0.8528111577033997,0.053888142108917236,0.06423643976449966,0.250903844833374,0.28914085030555725,0.9215848445892334
51.93180690000008,-0.40105873346328735,0.8529884815216064,0.05419132113456726,0.06425078958272934,0.2523006200790405,0.2895788550376892,0.9210647940635681
51.93573870000546,-0.4003469944000244,0.8531744480133057,0.054479360580444336,0.06450247764587402,0.2530492842197418,0.2900107800960541,0.9207058548927307
51.94009040000674,-0.3995637595653534,0.8533418774604797,0.05479678884148598,0.06499537080526352,0.2538796067237854,0.2902514636516571,0.920366644859314
51.945027599998866,-0.3988831639289856,0.853479266166687,0.05505596473813057,0.06550870090723038,0.25497493147850037,0.29044198989868164,0.9199673533439636
51.94869600000675,-0.39820438623428345,0.8536307215690613,0.055357422679662704,0.06538151204586029,0.25579410791397095,0.2911092936992645,0.9195379614830017
51.954658200003905,-0.3974704444408417,0.8537654876708984,0.05566273629665375,0.06595787405967712,0.25751012563705444,0.2902568578720093,0.9192873239517212
51.959562100004405,-0.39677220582962036,0.8538899421691895,0.055932190269231796,0.06618931889533997,0.25780636072158813,0.29037779569625854,0.9191493988037109
51.96505470000557,-0.3953789472579956,0.8541817665100098,0.056527845561504364,0.06618465483188629,0.26017317175865173,0.2908821702003479,0.9183230400085449
51.96921670000302,-0.3946664035320282,0.8543142080307007,0.05676642432808876,0.06699883192777634,0.26174309849739075,0.29064080119132996,0.917894184589386
51.97340550000081,-0.3939419686794281,0.8544468283653259,0.05707214027643204,0.06766019016504288,0.2622540295124054,0.2904267907142639,0.9177675247192383
51.97796210000524,-0.3932688534259796,0.8545597791671753,0.057314783334732056,0.06777098774909973,0.26363542675971985,0.2904648780822754,0.917351484298706
51.98178380000172,-0.39255452156066895,0.854712188243866,0.05761953443288803,0.06775083392858505,0.26523876190185547,0.2905137836933136,0.9168751239776611
51.98605300000054,-0.3918633460998535,0.854801595211029,0.057902563363313675,0.06766598671674728,0.2659004032611847,0.28990045189857483,0.9168838858604431
51.990345800004434,-0.3911527395248413,0.8548968434333801,0.05816679447889328,0.06798267364501953,0.26720622181892395,0.2903634011745453,0.9163342714309692
51.99449209999875,-0.3904542326927185,0.8550257086753845,0.05845240503549576,0.06828279048204422,0.26819732785224915,0.2904483377933502,0.9159952998161316
51.99839210000937,-0.38977667689323425,0.8551169633865356,0.05870341882109642,0.0685693770647049,0.2694062292575836,0.290497362613678,0.9156035780906677
52.0029588000034,-0.3890379071235657,0.8551998138427734,0.05899690464138985,0.06916818767786026,0.27062058448791504,0.28998321294784546,0.9153633713722229
52.00707210000837,-0.3883667290210724,0.8552888035774231,0.05924582853913307,0.06943000108003616,0.27156126499176025,0.2903410494327545,0.9149513840675354
52.01092169999902,-0.3876425623893738,0.8553630113601685,0.059495959430933,0.06981111317873001,0.2731652855873108,0.2908269166946411,0.9142904281616211
52.01510780000535,-0.38691475987434387,0.8554093837738037,0.05978241190314293,0.07054104655981064,0.2743977904319763,0.28971683979034424,0.9142177700996399
52.01922960000229,-0.3862120807170868,0.8554592728614807,0.06004002317786217,0.07044433057308197,0.27502408623695374,0.2898671627044678,0.913989245891571
52.025299800006906,-0.38548946380615234,0.8555064797401428,0.06032705307006836,0.07136374711990356,0.2774355709552765,0.28911760449409485,0.913426399230957
52.029438000012306,-0.38482123613357544,0.8555306792259216,0.06053527444601059,0.07189290970563889,0.2784025967121124,0.2895679175853729,0.9129478931427002
52.03365969999868,-0.38408732414245605,0.855540931224823,0.060829732567071915,0.07228738069534302,0.27829888463020325,0.2900984287261963,0.9127799272537231
52.03772030000982,-0.38334736227989197,0.855551540851593,0.06110099330544472,0.07380253821611404,0.2803976833820343,0.2893195152282715,0.9122635126113892
52.04200300000957,-0.38266444206237793,0.8555786609649658,0.06132420152425766,0.07428380846977234,0.2818600833415985,0.2889186143875122,0.9119007587432861
52.045960700008436,-0.38190972805023193,0.8556081056594849,0.06162213161587715,0.07434198260307312,0.2833912670612335,0.2879564166069031,0.9117257595062256
52.05018170000403,-0.38119804859161377,0.8556063771247864,0.06187658756971359,0.07516128569841385,0.28451767563819885,0.2877058982849121,0.9113867878913879
52.05421450000722,-0.3805312216281891,0.8555871844291687,0.06210845708847046,0.0760824978351593,0.2857058644294739,0.28731220960617065,0.9110628366470337
52.057836500011035,-0.37985366582870483,0.8555843234062195,0.062388982623815536,0.07704757899045944,0.28728270530700684,0.286422997713089,0.9107658267021179
52.06566079999902,-0.3784725069999695,0.8554987907409668,0.06293150037527084,0.07832043617963791,0.2899091839790344,0.2855846881866455,0.9100878834724426
52.069741300001624,-0.3777754008769989,0.8554073572158813,0.06319575756788254,0.0797376036643982,0.2917981743812561,0.28416353464126587,0.9098060131072998
52.07337280000502,-0.3771331012248993,0.8553179502487183,0.06343445181846619,0.08036631345748901,0.292555570602417,0.2844129204750061,0.9094294309616089
52.07769510000071,-0.3764318823814392,0.8552551865577698,0.06371555477380753,0.08196756988763809,0.29468557238578796,0.28311100602149963,0.9090049266815186
52.08198090000951,-0.37578004598617554,0.8551772236824036,0.06400001794099808,0.08283369988203049,0.2956441342830658,0.2837390899658203,0.9084190726280212
52.085997800008045,-0.375180721282959,0.8550591468811035,0.06423131376504898,0.08352524787187576,0.2962146997451782,0.284540057182312,0.9079192280769348
52.093840100002126,-0.373855322599411,0.8548832535743713,0.06476546823978424,0.08486409485340118,0.2992888391017914,0.2828768491744995,0.907306432723999
52.099142000006395,-0.37327349185943604,0.8547884821891785,0.06499549001455307,0.08593917638063431,0.3002892732620239,0.2825402021408081,0.906979501247406
52.10713499999838,-0.37202852964401245,0.8546229600906372,0.06552131474018097,0.08703400939702988,0.3031148910522461,0.2822939455509186,0.9060114026069641
52.11104519999935,-0.3714396059513092,0.8545291423797607,0.06575001776218414,0.08905623108148575,0.3038221597671509,0.2813251316547394,0.9058793187141418
52.11497510000481,-0.37081384658813477,0.8544066548347473,0.0660063698887825,0.08933712542057037,0.30566009879112244,0.28044602274894714,0.905505895614624
52.11943489999976,-0.370271772146225,0.8542439341545105,0.06624787300825119,0.09031051397323608,0.3069975972175598,0.2800217270851135,0.9050880074501038
52.1233959000092,-0.36971166729927063,0.854128897190094,0.06647254526615143,0.09218085557222366,0.30820462107658386,0.27939295768737793,0.9046834707260132
52.12772000000405,-0.3690923750400543,0.8540106415748596,0.06675146520137787,0.09345557540655136,0.31025075912475586,0.27838802337646484,0.9041630625724792
52.13206590000482,-0.3685512840747833,0.8538597822189331,0.06697989255189896,0.09364176541566849,0.3111250400543213,0.27851155400276184,0.903805136680603
52.1358642999985,-0.3679983615875244,0.8537221550941467,0.06718802452087402,0.09508240967988968,0.31234851479530334,0.2779940664768219,0.90339195728302
52.140203600007226,-0.3673560321331024,0.8536280989646912,0.06744685024023056,0.09577620774507523,0.314289391040802,0.27782922983169556,0.9026959538459778
52.14421779999975,-0.36681073904037476,0.8534900546073914,0.06766229122877121,0.09627248346805573,0.31523561477661133,0.2775317430496216,0.9024047255516052
52.14845760000753,-0.36627519130706787,0.8533622026443481,0.06784781813621521,0.0970509797334671,0.316394180059433,0.2773708999156952,0.9019652605056763
52.15287970000645,-0.3656638264656067,0.853283166885376,0.06810823082923889,0.09764005988836288,0.318305104970932,0.2764729857444763,0.9015048742294312
52.15678810000827,-0.3650984466075897,0.8531361818313599,0.06828534603118896,0.0989350974559784,0.31929850578308105,0.27639129757881165,0.9010372757911682
52.16132670000661,-0.3645397126674652,0.8529981374740601,0.0684170126914978,0.09992696344852448,0.32024314999580383,0.2758907079696655,0.9007459878921509
52.165534200001275,-0.36397650837898254,0.8528884649276733,0.06865663826465607,0.10060958564281464,0.3226349949836731,0.27340948581695557,0.9005729556083679
52.16918350000924,-0.363463431596756,0.8527477979660034,0.06883272528648376,0.10152523219585419,0.3234848082065582,0.2728886008262634,0.9003232717514038
52.17616650000855,-0.36293894052505493,0.8525846600532532,0.06901366263628006,0.10272721201181412,0.32462790608406067,0.27243033051490784,0.8999142646789551
52.18056570000772,-0.3623621463775635,0.8524424433708191,0.06924296915531158,0.10367219895124435,0.3267502784729004,0.2718905806541443,0.8992006778717041
52.18532580000465,-0.36137276887893677,0.8521289229393005,0.0696263536810875,0.1051500216126442,0.3282914459705353,0.27049413323402405,0.8988889455795288
52.18964940001024,-0.3608190417289734,0.8519779443740845,0.06983189284801483,0.10582379996776581,0.3300381600856781,0.2697029411792755,0.8984077572822571
52.1946345000033,-0.36029577255249023,0.8517780303955078,0.0700208991765976,0.10672878473997116,0.3319244980812073,0.26927071809768677,0.8977352380752563
52.198405200004345,-0.35977256298065186,0.8515554666519165,0.07013709843158722,0.10705472528934479,0.3323592245578766,0.2699708044528961,0.8973250985145569
52.202653800006374,-0.3592684268951416,0.851370096206665,0.0703071802854538,0.1082424744963646,0.33332324028015137,0.26946038007736206,0.8969784379005432
52.2066746000055,-0.35870561003685,0.8512030839920044,0.07053949683904648,0.11002038419246674,0.3357815742492676,0.2676957845687866,0.896373450756073
52.21111660001043,-0.35817989706993103,0.8509900569915771,0.07066825032234192,0.11123255640268326,0.33691057562828064,0.26732373237609863,0.8959110975265503
52.21504150000692,-0.3576817214488983,0.8507716655731201,0.07079999893903732,0.11223521083593369,0.33798620104789734,0.2661830186843872,0.8957205414772034
52.219698400003836,-0.3571201264858246,0.8506056666374207,0.07101284712553024,0.11288923770189285,0.3399757444858551,0.26450273394584656,0.8953831195831299
52.22348400000192,-0.35660263895988464,0.850421667098999,0.07119835913181305,0.11415808647871017,0.3411236107349396,0.26385676860809326,0.8949761986732483
52.22759640000004,-0.356078565120697,0.8502241373062134,0.07130424678325653,0.11518985778093338,0.34262028336524963,0.26332807540893555,0.8944277167320251
52.231769100006204,-0.35555437207221985,0.8500363826751709,0.07143306732177734,0.11567261070013046,0.34443023800849915,0.26279038190841675,0.8938282132148743
52.23581490000652,-0.3550320863723755,0.8498460054397583,0.07158690690994263,0.11654213815927505,0.34612274169921875,0.26010018587112427,0.8938484191894531
52.240217600003234,-0.35453230142593384,0.8496373295783997,0.07166296243667603,0.11750620603561401,0.34725573658943176,0.2596725821495056,0.8934069871902466
52.24430690000008,-0.3540136516094208,0.8494126796722412,0.0717536211013794,0.11870575696229935,0.3489762842655182,0.25993651151657104,0.8925006985664368
52.24833899999794,-0.3534785807132721,0.849236249923706,0.07188359647989273,0.11875265836715698,0.35010817646980286,0.2606755793094635,0.8918354511260986
52.25292530001025,-0.3530115485191345,0.8490803241729736,0.07197491824626923,0.11887757480144501,0.3516400456428528,0.25923359394073486,0.8916363716125488
52.26298310000857,-0.3519611060619354,0.8486540913581848,0.07210437208414078,0.12133339792490005,0.3547714352607727,0.2568824887275696,0.8907451629638672
52.26695850001124,-0.35143473744392395,0.8485021591186523,0.07220330089330673,0.12150059640407562,0.3561915457248688,0.2562691867351532,0.8903321623802185
52.27311330000521,-0.3504496216773987,0.84811931848526,0.07234012335538864,0.12306187301874161,0.3595990538597107,0.2551226317882538,0.8890763521194458
52.27762480000092,-0.34993261098861694,0.8479074835777283,0.07239709049463272,0.12385541200637817,0.3608126640319824,0.2549574375152588,0.888521671295166
52.28173470000911,-0.3493802845478058,0.8477059602737427,0.07246292382478714,0.12476172298192978,0.3627760708332062,0.2538045346736908,0.8879253268241882
52.28650519999792,-0.3488435745239258,0.8474822044372559,0.07253880798816681,0.1253952980041504,0.3644089102745056,0.25289487838745117,0.8874268531799316
52.290634200006025,-0.3483501076698303,0.8472458720207214,0.07258053123950958,0.1264062523841858,0.36543554067611694,0.2528107166290283,0.8868851661682129
52.294233699998586,-0.34780633449554443,0.8469985723495483,0.07261645048856735,0.12674042582511902,0.36730876564979553,0.25279417634010315,0.8860679268836975
52.299168700003065,-0.3472304046154022,0.8467712998390198,0.07267706096172333,0.1282864212989807,0.3695783317089081,0.2509653568267822,0.8854212760925293
52.30263850001211,-0.34674131870269775,0.8465254306793213,0.07270967215299606,0.12927664816379547,0.3712446391582489,0.24985027313232422,0.884895384311676
52.30688760000339,-0.3462110459804535,0.8462759256362915,0.07275394350290298,0.13037239015102386,0.3729669153690338,0.24829967319965363,0.8844467997550964
52.310919299998204,-0.34558621048927307,0.8460513949394226,0.0728064700961113,0.13130919635295868,0.37487804889678955,0.2489202916622162,0.8833249807357788
52.3151482000103,-0.34503111243247986,0.8458306193351746,0.0728880986571312,0.13272389769554138,0.3767043650150299,0.24722549319267273,0.8828125
52.31956360000186,-0.3445063531398773,0.8455933928489685,0.07294323295354843,0.13358432054519653,0.37799975275993347,0.24611355364322662,0.8824394941329956
52.32342120000976,-0.3439682126045227,0.8453238010406494,0.07298407703638077,0.1353740245103836,0.38011789321899414,0.24541033804416656,0.8814523220062256
52.32797600000049,-0.3433733284473419,0.8450362682342529,0.07299790531396866,0.1362811028957367,0.381987601518631,0.24531401693820953,0.8805304765701294
52.33180070000526,-0.342801034450531,0.8447906970977783,0.07304814457893372,0.13711874186992645,0.3841061592102051,0.24355438351631165,0.8799672722816467
52.33604580000974,-0.34222647547721863,0.8445001244544983,0.07306546717882156,0.13820651173591614,0.38550469279289246,0.2423868179321289,0.8795077204704285
52.34013640000194,-0.341683954000473,0.844237208366394,0.07302873581647873,0.13947534561157227,0.3872888684272766,0.24173393845558167,0.8787028789520264
52.34431190000032,-0.3411161005496979,0.843994140625,0.07303549349308014,0.14004912972450256,0.38903334736824036,0.24163395166397095,0.877868115901947
52.348773600009736,-0.340564101934433,0.8437606692314148,0.07311492413282394,0.14085786044597626,0.3909364938735962,0.23990488052368164,0.8773672580718994
52.352570800008834,-0.340018093585968,0.843501091003418,0.07311923056840897,0.14110299944877625,0.3921893835067749,0.2389669418334961,0.8770245909690857
52.35676310000417,-0.3394382894039154,0.8432113528251648,0.07308132201433182,0.14316749572753906,0.39453941583633423,0.23765629529953003,0.8759915232658386
52.360949000008986,-0.3389027416706085,0.842984676361084,0.0731029063463211,0.14422829449176788,0.39690253138542175,0.23590151965618134,0.8752239942550659
52.36505430001125,-0.33840009570121765,0.8427456021308899,0.0731111690402031,0.144765242934227,0.39838945865631104,0.2350068986415863,0.8747003674507141
52.369377300012275,-0.3378412425518036,0.8424317836761475,0.07310716062784195,0.14530061185359955,0.39946839213371277,0.23554620146751404,0.8739741444587708
52.37335080000048,-0.33724817633628845,0.8420879244804382,0.07308075577020645,0.14654280245304108,0.40074530243873596,0.23508910834789276,0.8733050227165222
52.37822790000064,-0.33673304319381714,0.8418462872505188,0.07314377278089523,0.14679884910583496,0.40264812111854553,0.23461055755615234,0.872515082359314
52.38201620000473,-0.3362014591693878,0.841578483581543,0.07315327972173691,0.14773797988891602,0.404612272977829,0.23398098349571228,0.8716164827346802
52.38584350000019,-0.33567824959754944,0.8413061499595642,0.07314851135015488,0.14827381074428558,0.40631765127182007,0.2332668900489807,0.8709233403205872
52.39026250000461,-0.3350965082645416,0.8409925103187561,0.07311967760324478,0.14993926882743835,0.4079985022544861,0.23179244995117188,0.8702458143234253
52.39422820000618,-0.3345162868499756,0.8407146334648132,0.07313963025808334,0.1508714258670807,0.4093734323978424,0.23068469762802124,0.8697332143783569
52.398444500009646,-0.33398377895355225,0.8404389023780823,0.07315319031476974,0.15201997756958008,0.4111635088920593,0.22969254851341248,0.8689510822296143
52.4019607000082,-0.33398377895355225,0.8404389023780823,0.07315319031476974,0.15201997756958008,0.4111635088920593,0.22969254851341248,0.8689510822296143
52.406686900008935,-0.3328908383846283,0.8397592902183533,0.07311549782752991,0.15450210869312286,0.4140239655971527,0.2295885533094406,0.8671806454658508
52.4110811999999,-0.3323175311088562,0.8394320011138916,0.07306868582963943,0.15506425499916077,0.41623952984809875,0.22758926451206207,0.8665465712547302
52.415093800009345,-0.33179160952568054,0.8391357660293579,0.07306352257728577,0.15549208223819733,0.4182251989841461,0.22564497590065002,0.8660221695899963
52.41919190000044,-0.3311823606491089,0.838845431804657,0.07308932393789291,0.15654826164245605,0.4199554920196533,0.22575046122074127,0.8649663925170898
52.42322190001141,-0.3306615352630615,0.8385131359100342,0.07305336743593216,0.158453568816185,0.4215536415576935,0.22461749613285065,0.8641365766525269
52.427456700010225,-0.33012714982032776,0.8382212519645691,0.07303839176893234,0.15950042009353638,0.4233340322971344,0.2229384034872055,0.8635081052780151
52.43187280000711,-0.32952579855918884,0.8379142880439758,0.07300353050231934,0.16010908782482147,0.42535316944122314,0.22207865118980408,0.86262446641922
52.435839300000225,-0.32897526025772095,0.837579071521759,0.07295748591423035,0.16108590364456177,0.4273795783519745,0.2209220677614212,0.8617375493049622
52.44058500000392,-0.3284735381603241,0.8372583389282227,0.0728878304362297,0.16193965077400208,0.42885804176330566,0.2203090935945511,0.8609996438026428
52.44430870001088,-0.3279475271701813,0.8369543552398682,0.0728253498673439,0.16289013624191284,0.429977685213089,0.22015652060508728,0.860300600528717
52.44832550000865,-0.32737839221954346,0.8366326093673706,0.07279003411531448,0.16349005699157715,0.4315159022808075,0.21865065395832062,0.8598006367683411
52.45266049999918,-0.3268328011035919,0.8363325595855713,0.07274686545133591,0.16403022408485413,0.43352609872817993,0.21783193945884705,0.8588937520980835
52.455951700001606,-0.3268328011035919,0.8363325595855713,0.07274686545133591,0.16403022408485413,0.43352609872817993,0.21783193945884705,0.8588937520980835
52.45976650000375,-0.3268328011035919,0.8363325595855713,0.07274686545133591,0.16403022408485413,0.43352609872817993,0.21783193945884705,0.8588937520980835
52.46490300000005,-0.32527634501457214,0.8353415727615356,0.07255607843399048,0.16710568964481354,0.4386321008205414,0.2146051526069641,0.856517493724823
52.46908229999826,-0.3247029483318329,0.8349940776824951,0.07248514890670776,0.1680857539176941,0.4405272603034973,0.2135816514492035,0.8556084632873535
52.47353360000125,-0.3241792321205139,0.834617555141449,0.07241422683000565,0.16833752393722534,0.44188153743743896,0.2138468325138092,0.8547939658164978
52.47792170000321,-0.3236890435218811,0.8342574238777161,0.07236970216035843,0.16900254786014557,0.4428517520427704,0.21404008567333221,0.8541120886802673
52.48189700000512,-0.3231599032878876,0.8338946104049683,0.07228301465511322,0.170427143573761,0.4446502923965454,0.21330885589122772,0.8530768156051636
52.486544100000174,-0.32259228825569153,0.8335278034210205,0.07223325222730637,0.17200234532356262,0.4471382200717926,0.21121397614479065,0.8519809246063232
52.49040790001163,-0.3221215605735779,0.8331484794616699,0.07214865833520889,0.17311199009418488,0.4484749436378479,0.21049059927463531,0.8512321710586548
52.49447980000696,-0.3215693533420563,0.8328185081481934,0.07209441810846329,0.17375709116458893,0.44972702860832214,0.21132729947566986,0.8502321839332581
52.49863610000466,-0.3210810422897339,0.8324623107910156,0.07205449044704437,0.17534714937210083,0.4506865441799164,0.2115471214056015,0.8493426442146301
52.50287370001024,-0.3205650746822357,0.8321272134780884,0.07199438661336899,0.17705504596233368,0.45279401540756226,0.20968379080295563,0.8483288884162903
52.50701100000879,-0.320063054561615,0.8317643404006958,0.07190059125423431,0.1780897080898285,0.4545053541660309,0.20870375633239746,0.8474383354187012
52.51146200000949,-0.31952792406082153,0.831368088722229,0.07177647948265076,0.1791115552186966,0.4560612142086029,0.20864278078079224,0.8464015126228333
52.51545830001123,-0.31952792406082153,0.831368088722229,0.07177647948265076,0.1791115552186966,0.4560612142086029,0.20864278078079224,0.8464015126228333
52.51977340001031,-0.3185711205005646,0.8307444453239441,0.07158727943897247,0.18032625317573547,0.45975232124328613,0.20590732991695404,0.8448150753974915
52.523410300011165,-0.3180433213710785,0.8304088711738586,0.0715545043349266,0.1825927197933197,0.46161946654319763,0.20365190505981445,0.843856155872345
52.5275982000021,-0.31755203008651733,0.8301141262054443,0.07146105915307999,0.1835283637046814,0.46238189935684204,0.2038455754518509,0.8431888222694397
52.531930000011926,-0.31711500883102417,0.8298162221908569,0.07135124504566193,0.18378636240959167,0.4637673795223236,0.2031041383743286,0.8425502777099609
52.53682639999897,-0.3166506886482239,0.8294820785522461,0.07126771658658981,0.1842762529850006,0.46522951126098633,0.2031700760126114,0.841620922088623
52.54053990000102,-0.31620869040489197,0.8291795253753662,0.07120900601148605,0.18521077930927277,0.46705758571624756,0.20326335728168488,0.8403797745704651
52.54422680000425,-0.31579646468162537,0.8288593292236328,0.07116328179836273,0.1858649104833603,0.4685872495174408,0.20196938514709473,0.8396956324577332
52.54890970000997,-0.31539490818977356,0.8285324573516846,0.07114646583795547,0.18606683611869812,0.4692332446575165,0.20181693136692047,0.8393267393112183
52.55253359999915,-0.3149701654911041,0.8282279968261719,0.07109767198562622,0.1867426484823227,0.47071000933647156,0.2012721747159958,0.8384801149368286
52.556845600003726,-0.31458014249801636,0.827880322933197,0.07104499638080597,0.18833084404468536,0.4724717140197754,0.1988469660282135,0.8377123475074768
52.56125320000865,-0.3142006993293762,0.8275731205940247,0.07101234793663025,0.18926504254341125,0.4735967814922333,0.19857922196388245,0.8369296193122864
52.56529060000321,-0.31380146741867065,0.8272721767425537,0.07101453840732574,0.1898879110813141,0.47419580817222595,0.1997460126876831,0.8361713290214539
52.56934729999921,-0.31341832876205444,0.8270052075386047,0.07103757560253143,0.1901390254497528,0.4755467474460602,0.19963446259498596,0.8353732824325562
52.573738100007176,-0.3130483031272888,0.8266924619674683,0.07104351371526718,0.19088973104953766,0.4765504002571106,0.1989322006702423,0.8347975015640259
52.57773309999902,-0.3126899302005768,0.8263652920722961,0.07101307064294815,0.19209814071655273,0.47737014293670654,0.19892321527004242,0.8340538144111633
52.58173260001058,-0.3122928738594055,0.8260430097579956,0.07098782062530518,0.19285428524017334,0.47846582531929016,0.19832643866539001,0.8333931565284729
52.58581299999787,-0.31196439266204834,0.825742781162262,0.07099791616201401,0.19336546957492828,0.47931456565856934,0.1981157809495926,0.8328369855880737
52.589940400008345,-0.31155720353126526,0.8254802823066711,0.07101351022720337,0.19477961957454681,0.48104408383369446,0.19570425152778625,0.8320801258087158
52.5942342000053,-0.3112245202064514,0.825208306312561,0.0710587352514267,0.19580021500587463,0.48210301995277405,0.19525964558124542,0.8313317894935608
52.599251799998456,-0.31089505553245544,0.8249505162239075,0.07111916691064835,0.1964707225561142,0.48302555084228516,0.19579370319843292,0.8305122256278992
52.60291980000329,-0.31056028604507446,0.824716329574585,0.07115683704614639,0.19693543016910553,0.4839358329772949,0.19550956785678864,0.8299388885498047
52.606758900001296,-0.31019043922424316,0.824467658996582,0.07118315249681473,0.1972508430480957,0.48502498865127563,0.1952509731054306,0.8292888402938843
52.61081880000711,-0.3098628520965576,0.8242195248603821,0.07119815796613693,0.19798585772514343,0.48627060651779175,0.1955910176038742,0.8283035159111023
52.6149010000081,-0.30955028533935547,0.8239860534667969,0.07123564183712006,0.19921553134918213,0.4875240623950958,0.19474683701992035,0.8274704217910767
52.619272000010824,-0.3092416524887085,0.8237653970718384,0.07128120213747025,0.2003091722726822,0.48878976702690125,0.19369150698184967,0.8267070055007935
52.62334859999828,-0.3089536130428314,0.8235660791397095,0.07131785154342651,0.20135274529457092,0.4894414246082306,0.1935899555683136,0.826091468334198
52.62762030000158,-0.30863356590270996,0.8233747482299805,0.07139720022678375,0.20156489312648773,0.49026060104370117,0.19367074966430664,0.8255348801612854
52.6317538000003,-0.308304101228714,0.823142945766449,0.07145652174949646,0.20188789069652557,0.4916727840900421,0.19351482391357422,0.8246520757675171
52.636136400004034,-0.30802279710769653,0.822916567325592,0.07150069624185562,0.20231355726718903,0.4922298789024353,0.19330792129039764,0.8242639303207397
52.640484400006244,-0.3077518939971924,0.8226727247238159,0.07152928411960602,0.2027217149734497,0.4930269420146942,0.19236642122268677,0.8239074349403381
52.64659630000824,-0.3074849247932434,0.8224329352378845,0.0716279074549675,0.20341993868350983,0.49424585700035095,0.19078329205513,0.8233729600906372
52.652749600005336,-0.3070034980773926,0.8220028281211853,0.07179947197437286,0.20447081327438354,0.49611756205558777,0.19036370515823364,0.8220831751823425
52.65689700000803,-0.30675190687179565,0.8217849731445312,0.0718502402305603,0.20531058311462402,0.49699822068214417,0.19049763679504395,0.8213105797767639
52.66263500000059,-0.306467741727829,0.8215833306312561,0.07195227593183517,0.20547135174274445,0.49708065390586853,0.19246362149715424,0.8207619786262512
52.66649820000748,-0.30620232224464417,0.8213613033294678,0.07204839587211609,0.20630423724651337,0.4977811574935913,0.1931314617395401,0.8199712634086609
52.67026130000886,-0.3059520125389099,0.8211824297904968,0.07214518636465073,0.2074737697839737,0.4989341199398041,0.19151915609836578,0.8193534016609192
52.67445880000014,-0.30572590231895447,0.8209467530250549,0.07224706560373306,0.2086157500743866,0.4998888373374939,0.1900457739830017,0.8188243508338928
52.67859999999928,-0.30549290776252747,0.8207570314407349,0.07231675088405609,0.20895366370677948,0.5005916357040405,0.18912860751152039,0.8185210227966309
52.682015900005354,-0.3052510917186737,0.8205587863922119,0.07237663865089417,0.20946820080280304,0.5017016530036926,0.188917875289917,0.817758321762085
52.68643850000808,-0.30502909421920776,0.8203760981559753,0.07245548814535141,0.20998573303222656,0.5024845600128174,0.18846522271633148,0.8172491192817688
52.69012600000133,-0.3048126697540283,0.8201907277107239,0.07255285978317261,0.2100811004638672,0.5031936764717102,0.18861815333366394,0.8167529106140137
52.69431820001046,-0.3045790195465088,0.8199982643127441,0.07263659685850143,0.21075329184532166,0.5038986802101135,0.1887107640504837,0.8161234259605408
52.69846840000537,-0.30432412028312683,0.8197880387306213,0.07278795540332794,0.21120166778564453,0.5046802163124084,0.18874037265777588,0.8155174851417542
52.702571600006195,-0.30411678552627563,0.819579541683197,0.07287626713514328,0.21199418604373932,0.5054118037223816,0.18909180164337158,0.8147770762443542
52.70693680000841,-0.30389901995658875,0.8193866610527039,0.07297323644161224,0.21276123821735382,0.5064850449562073,0.18876594305038452,0.8139858841896057
52.71081800000684,-0.30389901995658875,0.8193866610527039,0.07297323644161224,0.21276123821735382,0.5064850449562073,0.18876594305038452,0.8139858841896057
52.7156995000114,-0.3034878373146057,0.8189942240715027,0.07313453406095505,0.21380022168159485,0.5082599520683289,0.1881115734577179,0.8127578496932983
52.719369300000835,-0.3032965660095215,0.8187847137451172,0.07321564108133316,0.2148284763097763,0.5091363191604614,0.18726062774658203,0.8121344447135925
52.72353889999795,-0.303064227104187,0.818609356880188,0.0733444094657898,0.21553505957126617,0.5098434090614319,0.1870562732219696,0.8115505576133728
52.72766290001164,-0.3028618395328522,0.818419337272644,0.07343637943267822,0.21572326123714447,0.5104464292526245,0.18776822090148926,0.8109568357467651
52.73191060000681,-0.3026641011238098,0.8182575702667236,0.07354483008384705,0.21595042943954468,0.5116824507713318,0.18644051253795624,0.8104236721992493
52.73645460000262,-0.3024863302707672,0.8180782794952393,0.07364803552627563,0.2166433185338974,0.5124433636665344,0.1867363452911377,0.809689462184906
52.74031890000333,-0.30229806900024414,0.8178982138633728,0.07375386357307434,0.2170478254556656,0.5131003260612488,0.18704402446746826,0.8090938329696655
52.74440720000712,-0.30210110545158386,0.817709743976593,0.07383453845977783,0.21781443059444427,0.5140753984451294,0.1871144324541092,0.8082521557807922
52.7486770000105,-0.30190470814704895,0.8175079822540283,0.0739443302154541,0.21867842972278595,0.5150690078735352,0.18667344748973846,0.8074879050254822
52.75221900000179,-0.30190470814704895,0.8175079822540283,0.0739443302154541,0.21867842972278595,0.5150690078735352,0.18667344748973846,0.8074879050254822
52.75684539999929,-0.30158114433288574,0.8170830607414246,0.07410974055528641,0.21975934505462646,0.5162864923477173,0.18653234839439392,0.8064488768577576
52.761024500010535,-0.30143430829048157,0.8168867826461792,0.07417778670787811,0.22061817348003387,0.5172082185745239,0.18589335680007935,0.8057711124420166
52.76708150000195,-0.3012409508228302,0.8166903257369995,0.07427770644426346,0.22129984200000763,0.5184861421585083,0.18469902873039246,0.8050372004508972
52.77537660000962,-0.3009444773197174,0.816337525844574,0.0745488628745079,0.22188501060009003,0.5198018550872803,0.18441374599933624,0.8040924668312073
52.77984149999975,-0.3007923364639282,0.81614089012146,0.07472337037324905,0.222365602850914,0.5206338167190552,0.18405717611312866,0.8035029172897339
52.78364839999995,-0.30067193508148193,0.8159666657447815,0.07487780600786209,0.2229614406824112,0.5213130712509155,0.18388892710208893,0.8029357194900513
52.78759320000245,-0.30054423213005066,0.8157811760902405,0.07504167407751083,0.22381621599197388,0.5213057994842529,0.1850108504295349,0.8024447560310364
52.79106820000743,-0.3004154562950134,0.815577507019043,0.07519029080867767,0.2249152660369873,0.5220776200294495,0.18413618206977844,0.8018366098403931
52.79517170001054,-0.30030331015586853,0.8154073357582092,0.0753382071852684,0.22560860216617584,0.5226559638977051,0.1837109923362732,0.8013625144958496
52.79872940000496,-0.30016452074050903,0.8152264356613159,0.0755259245634079,0.22652912139892578,0.5240300893783569,0.1822018027305603,0.8005495667457581
52.802568700004485,-0.3000403344631195,0.8150201439857483,0.07570844143629074,0.22684839367866516,0.5253231525421143,0.1800691783428192,0.8000941276550293
52.80688540000119,-0.29994311928749084,0.8148065805435181,0.07587110996246338,0.22751979529857635,0.5260529518127441,0.17958681285381317,0.7995321154594421
52.811448500011466,-0.29987695813179016,0.8146281242370605,0.07603812962770462,0.22773610055446625,0.5263703465461731,0.18020710349082947,0.7991219758987427
52.81518099999812,-0.29976004362106323,0.8144636750221252,0.0762476995587349,0.22772139310836792,0.5269308090209961,0.18086782097816467,0.7986072897911072
52.819362700000056,-0.29969194531440735,0.8142733573913574,0.07646456360816956,0.2287358045578003,0.526993989944458,0.18071871995925903,0.7983094453811646
52.82340490000206,-0.29961326718330383,0.8140895366668701,0.07666335254907608,0.22926919162273407,0.5280328989028931,0.1798095852136612,0.7976750135421753
52.827739800006384,-0.2995176911354065,0.8139062523841858,0.07689332962036133,0.23013077676296234,0.5284409523010254,0.17998075485229492,0.7971178889274597
52.831723100011004,-0.29941999912261963,0.813774049282074,0.0771227777004242,0.23097091913223267,0.5292906761169434,0.1786814033985138,0.796603262424469
52.84017290000338,-0.29928460717201233,0.8134030699729919,0.07753333449363708,0.23183824121952057,0.5307311415672302,0.1776740998029709,0.7956176400184631
52.8441443000047,-0.29923537373542786,0.8132185339927673,0.07775743305683136,0.23219271004199982,0.5311903953552246,0.17765472829341888,0.7952120304107666
52.84848280000733,-0.29921960830688477,0.8129878640174866,0.07801324129104614,0.2328277826309204,0.5314540266990662,0.17878997325897217,0.79459547996521
52.852541300002486,-0.2991800010204315,0.8127646446228027,0.07827253639698029,0.23361869156360626,0.5318208336830139,0.17818325757980347,0.7942541241645813
52.856709100000444,-0.2991354465484619,0.8125594854354858,0.07851794362068176,0.23430342972278595,0.5319066047668457,0.17800603806972504,0.7940346598625183
52.86078540000017,-0.29909059405326843,0.8123654127120972,0.07877334207296371,0.23489204049110413,0.5321201682090759,0.17776630818843842,0.7937713861465454
52.86489199999778,-0.2990444004535675,0.8121755123138428,0.07900702208280563,0.2356763631105423,0.5323386192321777,0.1771899163722992,0.7935212254524231
52.86938020000525,-0.2989850342273712,0.812018632888794,0.0792730301618576,0.2361774891614914,0.5329651832580566,0.17614948749542236,0.7931832671165466
52.87344870000379,-0.298936665058136,0.8118149638175964,0.07954856753349304,0.23733486235141754,0.5336939692497253,0.17560872435569763,0.792467474937439
52.8775125000102,-0.2988925278186798,0.8115934133529663,0.07978270947933197,0.23812012374401093,0.5334757566452026,0.17670013010501862,0.7921360731124878
52.88164780000807,-0.2988637089729309,0.811362624168396,0.08004891127347946,0.23872648179531097,0.5336447358131409,0.17646384239196777,0.7918923497200012
52.88621750001039,-0.2988230288028717,0.8111267685890198,0.0802796259522438,0.23974096775054932,0.5339891314506531,0.17593152821063995,0.7914720177650452
52.89118320000125,-0.2987964451313019,0.8108749389648438,0.08051948249340057,0.2410816103219986,0.5337042212486267,0.17677521705627441,0.7910689115524292
52.894632499999716,-0.2987572252750397,0.8106589913368225,0.08075092732906342,0.2417357712984085,0.5340486168861389,0.17664171755313873,0.7906665802001953
52.89836260001175,-0.2986879348754883,0.810444712638855,0.08096271753311157,0.24206912517547607,0.5344651341438293,0.17573636770248413,0.7904848456382751
52.90291610000713,-0.2986307144165039,0.8102554678916931,0.0812024474143982,0.242214173078537,0.5347976684570312,0.17537349462509155,0.7902960777282715
52.90666960000817,-0.29856038093566895,0.8100594282150269,0.08143941313028336,0.24270421266555786,0.535980761051178,0.17268730700016022,0.7899357676506042
52.91088330000639,-0.29846423864364624,0.8098399043083191,0.08174105733633041,0.24339842796325684,0.5356854796409607,0.17340748012065887,0.7897645831108093
52.91526700000395,-0.2983834147453308,0.8096646070480347,0.08197811990976334,0.24354098737239838,0.5355308651924133,0.17402443289756775,0.789689838886261
52.91943980001088,-0.29833489656448364,0.8094480037689209,0.08216381072998047,0.2444072961807251,0.5355252623558044,0.17351016402244568,0.789539098739624
52.928403300000355,-0.29818257689476013,0.808984637260437,0.08254332095384598,0.24536536633968353,0.5359503626823425,0.17244575917720795,0.7891866564750671
52.93260260000534,-0.2981109023094177,0.8087684512138367,0.0827130526304245,0.24572087824344635,0.5360003709793091,0.1731553077697754,0.788886547088623
52.93715189999784,-0.2981109023094177,0.8087684512138367,0.0827130526304245,0.24572087824344635,0.5360003709793091,0.1731553077697754,0.788886547088623
52.94110010001168,-0.29801294207572937,0.8085737824440002,0.08290687203407288,0.2464286983013153,0.5363487601280212,0.17271892726421356,0.7885246276855469
52.946790100002545,-0.2978817820549011,0.8081149458885193,0.08329115062952042,0.24670417606830597,0.5379952192306519,0.17012673616409302,0.7878801822662354
52.95130230000359,-0.297791451215744,0.8079319000244141,0.08349578082561493,0.2473503202199936,0.5390517711639404,0.16774708032608032,0.7874654531478882
52.956522400010726,-0.2975991368293762,0.8075807690620422,0.08389877527952194,0.24858509004116058,0.5390511751174927,0.16813908517360687,0.7869933247566223
52.961011200008215,-0.2975059449672699,0.8073358535766602,0.08408620208501816,0.24931995570659637,0.5392342805862427,0.1682315617799759,0.7866156101226807
52.96514780000143,-0.29741978645324707,0.8071102499961853,0.0842486247420311,0.24995145201683044,0.5395632982254028,0.16872799396514893,0.7860831022262573
52.96909779999987,-0.29732435941696167,0.8069168925285339,0.08442337065935135,0.25053104758262634,0.5398776531219482,0.16858603060245514,0.7857131361961365
52.97379780000483,-0.29723653197288513,0.8066971898078918,0.0845894068479538,0.2508423328399658,0.5404465794563293,0.16807642579078674,0.7853317260742188
52.97789350000676,-0.2971401512622833,0.8064675331115723,0.08476854860782623,0.25119173526763916,0.5409153699874878,0.16853822767734528,0.7847981452941895
52.98181100000511,-0.29703232645988464,0.8062697052955627,0.08496907353401184,0.25171151757240295,0.5410837531089783,0.168949693441391,0.7844269871711731
52.98587010000483,-0.29691281914711,0.8060731887817383,0.08513715863227844,0.25239142775535583,0.5421605110168457,0.16672126948833466,0.7839416265487671
52.99000380000507,-0.2968046963214874,0.8058941960334778,0.08529926091432571,0.2529667615890503,0.5421438813209534,0.16683582961559296,0.7837433218955994
52.99439550000534,-0.29670843482017517,0.8056905269622803,0.08546939492225647,0.25391700863838196,0.5422438383102417,0.16634425520896912,0.7834713459014893
52.998857300000964,-0.29656529426574707,0.8054912090301514,0.08566591888666153,0.25493666529655457,0.5426801443099976,0.16589833796024323,0.782932460308075
53.00254680000944,-0.2964631915092468,0.8052892088890076,0.08581102639436722,0.25549373030662537,0.5426301956176758,0.16705679893493652,0.7825391292572021
53.00676190000377,-0.29635024070739746,0.805121660232544,0.0859387069940567,0.25580114126205444,0.5427435040473938,0.167133629322052,0.7823436856269836
53.01121560001047,-0.29623374342918396,0.8049777746200562,0.08610512316226959,0.2562617361545563,0.5426638126373291,0.16787122189998627,0.7820902466773987
53.01532040000893,-0.29611286520957947,0.8048281669616699,0.08622699975967407,0.25661933422088623,0.5426936745643616,0.16785281896591187,0.7819561958312988
53.01919990000897,-0.296010822057724,0.8046759366989136,0.08634097874164581,0.2567189931869507,0.5433614253997803,0.16743195056915283,0.7815499305725098
53.02334310000879,-0.29589566588401794,0.8045303225517273,0.08651044964790344,0.25695282220840454,0.5437834858894348,0.16674111783504486,0.7813271284103394
53.02687970000261,-0.29589566588401794,0.8045303225517273,0.08651044964790344,0.25695282220840454,0.5437834858894348,0.16674111783504486,0.7813271284103394
53.03160440000647,-0.29563868045806885,0.8042204976081848,0.08677107840776443,0.25692540407180786,0.5450435876846313,0.16564252972602844,0.7806916236877441
53.03593360001105,-0.29549214243888855,0.804095447063446,0.08692579716444016,0.25767117738723755,0.5454448461532593,0.16504982113838196,0.780290961265564
53.040125800005626,-0.2953808009624481,0.8039688467979431,0.08708864450454712,0.25767576694488525,0.5458057522773743,0.16467538475990295,0.7801162004470825
53.044198100003996,-0.2953808009624481,0.8039688467979431,0.08708864450454712,0.25767576694488525,0.5458057522773743,0.16467538475990295,0.7801162004470825
53.048617200009176,-0.29512813687324524,0.8037131428718567,0.0874338299036026,0.25821051001548767,0.5458154678344727,0.16580121219158173,0.7796940207481384
53.05257480000728,-0.29499906301498413,0.8035836219787598,0.08759493380784988,0.25823044776916504,0.5458374619483948,0.1659800112247467,0.7796340584754944
53.05694760000915,-0.29487085342407227,0.8034644722938538,0.0877365991473198,0.2588726580142975,0.5462124347686768,0.16540348529815674,0.7792807817459106
53.06089500000235,-0.29473504424095154,0.8033439517021179,0.08794894814491272,0.2590986490249634,0.5467714667320251,0.16478654742240906,0.7789443135261536
53.06503910000902,-0.29460862278938293,0.8032310009002686,0.08813530206680298,0.25961625576019287,0.5469759106636047,0.16500353813171387,0.7785823941230774
53.06973060000746,-0.29447007179260254,0.803124189376831,0.08830581605434418,0.25977665185928345,0.5469210147857666,0.16512764990329742,0.7785411477088928
53.07350579999911,-0.29433977603912354,0.8030129671096802,0.08850608766078949,0.26050692796707153,0.5464303493499756,0.1657148152589798,0.778516948223114
53.077628700004425,-0.294199675321579,0.8029021620750427,0.0886753499507904,0.2609706521034241,0.5460523366928101,0.16661536693572998,0.7784346342086792
53.08165700000245,-0.2940288484096527,0.8027536273002625,0.08886250853538513,0.26071566343307495,0.5461125373840332,0.16674703359603882,0.7784496545791626
53.08606140001211,-0.29386839270591736,0.8026156425476074,0.08905709534883499,0.26030364632606506,0.5462023019790649,0.16785983741283417,0.7782853841781616
53.09011650001048,-0.2937167286872864,0.8024886250495911,0.0892440527677536,0.2601812183856964,0.5462794303894043,0.16797199845314026,0.7782479524612427
53.09413610000047,-0.2935522794723511,0.8023306131362915,0.0894446149468422,0.2607894539833069,0.5467551946640015,0.16771776974201202,0.7777649760246277
53.09834480000427,-0.29342713952064514,0.8022016286849976,0.08960828185081482,0.2610720992088318,0.54683917760849,0.16810736060142517,0.7775269746780396
53.10252010000113,-0.293310284614563,0.8020848631858826,0.0897877886891365,0.2615511417388916,0.5468544363975525,0.16847270727157593,0.7772760987281799
53.10672860000341,-0.2931794822216034,0.8019697070121765,0.08999184519052505,0.2621048092842102,0.5465241074562073,0.16940997540950775,0.7771182060241699
53.110842900001444,-0.2930541932582855,0.8018547892570496,0.0901743620634079,0.26255032420158386,0.5463535785675049,0.1694895178079605,0.7770704030990601
53.115034600006766,-0.2929271459579468,0.8017491102218628,0.09035423398017883,0.2628941535949707,0.5462505221366882,0.17002041637897491,0.7769105434417725
53.119176500011235,-0.2928090989589691,0.8015968203544617,0.09052994847297668,0.26327332854270935,0.5459628105163574,0.1699901819229126,0.776991069316864
53.12328870000783,-0.29265815019607544,0.801491379737854,0.09069656580686569,0.2630317509174347,0.5456240177154541,0.17081348598003387,0.7771303057670593
53.12753480000538,-0.29249119758605957,0.801339864730835,0.09087401628494263,0.2630952000617981,0.5454979538917542,0.17095957696437836,0.7771652340888977
53.13206550000177,-0.29232195019721985,0.801214337348938,0.09104356169700623,0.2630889117717743,0.5460981726646423,0.16963383555412292,0.777036190032959
53.13591310000629,-0.29232195019721985,0.801214337348938,0.09104356169700623,0.2630889117717743,0.5460981726646423,0.16963383555412292,0.777036190032959
53.140311000010115,-0.2919497489929199,0.8009201884269714,0.0913386419415474,0.26323774456977844,0.5455636382102966,0.1716831624507904,0.7769112586975098
53.14432520000264,-0.2917250096797943,0.8008031249046326,0.09150221198797226,0.2635078728199005,0.5457075238227844,0.17217719554901123,0.7766093015670776
53.148412700000335,-0.2915668487548828,0.8006733059883118,0.09165799617767334,0.26388105750083923,0.5462973117828369,0.17122699320316315,0.7762778997421265
53.152484200007166,-0.2914133369922638,0.8005331158638,0.09180501103401184,0.2641521692276001,0.5463681221008301,0.17138263583183289,0.7761014103889465
53.1566690000036,-0.29125553369522095,0.8004003167152405,0.09196192026138306,0.2636042535305023,0.5461409687995911,0.1725073754787445,0.7761984467506409
53.161469300001045,-0.2911088764667511,0.800229549407959,0.09211203455924988,0.2632489800453186,0.545988917350769,0.1725771129131317,0.7764104604721069
53.16540410000016,-0.29092854261398315,0.8000718951225281,0.09231550991535187,0.26312607526779175,0.5461647510528564,0.17159707844257355,0.7765456438064575
53.16919450000569,-0.29076406359672546,0.7998977303504944,0.09246817976236343,0.26328474283218384,0.5463055968284607,0.17108270525932312,0.7765063047409058
53.17320780000591,-0.2905629873275757,0.7997027635574341,0.09265664964914322,0.2635742425918579,0.5460752248764038,0.17136535048484802,0.7765078544616699
53.178023000000394,-0.2903827428817749,0.7995219826698303,0.09282585233449936,0.2639917731285095,0.546031653881073,0.1717139035463333,0.7763195633888245
53.18366910000623,-0.29019320011138916,0.7993563413619995,0.09296102076768875,0.2642609477043152,0.5454990863800049,0.17281697690486908,0.7763576507568359
53.187804300003336,-0.29004478454589844,0.7991868257522583,0.09308051317930222,0.2645774781703949,0.5453895330429077,0.1730542927980423,0.7762739658355713
53.19180369999958,-0.2898513674736023,0.7990362644195557,0.09324343502521515,0.2644270658493042,0.5449454188346863,0.1746191382408142,0.776286780834198
53.19559650000883,-0.28968489170074463,0.7988373041152954,0.09337180852890015,0.2642773389816284,0.54433673620224,0.17634528875350952,0.7763745188713074
53.19920390000334,-0.28948265314102173,0.7986631989479065,0.09355611354112625,0.2643747329711914,0.545098602771759,0.17478236556053162,0.7761602401733398
53.20280410000123,-0.2892974019050598,0.7984684705734253,0.09370740503072739,0.2650296688079834,0.5457779169082642,0.173602893948555,0.7757241129875183
53.20678279999993,-0.28908100724220276,0.7982686161994934,0.09383445978164673,0.26574018597602844,0.5455718636512756,0.1739770770072937,0.7755420804023743
53.21102930000052,-0.288898229598999,0.7980231642723083,0.09395471960306168,0.2655060589313507,0.5451829433441162,0.1745445430278778,0.7757682204246521
53.21510140001192,-0.2886769473552704,0.7977782487869263,0.09407010674476624,0.2655920088291168,0.5452249050140381,0.17474286258220673,0.7756646275520325
53.21954550000373,-0.2884597182273865,0.7975558042526245,0.0941801592707634,0.2654273211956024,0.5451533794403076,0.1757855862379074,0.7755357027053833
53.2236688999983,-0.28824582695961,0.797369122505188,0.0942852795124054,0.2651063799858093,0.544925332069397,0.17592279613018036,0.7757745981216431
53.227524800007814,-0.28801602125167847,0.7971926331520081,0.09441473335027695,0.2647061347961426,0.5450811386108398,0.17639794945716858,0.7756938934326172
53.23166960000526,-0.2877909243106842,0.7970166206359863,0.09455464035272598,0.2647373676300049,0.5453243255615234,0.17639143764972687,0.7755137085914612
53.23576049999974,-0.28760629892349243,0.7967817187309265,0.0946262776851654,0.2651461958885193,0.545316755771637,0.17722062766551971,0.7751902341842651
53.240085700002965,-0.28737872838974,0.7965499758720398,0.09474959969520569,0.26537951827049255,0.545109212398529,0.17796246707439423,0.7750864624977112
53.24415160001081,-0.2871462106704712,0.7963175177574158,0.09483714401721954,0.2657892405986786,0.545151948928833,0.17797628045082092,0.7749128341674805
53.248144299999694,-0.2869146466255188,0.796076774597168,0.09492252767086029,0.26647862792015076,0.5450801253318787,0.17814287543296814,0.7746883034706116
53.25221830001101,-0.2866480350494385,0.7958353161811829,0.09501148015260696,0.26696035265922546,0.5452865958213806,0.1783842295408249,0.7743214964866638
53.25641739999992,-0.28637805581092834,0.7955451011657715,0.0951102152466774,0.2677271366119385,0.5452240109443665,0.17844903469085693,0.7740858197212219
53.26058370000101,-0.28606927394866943,0.7952867746353149,0.0951818898320198,0.2673072814941406,0.5453956723213196,0.17954421043395996,0.7738567590713501
53.26489560000482,-0.285785049200058,0.795016884803772,0.09528291970491409,0.26708027720451355,0.5457069277763367,0.17896386981010437,0.77385014295578
53.26906620000955,-0.28553640842437744,0.7947370409965515,0.09535915404558182,0.2665436565876007,0.5460113286972046,0.1788589060306549,0.7738447189331055
53.27333010001166,-0.2852793037891388,0.7944865226745605,0.09544479101896286,0.2668388783931732,0.5460003018379211,0.17917610704898834,0.7736773490905762
53.27761800000735,-0.2850143611431122,0.7942454218864441,0.09553227573633194,0.2671428322792053,0.5457829236984253,0.18041640520095825,0.7734375596046448
53.28160110001045,-0.2847363352775574,0.7939785718917847,0.09559358656406403,0.267472505569458,0.5460780262947083,0.1809292584657669,0.7729954123497009
53.28538549999939,-0.2847363352775574,0.7939785718917847,0.09559358656406403,0.267472505569458,0.5460780262947083,0.1809292584657669,0.7729954123497009
53.290000500011956,-0.2840854525566101,0.7934156656265259,0.09572757035493851,0.26816675066947937,0.546600878238678,0.1809632033109665,0.7723771333694458
53.2942206000007,-0.2837597131729126,0.7931344509124756,0.09580741822719574,0.26822972297668457,0.5477904081344604,0.17909203469753265,0.7719484567642212
53.298489699998754,-0.28344106674194336,0.7928579449653625,0.09589247405529022,0.26796209812164307,0.5478441119194031,0.1802150160074234,0.7717419862747192
53.302637500004494,-0.28314629197120667,0.7925922870635986,0.09595160186290741,0.26847848296165466,0.5476189255714417,0.18116243183612823,0.7715004682540894
53.30697610000789,-0.28282129764556885,0.7923169732093811,0.09601890295743942,0.2691848874092102,0.5473955869674683,0.18200142681598663,0.7712152600288391
53.31470860000991,-0.2821560502052307,0.791740357875824,0.09614229202270508,0.2693939208984375,0.5465158820152283,0.18371310830116272,0.7713603377342224
53.319215000010445,-0.2818251848220825,0.7914663553237915,0.09617811441421509,0.26964616775512695,0.5470830202102661,0.18246696889400482,0.7711660265922546
53.32346100000723,-0.2814992666244507,0.7911907434463501,0.09623467177152634,0.2696070373058319,0.5474523901939392,0.1817292422056198,0.7710916996002197
53.32769050000934,-0.28111207485198975,0.790906548500061,0.09632530063390732,0.2706572413444519,0.5478190779685974,0.18293608725070953,0.7701774835586548
53.3323883000121,-0.2807827889919281,0.7905736565589905,0.09637058526277542,0.27041095495224,0.54792720079422,0.1836976259946823,0.7700057029724121
53.33640369999921,-0.28042522072792053,0.7902151346206665,0.09635396301746368,0.2702401876449585,0.5467934012413025,0.1867470145225525,0.7701382040977478
53.340291600005,-0.2801032066345215,0.7899262309074402,0.09637876600027084,0.27028271555900574,0.5461136698722839,0.18759053945541382,0.7704004645347595
53.34431470000709,-0.2798140347003937,0.7896312475204468,0.09643792361021042,0.2699832618236542,0.5460760593414307,0.1881420910358429,0.7703976631164551
53.349178200005554,-0.2794649302959442,0.7893975377082825,0.09656548500061035,0.269486665725708,0.5465211272239685,0.18808916211128235,0.7702687978744507
53.352785000010044,-0.27909794449806213,0.7891299724578857,0.09663572162389755,0.26990702748298645,0.5472745299339294,0.18789303302764893,0.7696343660354614
53.35673980000138,-0.278704971075058,0.7887764573097229,0.09670700877904892,0.27089861035346985,0.546875,0.18874941766262054,0.7693603038787842
53.360932700001285,-0.2783389389514923,0.7884847521781921,0.09673120826482773,0.2714000940322876,0.546136200428009,0.19066555798053741,0.7692360281944275
53.36536760001036,-0.2780083417892456,0.7882068157196045,0.09675063192844391,0.2719171345233917,0.5459063649177551,0.1908704787492752,0.7691656351089478
53.369439600006444,-0.2776969075202942,0.7879231572151184,0.09677662700414658,0.2715778052806854,0.5460811257362366,0.19072751700878143,0.7691970467567444
53.373354800001835,-0.27730971574783325,0.7876026630401611,0.09682542830705643,0.27135732769966125,0.5471911430358887,0.1895296275615692,0.7687819004058838
53.377700600001845,-0.27692320942878723,0.7873019576072693,0.09687675535678864,0.2708545923233032,0.5469449162483215,0.19088755548000336,0.7687984704971313
53.382105700002285,-0.2765592336654663,0.7870615720748901,0.09692203998565674,0.27111297845840454,0.5464293360710144,0.1925317943096161,0.7686639428138733
53.38592900001095,-0.2765592336654663,0.7870615720748901,0.09692203998565674,0.27111297845840454,0.5464293360710144,0.1925317943096161,0.7686639428138733
53.390142100004596,-0.27581238746643066,0.7864660620689392,0.09698822349309921,0.27173858880996704,0.5469439625740051,0.19192391633987427,0.7682288885116577
53.39435410000442,-0.2754467725753784,0.7861342430114746,0.0969865545630455,0.27198338508605957,0.5471717715263367,0.19267116487026215,0.7677928805351257
53.39862800000992,-0.2751360833644867,0.7858052849769592,0.09698646515607834,0.27220213413238525,0.547325074672699,0.1931518316268921,0.7674853801727295
53.40291520000028,-0.27477967739105225,0.7854965925216675,0.09702149778604507,0.27244314551353455,0.5475216507911682,0.19285036623477936,0.7673353552818298
53.40674890000082,-0.2744392156600952,0.7851706743240356,0.09709597378969193,0.2717880606651306,0.5468745231628418,0.19341623783111572,0.7678865194320679
53.410923700008425,-0.2740544080734253,0.7848918437957764,0.09714078903198242,0.27132055163383484,0.5461239218711853,0.1937195509672165,0.7685093283653259
53.415088000008836,-0.27367955446243286,0.7845883965492249,0.09716072678565979,0.27202489972114563,0.5463699698448181,0.19423070549964905,0.7679561972618103
53.419198000003234,-0.27335044741630554,0.7842636108398438,0.0971740335226059,0.27258676290512085,0.5462232828140259,0.19574928283691406,0.7674756050109863
53.42367460000969,-0.27297237515449524,0.7839295864105225,0.09715384244918823,0.27293309569358826,0.5460397005081177,0.19724644720554352,0.7670997381210327
53.42763180000475,-0.2726465165615082,0.7836219668388367,0.09714189171791077,0.2730034291744232,0.5455092787742615,0.19801083207130432,0.7672551870346069
53.43183110000973,-0.2722894549369812,0.7833691835403442,0.09718810766935349,0.27240604162216187,0.5463163256645203,0.1963338702917099,0.7673242688179016
53.43580560000555,-0.27194318175315857,0.7830734252929688,0.09722673892974854,0.2729673683643341,0.5463723540306091,0.19618508219718933,0.7671228647232056
53.440339200009475,-0.27159443497657776,0.7827397584915161,0.09723702073097229,0.27281495928764343,0.545990526676178,0.19847185909748077,0.7668606638908386
53.44824399999925,-0.2709193527698517,0.7821627855300903,0.09717916697263718,0.2734006345272064,0.5458976030349731,0.20042726397514343,0.7662093639373779
53.45267270000477,-0.2705801725387573,0.7819011211395264,0.09718986600637436,0.2735517621040344,0.5460444092750549,0.20040097832679749,0.7660576701164246
53.45689130001119,-0.27024462819099426,0.7816153764724731,0.09716407209634781,0.27429190278053284,0.5461450219154358,0.20032799243927002,0.7657403349876404
53.46155920000456,-0.26990294456481934,0.7812987565994263,0.09714072942733765,0.2745482921600342,0.5466257333755493,0.2006004899740219,0.7652339935302734
53.465236200005165,-0.2696016728878021,0.7809969186782837,0.09714619070291519,0.27416983246803284,0.5468067526817322,0.20026004314422607,0.7653294801712036
53.469372899999144,-0.2692839801311493,0.7807505130767822,0.09718023985624313,0.2749970853328705,0.546658992767334,0.20122094452381134,0.7648860812187195
53.473508200011565,-0.2689915895462036,0.7804548740386963,0.09720871597528458,0.27536988258361816,0.546683669090271,0.20218953490257263,0.7644788026809692
53.47763940000732,-0.26869213581085205,0.7801570892333984,0.09718892723321915,0.2748062014579773,0.546696126461029,0.20279040932655334,0.7645135521888733
53.48231930000475,-0.2683892548084259,0.7798609733581543,0.097157321870327,0.27490127086639404,0.546807050704956,0.20258218050003052,0.7644551992416382
53.48661110000103,-0.2680447995662689,0.7795504927635193,0.09712930768728256,0.2750590145587921,0.5471780896186829,0.20266199111938477,0.7641118168830872
53.49018680000154,-0.26776713132858276,0.7792562246322632,0.09709341824054718,0.2751203179359436,0.5474528074264526,0.20261991024017334,0.7639040350914001
53.494407100006356,-0.26747366786003113,0.7789999842643738,0.0971122533082962,0.275231271982193,0.5479143857955933,0.20273162424564362,0.76350337266922
53.49843210000836,-0.26721787452697754,0.7787265777587891,0.09709018468856812,0.27566224336624146,0.5485641956329346,0.202056884765625,0.7630600929260254
53.50271810000413,-0.2669680416584015,0.7784408926963806,0.09706272929906845,0.2764178514480591,0.5487191677093506,0.20151296257972717,0.7628191113471985
53.507039700009045,-0.26665446162223816,0.7781684994697571,0.09703570604324341,0.27596983313560486,0.5478093028068542,0.20356415212154388,0.7630905508995056
53.51086100000248,-0.2663203477859497,0.7778289318084717,0.09697670489549637,0.27645251154899597,0.54777991771698,0.2047155350446701,0.7626287937164307
53.51693520000845,-0.2660284638404846,0.7775592803955078,0.09695293009281158,0.276859313249588,0.5474998354911804,0.20502327382564545,0.7625997066497803
53.52122940000845,-0.2657788097858429,0.7773164510726929,0.09692814946174622,0.2765827775001526,0.5476786494255066,0.20515213906764984,0.7625369429588318
53.52526550000766,-0.26549169421195984,0.7770542502403259,0.09689784795045853,0.2763902544975281,0.5478668808937073,0.20560258626937866,0.7623502016067505
53.52981210000871,-0.2652583420276642,0.7767834663391113,0.09686271101236343,0.2767240107059479,0.548065185546875,0.20558799803256989,0.7620904445648193
53.5338180000108,-0.265026330947876,0.776505172252655,0.09684381633996964,0.27747225761413574,0.548167884349823,0.20576335489749908,0.7616971731185913
53.538192500011064,-0.2647922933101654,0.7762002348899841,0.09684118628501892,0.2774907350540161,0.5490619540214539,0.2042495459318161,0.7614538073539734
53.54193859999941,-0.2645358741283417,0.7758986949920654,0.09685739874839783,0.2777554988861084,0.5492295026779175,0.20346352458000183,0.7614469528198242
53.555332700008876,-0.2638333737850189,0.7750596404075623,0.09690194576978683,0.2779887616634369,0.5492836833000183,0.20509453117847443,0.7608849406242371
53.56090789999871,-0.2634270191192627,0.774470329284668,0.09691021591424942,0.27829140424728394,0.549372673034668,0.2058621495962143,0.7605026960372925
53.56514920000336,-0.26321709156036377,0.774160623550415,0.0969233363866806,0.2783086597919464,0.5492886900901794,0.20626193284988403,0.7604487538337708
53.568875700002536,-0.26321709156036377,0.774160623550415,0.0969233363866806,0.2783086597919464,0.5492886900901794,0.20626193284988403,0.7604487538337708
53.5736229000031,-0.262838214635849,0.7735226154327393,0.09690376371145248,0.2788928747177124,0.5487440228462219,0.20724891126155853,0.760359525680542
53.57776250000461,-0.2626407742500305,0.7732325196266174,0.09691391885280609,0.27911999821662903,0.5486765503883362,0.20767295360565186,0.7602092027664185
53.58587239999906,-0.2622806429862976,0.7726245522499084,0.09694825112819672,0.27987179160118103,0.5488607287406921,0.20688815414905548,0.7600138187408447
53.59000910000759,-0.2620909810066223,0.7722947597503662,0.09695551544427872,0.2798088490962982,0.5491408705711365,0.20635885000228882,0.7599785327911377
53.594080200011376,-0.26193666458129883,0.7719599604606628,0.0969855859875679,0.279735267162323,0.5489551424980164,0.20622920989990234,0.7601749300956726
53.59848030000285,-0.26180797815322876,0.7716274261474609,0.09697338193655014,0.279611736536026,0.5491845607757568,0.2067437767982483,0.7599148154258728
53.6024502000073,-0.26165929436683655,0.7713300585746765,0.09703628718852997,0.28016096353530884,0.5493617653846741,0.20705655217170715,0.7594992518424988
53.60660440000356,-0.26150980591773987,0.7710250020027161,0.09705492854118347,0.2805575430393219,0.5494499802589417,0.2070380002260208,0.7592940926551819
53.61186820000876,-0.2613498270511627,0.7707072496414185,0.09707221388816833,0.281015008687973,0.5492792725563049,0.20777475833892822,0.7590470910072327
53.61729990001186,-0.2611939013004303,0.7703511714935303,0.09705694764852524,0.28146108984947205,0.5484758019447327,0.20986256003379822,0.7588884234428406
53.62127370000235,-0.261010080575943,0.7700263857841492,0.09705480188131332,0.28136178851127625,0.5484523773193359,0.21010537445545197,0.7588749527931213
53.62523200000578,-0.26087164878845215,0.7697285413742065,0.0970558449625969,0.28164172172546387,0.548414945602417,0.20977064967155457,0.7588908076286316
53.62926190000144,-0.2607402503490448,0.7694330811500549,0.09708698093891144,0.28142601251602173,0.5484270453453064,0.20962512493133545,0.7590022683143616
53.632642399999895,-0.26060259342193604,0.7691172361373901,0.0970979705452919,0.2815917134284973,0.5481996536254883,0.20978091657161713,0.7590620517730713
53.63672320000478,-0.2604577839374542,0.768760621547699,0.0971064567565918,0.2811715304851532,0.5485677123069763,0.2088804394006729,0.7592002749443054
53.64037890000327,-0.2603338658809662,0.7684250473976135,0.09711126983165741,0.2811124920845032,0.5486487150192261,0.20916935801506042,0.7590840458869934
53.64427850001084,-0.2602243423461914,0.7680866122245789,0.09713377803564072,0.28128674626350403,0.5485947728157043,0.20955893397331238,0.7589510083198547
53.647853700007545,-0.2602243423461914,0.7680866122245789,0.09713377803564072,0.28128674626350403,0.5485947728157043,0.20955893397331238,0.7589510083198547
53.65196519999881,-0.26012513041496277,0.7677417397499084,0.09714561700820923,0.2818934917449951,0.548119306564331,0.210538849234581,0.7587981820106506
53.65668660000665,-0.2599509656429291,0.7671228647232056,0.09711063653230667,0.28284838795661926,0.5473651885986328,0.21102450788021088,0.7588522434234619
53.661318200000096,-0.2598644196987152,0.7668206691741943,0.09709611535072327,0.28284838795661926,0.5471319556236267,0.21129943430423737,0.7589439749717712
53.66513670000131,-0.2597685754299164,0.766541600227356,0.09711293131113052,0.2827436923980713,0.5475726127624512,0.21027036011219025,0.7589510083198547
53.669304700000794,-0.2596800625324249,0.7662094235420227,0.09713054448366165,0.2827115058898926,0.5477243065834045,0.210209921002388,0.7588702440261841
53.673435500008054,-0.25954705476760864,0.7658737301826477,0.09713716059923172,0.282951682806015,0.5483062863349915,0.2093188315629959,0.7586067318916321
53.67766080000729,-0.2594713568687439,0.7655108571052551,0.09713093191385269,0.2828386723995209,0.5478376150131226,0.21015425026416779,0.7587565183639526
53.682569800002966,-0.25938680768013,0.765168309211731,0.09709181636571884,0.28272897005081177,0.5479031205177307,0.20937098562717438,0.7589665651321411
53.68634530001145,-0.2592793107032776,0.7648279070854187,0.09712296724319458,0.2832893133163452,0.5473556518554688,0.20980674028396606,0.7590323686599731
53.69030680001015,-0.25920161604881287,0.7645006775856018,0.09707555174827576,0.28314968943595886,0.5467894673347473,0.21096450090408325,0.7591716051101685
53.694600500006345,-0.25914904475212097,0.7641821503639221,0.09704307466745377,0.2835182845592499,0.5463635921478271,0.21136321127414703,0.7592297196388245
53.69829650000611,-0.2590799629688263,0.7638606429100037,0.09701098501682281,0.2836647927761078,0.5462897419929504,0.21156135201454163,0.7591729760169983
53.70272820000537,-0.25900670886039734,0.7635496854782104,0.09698648005723953,0.28424331545829773,0.5464358329772949,0.21144554018974304,0.7588836550712585
53.70669760000601,-0.25893810391426086,0.7632267475128174,0.09696508944034576,0.2844979763031006,0.5467309951782227,0.21092984080314636,0.7587191462516785
53.711314300002414,-0.25886937975883484,0.7628849148750305,0.09696124494075775,0.28468894958496094,0.546736478805542,0.2110069990158081,0.7586221098899841
53.71533890000137,-0.25882717967033386,0.762500524520874,0.09692604839801788,0.28454047441482544,0.5468593239784241,0.21063309907913208,0.7586931586265564
53.720579700006056,-0.2587818503379822,0.7621604204177856,0.09690076857805252,0.28455406427383423,0.5466081500053406,0.2111889123916626,0.758714497089386
53.72453960000712,-0.25874292850494385,0.7617959380149841,0.09686002880334854,0.28415271639823914,0.5453730821609497,0.2130226194858551,0.7592409253120422
53.72816340001009,-0.2587108910083771,0.7614878416061401,0.09684482961893082,0.28443291783332825,0.5446802973747253,0.21371643245220184,0.7594383358955383
53.73189930000808,-0.25868260860443115,0.761161208152771,0.096821628510952,0.284433513879776,0.5450326800346375,0.21315979957580566,0.7593417167663574
53.73597980001068,-0.25864818692207336,0.7608444094657898,0.09677737951278687,0.28458184003829956,0.5450608134269714,0.2131345570087433,0.7592730522155762
53.74029970000265,-0.2586063742637634,0.7605242729187012,0.09672287851572037,0.28493326902389526,0.5448341965675354,0.21338097751140594,0.7592346668243408
53.74446890001127,-0.25855591893196106,0.7601944804191589,0.09667347371578217,0.2853424549102783,0.5449240803718567,0.21322618424892426,0.7590599060058594
53.74873040000966,-0.25851601362228394,0.7598134875297546,0.09661927819252014,0.2855515480041504,0.544752299785614,0.21333737671375275,0.7590733766555786
53.7527434000076,-0.2584713101387024,0.7594334483146667,0.0965743213891983,0.2854123115539551,0.5444931387901306,0.21397997438907623,0.7591308355331421
53.757193199999165,-0.2584359049797058,0.7591131925582886,0.09653360396623611,0.28539592027664185,0.5438355803489685,0.21515688300132751,0.7592756748199463
53.761172800004715,-0.25841060280799866,0.7588202953338623,0.09651774168014526,0.2857525646686554,0.5436699986457825,0.2157253623008728,0.7590987682342529
53.76537230001122,-0.2583797872066498,0.7585095167160034,0.09647201001644135,0.28583550453186035,0.5435682535171509,0.2150692343711853,0.7593265771865845
53.769416800001636,-0.25832390785217285,0.7581895589828491,0.09645639359951019,0.2855643332004547,0.5433778762817383,0.21481963992118835,0.7596354484558105
53.773735900002066,-0.25825852155685425,0.7578951120376587,0.09642261266708374,0.2859167158603668,0.5430293083190918,0.21511800587177277,0.759667694568634
53.77783730000374,-0.25821632146835327,0.7575992941856384,0.09639247506856918,0.2859671115875244,0.5426174402236938,0.2154373824596405,0.7598525285720825
53.781715100005385,-0.25818759202957153,0.7572489380836487,0.0963340550661087,0.28659412264823914,0.5423399209976196,0.21636676788330078,0.7595503330230713
53.78582340000139,-0.2581690847873688,0.7569399476051331,0.09626947343349457,0.2867635488510132,0.5417365431785583,0.21780811250209808,0.7595049738883972
53.790033199999016,-0.25815871357917786,0.7566211223602295,0.09620501101016998,0.28629428148269653,0.5416490435600281,0.21773366630077362,0.7597656846046448
53.79499600001145,-0.2581478953361511,0.756344199180603,0.09612149000167847,0.285815954208374,0.5416882634162903,0.21742559969425201,0.7600060701370239
53.79927880001196,-0.25813212990760803,0.7560830116271973,0.09607335925102234,0.2856937348842621,0.5416283011436462,0.21772044897079468,0.7600103616714478
53.8026622000034,-0.2581246495246887,0.7558274865150452,0.09602572023868561,0.2859302759170532,0.541225016117096,0.2180851846933365,0.7601040601730347
53.80736270001216,-0.2581176459789276,0.7555667757987976,0.09595581144094467,0.28591760993003845,0.5413448214530945,0.21806016564369202,0.7600307464599609
53.81456670000625,-0.25810346007347107,0.7545982003211975,0.09557148814201355,0.28540802001953125,0.5422504544258118,0.21636925637722015,0.7600598335266113
53.818629500005045,-0.25813785195350647,0.7543351054191589,0.09550172835588455,0.2850349545478821,0.541533350944519,0.2178979516029358,0.7602744102478027
53.82294959999854,-0.25815892219543457,0.7541029453277588,0.09544580429792404,0.28478989005088806,0.5412135720252991,0.21858787536621094,0.7603959441184998
53.8275505000056,-0.2581576704978943,0.7538081407546997,0.09543422609567642,0.28472113609313965,0.5407871603965759,0.2194453626871109,0.7604780197143555
53.83161980001023,-0.25818485021591187,0.7535653710365295,0.09540289640426636,0.2846541404724121,0.5405891537666321,0.22023828327655792,0.7604146599769592
53.83816930001194,-0.25822505354881287,0.753314197063446,0.09534603357315063,0.2843864858150482,0.5408555269241333,0.2201182246208191,0.7603601813316345
53.84290990000591,-0.2582400143146515,0.7530632019042969,0.09528101235628128,0.28375062346458435,0.5401027798652649,0.22174693644046783,0.7606595754623413
53.84828310000012,-0.2582741975784302,0.7525792717933655,0.09521511942148209,0.282977432012558,0.5394944548606873,0.22356122732162476,0.7608481645584106
53.85254830001213,-0.25828224420547485,0.752348780632019,0.09518025070428848,0.28275489807128906,0.5391455888748169,0.22398483753204346,0.7610535621643066
53.85676670000248,-0.2582722008228302,0.752120316028595,0.09512656927108765,0.2825428247451782,0.5390259027481079,0.2242857962846756,0.7611284255981445
53.860847300005844,-0.25826090574264526,0.7519012093544006,0.09507343173027039,0.2824596166610718,0.5388641953468323,0.2246628999710083,0.7611626386642456
53.86493340000743,-0.2582413852214813,0.7516949772834778,0.09501943737268448,0.2823981046676636,0.5385676622390747,0.22514575719833374,0.7612526416778564
53.869467900003656,-0.2582216262817383,0.7514829635620117,0.09494184702634811,0.282143235206604,0.5384939312934875,0.22506439685821533,0.7614233493804932
53.87413850000303,-0.2581995725631714,0.7512830495834351,0.09488657861948013,0.28207898139953613,0.5382968187332153,0.22553923726081848,0.7614460587501526
53.87773800001014,-0.2581876814365387,0.7511007189750671,0.0948195829987526,0.2820395827293396,0.5375834703445435,0.22704964876174927,0.7615157961845398
53.881870099998196,-0.25820210576057434,0.7509105801582336,0.09475669264793396,0.28169456124305725,0.5374447703361511,0.2280624955892563,0.7614386081695557
53.8861911999993,-0.25821876525878906,0.7507334351539612,0.09473469108343124,0.28165242075920105,0.5370509028434753,0.22943644225597382,0.7613193392753601
53.89022190000105,-0.25826579332351685,0.7505682110786438,0.09468729794025421,0.2810823619365692,0.5367631912231445,0.23088610172271729,0.7612946629524231
53.89416809999966,-0.25832822918891907,0.7504419684410095,0.094648078083992,0.280522882938385,0.5362974405288696,0.23221813142299652,0.7614240646362305
53.898448899999494,-0.2584185004234314,0.7503024935722351,0.09463907033205032,0.2798270881175995,0.5358248353004456,0.23381586372852325,0.7615240216255188
53.903400399998645,-0.2585168182849884,0.7501805424690247,0.09460435807704926,0.27907460927963257,0.5353912711143494,0.23537631332874298,0.7616243362426758
53.90676870000607,-0.2586129903793335,0.7500694394111633,0.09457629919052124,0.27848076820373535,0.5347895622253418,0.23715613782405853,0.7617122530937195
53.91079069999978,-0.25871947407722473,0.7499527931213379,0.09452289342880249,0.27762579917907715,0.5337143540382385,0.2399018108844757,0.7619186639785767
53.91549540001142,-0.2588159739971161,0.7498335242271423,0.09444475173950195,0.2772155702114105,0.5330770611763,0.2416716367006302,0.7619549036026001
53.919208300008904,-0.25892460346221924,0.749747633934021,0.09438014030456543,0.27651602029800415,0.532245397567749,0.24366044998168945,0.7621570229530334
53.92331790000026,-0.25902408361434937,0.7496633529663086,0.09429878741502762,0.27569469809532166,0.5310664772987366,0.24634981155395508,0.7624123692512512
53.92739989999973,-0.2591029703617096,0.7495860457420349,0.09420908987522125,0.2747129201889038,0.53053879737854,0.24764691293239594,0.7627138495445251
53.93191330000991,-0.259175181388855,0.7495132684707642,0.09413576126098633,0.27393224835395813,0.5299748182296753,0.24908000230789185,0.7629200220108032
53.93595389999973,-0.25925710797309875,0.7494444251060486,0.09405586123466492,0.27324819564819336,0.5295118689537048,0.25020283460617065,0.7631193995475769
53.94012400000065,-0.2593664824962616,0.7493740916252136,0.09398771822452545,0.27201393246650696,0.529136598110199,0.2514576017856598,0.7634081840515137
53.944209100009175,-0.25945785641670227,0.7493227124214172,0.09389621764421463,0.2709245979785919,0.5287068486213684,0.252916544675827,0.7636113166809082
53.952608799998416,-0.2596164345741272,0.7492308020591736,0.0937231257557869,0.2683311700820923,0.5277808904647827,0.2556670308113098,0.7642513513565063
53.956670600004145,-0.2596886456012726,0.7491862177848816,0.09363188594579697,0.26717495918273926,0.5268195867538452,0.25781524181365967,0.7645978331565857
53.96095050001168,-0.2597712278366089,0.7491382956504822,0.09354102611541748,0.2659527659416199,0.526626706123352,0.25893619656562805,0.7647780776023865
53.96553900001163,-0.2598456144332886,0.7490935325622559,0.09347947686910629,0.264678418636322,0.5259361267089844,0.26077383756637573,0.7650710940361023
53.96932689999812,-0.2599254250526428,0.7490304708480835,0.09340394288301468,0.2638918161392212,0.5256452560424805,0.2621241509914398,0.7650811076164246
53.973441400012234,-0.2600036859512329,0.7489681839942932,0.09335949271917343,0.2625540494918823,0.5250030755996704,0.26417699456214905,0.7652761936187744
53.9776855000091,-0.26008912920951843,0.7489033341407776,0.09330613166093826,0.2617884576320648,0.5244190692901611,0.26594579219818115,0.7653262615203857
53.98173970000062,-0.2601989805698395,0.7488112449645996,0.09325666725635529,0.2606988847255707,0.5246335864067078,0.2672707140445709,0.7650896310806274
53.98582310001075,-0.26029545068740845,0.7487332820892334,0.0932048112154007,0.25995683670043945,0.523764967918396,0.26971614360809326,0.7650790214538574
53.990134500010754,-0.26038607954978943,0.7486454844474792,0.09317746013402939,0.25918668508529663,0.5234197378158569,0.2715415060520172,0.7649310231208801
53.99367280000297,-0.26038607954978943,0.7486454844474792,0.09317746013402939,0.25918668508529663,0.5234197378158569,0.2715415060520172,0.7649310231208801
53.99818260000029,-0.26057398319244385,0.7485028505325317,0.09312272071838379,0.2583189606666565,0.522617757320404,0.2742401361465454,0.7648100852966309
54.002424200007226,-0.2606624364852905,0.7484495043754578,0.09309075772762299,0.25769922137260437,0.5220655202865601,0.27589908242225647,0.7647996544837952
54.00694380000641,-0.2607668936252594,0.7484084963798523,0.09304827451705933,0.2569197118282318,0.521761417388916,0.2772384285926819,0.7647850513458252
54.0160162000102,-0.26100778579711914,0.7483602166175842,0.09298842400312424,0.2550811767578125,0.5205507874488831,0.2802596390247345,0.7651242613792419
54.021594300007564,-0.2611393630504608,0.7483483552932739,0.09294761717319489,0.2537749409675598,0.5202450156211853,0.2813592255115509,0.7653629183769226
54.0253315000009,-0.26125916838645935,0.7483325600624084,0.09292701631784439,0.2526942789554596,0.5194501876831055,0.28296327590942383,0.7656689286231995
54.030014000003575,-0.26141077280044556,0.7483164072036743,0.09290841966867447,0.25161871314048767,0.5186765789985657,0.28488239645957947,0.7658360600471497
54.03343510000559,-0.26154667139053345,0.7483143210411072,0.09287992119789124,0.25038671493530273,0.5180906057357788,0.28619375824928284,0.7661474347114563
54.037165900008404,-0.2616989314556122,0.7483283877372742,0.09283652156591415,0.2488124966621399,0.5171455144882202,0.28775396943092346,0.7667140960693359
54.04081120000046,-0.2618604600429535,0.7483339309692383,0.09275887161493301,0.247625932097435,0.5165112018585205,0.2887926697731018,0.7671352028846741
54.04460620001191,-0.2620227336883545,0.7483505010604858,0.0926482081413269,0.24620667099952698,0.5154681205749512,0.29105138778686523,0.7674400210380554
54.04968350000854,-0.2621608376502991,0.7483720779418945,0.09257630258798599,0.24465437233448029,0.514668345451355,0.292542964220047,0.7679059505462646
54.05381050000142,-0.2622963488101959,0.7483999133110046,0.09252610802650452,0.24317426979541779,0.5140753984451294,0.29394832253456116,0.7682364583015442
54.05794710000919,-0.26245322823524475,0.7483882308006287,0.09246629476547241,0.2423115223646164,0.5137231349945068,0.29478371143341064,0.7684244513511658
54.06151810000301,-0.2625957727432251,0.7484061121940613,0.09246543049812317,0.24128782749176025,0.5132660269737244,0.29652145504951477,0.7683835029602051
54.065231000000495,-0.2625957727432251,0.7484061121940613,0.09246543049812317,0.24128782749176025,0.5132660269737244,0.29652145504951477,0.7683835029602051
54.06939129999955,-0.26272737979888916,0.7484186887741089,0.0924600213766098,0.24018603563308716,0.5128950476646423,0.29786089062690735,0.768458366394043
54.07333640000434,-0.2629897892475128,0.7484911680221558,0.09252189099788666,0.23845243453979492,0.5132569670677185,0.2983764410018921,0.7685566544532776
54.07967730000382,-0.2631053030490875,0.7485256195068359,0.09253186732530594,0.23792488873004913,0.5126469135284424,0.2997441589832306,0.7685950994491577
54.08403389999876,-0.26321136951446533,0.7485881447792053,0.09255491942167282,0.23719635605812073,0.5120834112167358,0.30101126432418823,0.7687006592750549
54.08780470000056,-0.26331213116645813,0.7486484050750732,0.09258358925580978,0.23671334981918335,0.5116496682167053,0.30203747749328613,0.7687358260154724
54.09176520000619,-0.26341769099235535,0.748725175857544,0.09259993582963943,0.23629610240459442,0.5112455487251282,0.30294686555862427,0.768775224685669
54.0957211000059,-0.26351025700569153,0.7488027811050415,0.09262320399284363,0.2355213314294815,0.5105727910995483,0.30411168932914734,0.7690000534057617
54.09951440000441,-0.2636364698410034,0.7488892674446106,0.09264296293258667,0.23487858474254608,0.5099270343780518,0.3052332401275635,0.7691808342933655
54.10351929999888,-0.2637289762496948,0.7490007877349854,0.09263741225004196,0.23395684361457825,0.5093908309936523,0.306338369846344,0.7693777680397034
54.10715300000447,-0.2638351321220398,0.7491132616996765,0.09264767915010452,0.23350758850574493,0.5086683034896851,0.30724820494651794,0.7696293592453003
54.110994800008484,-0.2639547884464264,0.7492122054100037,0.09262048453092575,0.23316913843154907,0.5075942873954773,0.3089866042137146,0.7697451114654541
54.11521889999858,-0.2640897035598755,0.7493285536766052,0.09258785843849182,0.23233254253864288,0.5063199996948242,0.3111993968486786,0.7699459791183472
54.11936270000297,-0.2642003297805786,0.7494857907295227,0.09259365499019623,0.23070143163204193,0.5053616166114807,0.31298014521598816,0.770344078540802
54.12368260000949,-0.2643391788005829,0.7496336698532104,0.0925774946808815,0.22964248061180115,0.5044583678245544,0.3143959045410156,0.7706758975982666
54.12770890000684,-0.2645016014575958,0.7497718930244446,0.09255566447973251,0.22850970923900604,0.5035455226898193,0.31594306230545044,0.770976722240448
54.13225239999883,-0.26467204093933105,0.749951958656311,0.09254387766122818,0.22687245905399323,0.5029705762863159,0.31721222400665283,0.7713144421577454
54.13600870000664,-0.26484614610671997,0.7501845359802246,0.09255687147378922,0.2251918613910675,0.5015596151351929,0.319339394569397,0.7718477249145508
54.140222100002575,-0.2650175988674164,0.7503923177719116,0.09256453067064285,0.22409825026988983,0.5013524293899536,0.3194754719734192,0.7722442150115967
54.14465640000708,-0.2652299702167511,0.7505733966827393,0.09253490716218948,0.2229333221912384,0.50057053565979,0.32057204842567444,0.7726341485977173
54.148639300008654,-0.2654294967651367,0.7507836818695068,0.09253118187189102,0.22197182476520538,0.4998277425765991,0.3214115798473358,0.7730429768562317
54.15692150000541,-0.26581600308418274,0.7511696815490723,0.09251761436462402,0.22048954665660858,0.49837204813957214,0.32305607199668884,0.7737210988998413
54.16095330000098,-0.2660551965236664,0.7513880133628845,0.09249425679445267,0.21954111754894257,0.49626705050468445,0.32676106691360474,0.7737880349159241
54.165239900001325,-0.26624104380607605,0.7516046166419983,0.09246417135000229,0.21900424361228943,0.4952145516872406,0.32817795872688293,0.7740148305892944
54.16919090000738,-0.2663991153240204,0.7518175840377808,0.09247134625911713,0.21824613213539124,0.49420660734176636,0.32962459325790405,0.7742584347724915
54.17354850000993,-0.2665499448776245,0.7520695328712463,0.09246745705604553,0.21765322983264923,0.4934815764427185,0.33068615198135376,0.7744351625442505
54.17769720000797,-0.26671501994132996,0.7523038983345032,0.09248910844326019,0.21704831719398499,0.4925778806209564,0.33207130432128906,0.7745874524116516
54.18204510000942,-0.26687854528427124,0.7525492906570435,0.09251978993415833,0.2163955718278885,0.4913504421710968,0.3337596654891968,0.7748240232467651
54.186087400012184,-0.2670266926288605,0.752778947353363,0.0925501137971878,0.21645869314670563,0.49141332507133484,0.3332943320274353,0.7749667167663574
54.19004149999819,-0.2671826481819153,0.7530175447463989,0.09254829585552216,0.21617592871189117,0.4913681447505951,0.33304810523986816,0.7751801609992981
54.19469940000272,-0.26732268929481506,0.753296971321106,0.09256937354803085,0.21537430584430695,0.49109435081481934,0.333699107170105,0.7752968668937683
54.198424400005024,-0.26748213171958923,0.7535523176193237,0.0925922840833664,0.21444720029830933,0.4902976155281067,0.3350609540939331,0.7754707932472229
54.20256090001203,-0.2676250636577606,0.7537948489189148,0.09263423085212708,0.21412062644958496,0.4900789260864258,0.33560115098953247,0.7754655480384827
54.20716479999828,-0.2677899897098541,0.754050612449646,0.09266819059848785,0.21365277469158173,0.4896259903907776,0.3363180160522461,0.7755701541900635
54.210965700011,-0.26797226071357727,0.7543268203735352,0.09267734736204147,0.21310704946517944,0.489162802696228,0.3372340500354767,0.7756147384643555
54.215328800011775,-0.26815667748451233,0.7545997500419617,0.09268933534622192,0.21217197179794312,0.4885275065898895,0.3384387493133545,0.7757468223571777
54.219487000009394,-0.2683531641960144,0.7548645734786987,0.09268506616353989,0.21200044453144073,0.4869108200073242,0.340959370136261,0.7757064700126648
54.22393770000781,-0.2685798108577728,0.7551477551460266,0.09266653656959534,0.2115522027015686,0.48594602942466736,0.3422442376613617,0.7758680582046509
54.23172930000874,-0.26895251870155334,0.755680501461029,0.09262164682149887,0.21037903428077698,0.483989417552948,0.34432554244995117,0.7764887809753418
54.23588250001194,-0.26910778880119324,0.7559465169906616,0.09259769320487976,0.20980188250541687,0.4831268787384033,0.3453424870967865,0.776730477809906
54.23999120001099,-0.26929453015327454,0.7562718391418457,0.09261026978492737,0.2089817225933075,0.48336437344551086,0.3448379337787628,0.7770278453826904
54.24441020000086,-0.2695009410381317,0.756593644618988,0.09260694682598114,0.2083931565284729,0.48323699831962585,0.3449402451515198,0.7772197127342224
54.248351000002,-0.26974692940711975,0.7569378018379211,0.0925869569182396,0.2074846625328064,0.4830837845802307,0.34517985582351685,0.7774516344070435
54.25202690000879,-0.26974692940711975,0.7569378018379211,0.0925869569182396,0.2074846625328064,0.4830837845802307,0.34517985582351685,0.7774516344070435
54.25639150000643,-0.2700192928314209,0.7572767734527588,0.09251957386732101,0.20732204616069794,0.4827806055545807,0.34572088718414307,0.7774429321289062
54.26097500001197,-0.2704329788684845,0.7578976154327393,0.09252112358808517,0.20531491935253143,0.481710284948349,0.3468391001224518,0.7781411409378052
54.26456120000512,-0.2704329788684845,0.7578976154327393,0.09252112358808517,0.20531491935253143,0.481710284948349,0.3468391001224518,0.7781411409378052
54.26934930001153,-0.27085378766059875,0.7585247159004211,0.09255237132310867,0.20361128449440002,0.4795549511909485,0.35004615783691406,0.778484046459198
54.27351290000661,-0.2710209786891937,0.758931577205658,0.09261887520551682,0.20127809047698975,0.4786776602268219,0.3520868122577667,0.7787103056907654
54.277675300007104,-0.27122923731803894,0.7592132091522217,0.09258981794118881,0.2022087275981903,0.4787452220916748,0.3512957692146301,0.7787849307060242
54.281723200008855,-0.27141308784484863,0.7595703601837158,0.09265977144241333,0.20204083621501923,0.4785609543323517,0.3514513075351715,0.7788715958595276
54.28600390000793,-0.271589994430542,0.7599195241928101,0.0927242711186409,0.20048180222511292,0.47771453857421875,0.3530464172363281,0.7790725827217102
54.290021100008744,-0.2717971205711365,0.7602145671844482,0.09273643791675568,0.20031042397022247,0.4770638346672058,0.35386812686920166,0.7791426181793213
54.2941109000094,-0.2719656229019165,0.7605230212211609,0.09272391349077225,0.20010249316692352,0.47676366567611694,0.3546998202800751,0.7790015339851379
54.29845510001178,-0.2721391022205353,0.7608155012130737,0.09276679158210754,0.19929417967796326,0.4763641357421875,0.3550286293029785,0.7793033123016357
54.30260480000288,-0.27231043577194214,0.7611241340637207,0.09277825057506561,0.19883005321025848,0.47605082392692566,0.3553522229194641,0.779465913772583
54.306875200010836,-0.2724860608577728,0.7614231705665588,0.09277933835983276,0.1986488252878189,0.47584131360054016,0.35588952898979187,0.7793948650360107
54.31117590000213,-0.27266356348991394,0.761742115020752,0.0928100124001503,0.19849705696105957,0.47577086091041565,0.35521724820137024,0.7797831296920776
54.31543120001152,-0.2728424668312073,0.7620330452919006,0.09282582998275757,0.1979466825723648,0.4753069579601288,0.3553342819213867,0.7801526188850403
54.3189190000121,-0.2728424668312073,0.7620330452919006,0.09282582998275757,0.1979466825723648,0.4753069579601288,0.3553342819213867,0.7801526188850403
54.323205900000175,-0.2732436954975128,0.7626100182533264,0.09283362329006195,0.19658765196800232,0.4735441505908966,0.35599690675735474,0.781265377998352
54.330491300002905,-0.27345943450927734,0.7628948092460632,0.09287218749523163,0.19572225213050842,0.4727557301521301,0.3574313819408417,0.7813051342964172
54.33567720001156,-0.2738541066646576,0.763492226600647,0.0928744226694107,0.1953202337026596,0.4715979993343353,0.35853102803230286,0.7816014289855957
54.34014140001091,-0.27402040362358093,0.7637766599655151,0.09290612488985062,0.19464975595474243,0.4713912904262543,0.35838013887405396,0.7819625735282898
54.34444240000448,-0.2741891145706177,0.7640641927719116,0.0929175615310669,0.19338656961917877,0.4710991680622101,0.3588932752609253,0.7822166085243225
54.34849460000987,-0.2743558883666992,0.7643588185310364,0.09292300045490265,0.1925395131111145,0.4708324372768402,0.3586822748184204,0.7826827764511108
54.35249370000383,-0.27453407645225525,0.7646661400794983,0.09293775260448456,0.19129258394241333,0.4701687693595886,0.35896366834640503,0.7832583785057068
54.35664120000729,-0.2747153639793396,0.7649727463722229,0.09295295923948288,0.19036555290222168,0.4703356623649597,0.3581799268722534,0.7837426066398621
54.36155590000271,-0.27491211891174316,0.7652384638786316,0.0929761603474617,0.190140038728714,0.4701831340789795,0.35725244879722595,0.7843120098114014
54.36543830001028,-0.27508071064949036,0.7655364871025085,0.0929856225848198,0.19021455943584442,0.47026577591896057,0.35657215118408203,0.7845538854598999
54.36928500000795,-0.2752663791179657,0.76583331823349,0.09297206252813339,0.1897684633731842,0.46964678168296814,0.35732999444007874,0.7846879363059998
54.37334499999997,-0.27543705701828003,0.766115665435791,0.09299158304929733,0.18872538208961487,0.4693233072757721,0.3580090403556824,0.784823477268219
54.37756210000953,-0.2755967080593109,0.7663987278938293,0.09301608055830002,0.18829217553138733,0.4691908359527588,0.3575299084186554,0.7852250337600708
54.38218980000238,-0.27578073740005493,0.7666589021682739,0.09301114082336426,0.18729010224342346,0.4680919349193573,0.35873332619667053,0.7855716943740845
54.38607770000817,-0.27594679594039917,0.7669447064399719,0.093021921813488,0.18695373833179474,0.4681561291217804,0.3575548231601715,0.7861505746841431
54.39043990000209,-0.27609488368034363,0.7672000527381897,0.09305331856012344,0.18643422424793243,0.4678742289543152,0.3572588264942169,0.7865762114524841
54.39434720001009,-0.27623897790908813,0.7674385905265808,0.0930836871266365,0.1861622929573059,0.46754971146583557,0.3571088910102844,0.786901593208313
54.39849990000948,-0.27640822529792786,0.7676880955696106,0.09310399740934372,0.1856563687324524,0.4671877324581146,0.3568340837955475,0.787360668182373
54.40260880001006,-0.27656257152557373,0.7679939270019531,0.09312789142131805,0.185808002948761,0.46718931198120117,0.3554755747318268,0.7879382371902466
54.406676600003266,-0.2767117917537689,0.7682632803916931,0.09315934032201767,0.1859007328748703,0.4667355418205261,0.3554888963699341,0.7881792783737183
54.41143530000409,-0.2768726646900177,0.7685165405273438,0.0931718572974205,0.18559351563453674,0.4662190079689026,0.3554401695728302,0.7885792255401611
54.41524919999938,-0.27703726291656494,0.7687744498252869,0.09316936880350113,0.18470355868339539,0.4655264914035797,0.35573720932006836,0.7890631556510925
54.41924640000798,-0.2772049307823181,0.7690409421920776,0.0932118147611618,0.18430040776729584,0.46497780084609985,0.3565244674682617,0.7891256213188171
54.42409340001177,-0.2773786783218384,0.7692826986312866,0.09322350472211838,0.1840415745973587,0.46471917629241943,0.35622408986091614,0.7894740104675293
54.427550000007614,-0.2775513231754303,0.7695665955543518,0.09321468323469162,0.1837279051542282,0.46516337990760803,0.3551403880119324,0.7897735834121704
54.43176440001116,-0.2777235507965088,0.7698461413383484,0.09321372956037521,0.18314550817012787,0.46461352705955505,0.355119526386261,0.7902417778968811
54.435722100010025,-0.27792713046073914,0.7701551914215088,0.0931953489780426,0.18337364494800568,0.4643532633781433,0.35492146015167236,0.7904308438301086
54.44053510000231,-0.27813857793807983,0.7704525589942932,0.09319087117910385,0.18291445076465607,0.4641396403312683,0.355516254901886,0.7903954386711121
54.445012600001064,-0.2783656120300293,0.7707127332687378,0.09315243363380432,0.1820901781320572,0.46347546577453613,0.35626816749572754,0.7906368374824524
54.448509000008926,-0.2785797119140625,0.7710063457489014,0.09318065643310547,0.18193039298057556,0.46344971656799316,0.35542967915534973,0.7910659909248352
54.45258370001102,-0.2787734270095825,0.7712944149971008,0.09316603094339371,0.181657075881958,0.4628134071826935,0.3553358316421509,0.7915433645248413
54.45675760001177,-0.2789652645587921,0.7716012001037598,0.09318449348211288,0.18130244314670563,0.4622877836227417,0.3558462858200073,0.7917025089263916
54.46083560000989,-0.27918899059295654,0.771911084651947,0.09319339692592621,0.18015919625759125,0.4624941647052765,0.35446369647979736,0.7924628853797913
54.46554060000926,-0.2794093191623688,0.7722610831260681,0.093223437666893,0.17950883507728577,0.46200913190841675,0.35390573740005493,0.7931423783302307
54.46918200000073,-0.27965855598449707,0.7726026177406311,0.09323236346244812,0.17899048328399658,0.4612499177455902,0.35380783677101135,0.7937449216842651
54.47345050000877,-0.2798968255519867,0.7728966474533081,0.09323152899742126,0.17876480519771576,0.4610307514667511,0.35346585512161255,0.7940753698348999
54.47758530000283,-0.28010767698287964,0.7732207179069519,0.09322017431259155,0.17845498025417328,0.4606323838233948,0.35315877199172974,0.7945127487182617
54.48178149999876,-0.28034737706184387,0.7735445499420166,0.09324613958597183,0.17783646285533905,0.46042194962501526,0.35260361433029175,0.795019805431366
54.486154400001396,-0.2805725634098053,0.7738949656486511,0.0932345911860466,0.17809097468852997,0.45972272753715515,0.3523741662502289,0.7954691052436829
54.49014160000661,-0.28082871437072754,0.774235725402832,0.09318786859512329,0.17691411077976227,0.45855286717414856,0.3539924621582031,0.7956884503364563
54.49430430000939,-0.2811087369918823,0.7745859026908875,0.09315519034862518,0.1763419210910797,0.45800280570983887,0.35354137420654297,0.7963324785232544
54.49843079999846,-0.2813873887062073,0.7749223113059998,0.09317033737897873,0.1762928068637848,0.45733562111854553,0.353883296251297,0.7965749502182007
54.502550800010795,-0.2816539704799652,0.7752607464790344,0.09319902211427689,0.1753557324409485,0.45693060755729675,0.35351496934890747,0.7971774935722351
54.50670080000418,-0.28192612528800964,0.7755727767944336,0.09320683777332306,0.17478851974010468,0.456791490316391,0.35276684165000916,0.7977129817008972
54.51081900000281,-0.2822224795818329,0.7758982181549072,0.09321369975805283,0.17388863861560822,0.45693060755729675,0.3520309329032898,0.7981549501419067
54.5154831000109,-0.2825450897216797,0.7762280702590942,0.0932493731379509,0.17354536056518555,0.45658421516418457,0.35179874300956726,0.7985302209854126
54.520809400011785,-0.28285419940948486,0.776574969291687,0.09329702705144882,0.17309720814228058,0.45483189821243286,0.3538602590560913,0.7987165451049805
54.5242345000006,-0.28312385082244873,0.7769378423690796,0.09331919997930527,0.17299707233905792,0.4538939297199249,0.35363295674324036,0.7993723154067993
54.52803440000571,-0.2834121286869049,0.7772712111473083,0.09336074441671371,0.17262829840183258,0.45348408818244934,0.3527131974697113,0.8000906705856323
54.53234570000495,-0.283721923828125,0.777635931968689,0.09340950101613998,0.1718810349702835,0.4519304037094116,0.3533112406730652,0.800866425037384
54.53626580000855,-0.28403520584106445,0.7779486775398254,0.09343073517084122,0.17167247831821442,0.4514073431491852,0.35276833176612854,0.8014452457427979
54.54153120001138,-0.2843720614910126,0.7782366871833801,0.0934598445892334,0.17163217067718506,0.4510055184364319,0.3516886234283447,0.8021543025970459
54.54507670000021,-0.28469038009643555,0.7785712480545044,0.09352757781744003,0.17157527804374695,0.4512348771095276,0.3504769206047058,0.802567720413208
54.54898079999839,-0.28500697016716003,0.7788949608802795,0.09358635544776917,0.17075417935848236,0.45048096776008606,0.3514381945133209,0.8027459979057312
54.55246580000676,-0.28532153367996216,0.7792522311210632,0.0936180129647255,0.16988424956798553,0.4503507912158966,0.3512760400772095,0.8030745387077332
54.55668449999939,-0.285664826631546,0.7796249985694885,0.09363114088773727,0.16980209946632385,0.44947952032089233,0.3513934314250946,0.8035285472869873
54.56124930000806,-0.28602975606918335,0.7799834609031677,0.09369106590747833,0.16926251351833344,0.4484263062477112,0.3507845103740692,0.8044962882995605
54.565302200004226,-0.28635144233703613,0.780359148979187,0.09375858306884766,0.1690497100353241,0.44760429859161377,0.35079336166381836,0.8049948215484619
54.569427800000994,-0.28669264912605286,0.7807434797286987,0.09382707625627518,0.16897734999656677,0.44718360900878906,0.3506419360637665,0.8053097724914551
54.57339360000333,-0.2870745360851288,0.7811217904090881,0.09386186301708221,0.16864606738090515,0.44697949290275574,0.34923893213272095,0.8061017394065857
54.57785120001063,-0.2874557673931122,0.7814651727676392,0.09392984956502914,0.16801545023918152,0.4460490047931671,0.34930428862571716,0.8067202568054199
54.58348610000394,-0.2878439426422119,0.7818521857261658,0.09398514032363892,0.16755153238773346,0.4449588358402252,0.3488257825374603,0.8076253533363342
54.58689690000028,-0.2882532775402069,0.7822562456130981,0.09405317157506943,0.16661685705184937,0.4434548318386078,0.3494950234889984,0.8083562850952148
54.59070450000581,-0.28864508867263794,0.7826896905899048,0.09412415325641632,0.16641606390476227,0.44326552748680115,0.34879687428474426,0.8088028430938721
54.59465140000975,-0.2890257239341736,0.7830551862716675,0.09416217356920242,0.16568519175052643,0.442620187997818,0.3493138253688812,0.8090832233428955
54.602827300011995,-0.28985700011253357,0.7837259769439697,0.09425882995128632,0.16582641005516052,0.44140225648880005,0.34676021337509155,0.8108163475990295
54.60683250000875,-0.2902633547782898,0.7840794324874878,0.09434586763381958,0.16476526856422424,0.43982288241386414,0.34720849990844727,0.8116985559463501
54.61112729999877,-0.2906750440597534,0.7844938635826111,0.094462551176548,0.16451312601566315,0.43884149193763733,0.3467158079147339,0.8124910593032837
54.61534450000909,-0.29114291071891785,0.7848848104476929,0.0945061519742012,0.16370387375354767,0.4374255836009979,0.3472115695476532,0.8132059574127197
54.619354399997974,-0.2915768623352051,0.7852747440338135,0.09459240734577179,0.16330668330192566,0.4370325803756714,0.3472226560115814,0.8134924173355103
54.623491100006504,-0.29202428460121155,0.7856666445732117,0.09465502947568893,0.161986842751503,0.4364170730113983,0.3472045660018921,0.8140942454338074
54.6277676000027,-0.29250261187553406,0.786060631275177,0.09474615752696991,0.16126036643981934,0.4356127977371216,0.34629181027412415,0.8150573968887329
54.6319935000065,-0.2929905652999878,0.7864364981651306,0.09479662030935287,0.16191604733467102,0.4347410202026367,0.3452026844024658,0.8158544898033142
54.635854000007384,-0.29346558451652527,0.786829948425293,0.09490063041448593,0.16113223135471344,0.4333340525627136,0.3455389142036438,0.8166154026985168
54.63957260000461,-0.29346558451652527,0.786829948425293,0.09490063041448593,0.16113223135471344,0.4333340525627136,0.3455389142036438,0.8166154026985168
54.64407629999914,-0.2939585745334625,0.7872298955917358,0.09501270949840546,0.1604229211807251,0.432521253824234,0.3448915481567383,0.817459225654602
54.648409000001266,-0.29500287771224976,0.7881050109863281,0.09518242627382278,0.15888027846813202,0.43008795380592346,0.34549158811569214,0.8187899589538574
54.65274040000804,-0.2955118715763092,0.7885183095932007,0.0953175276517868,0.15817540884017944,0.4295206665992737,0.34428733587265015,0.8197309374809265
54.656984800007194,-0.2960611879825592,0.788875937461853,0.09541384875774384,0.1575094759464264,0.4285888671875,0.34361758828163147,0.8206273913383484
54.66207540000323,-0.2966165840625763,0.789245069026947,0.09549985080957413,0.15669049322605133,0.4269914925098419,0.34391188621520996,0.8214931488037109
54.66558030000306,-0.29712843894958496,0.7896270155906677,0.09562825411558151,0.15593348443508148,0.4256894588470459,0.3433687686920166,0.8225395083427429
54.66936990000249,-0.2976907789707184,0.790080726146698,0.0957927405834198,0.1553240418434143,0.4245302081108093,0.34279268980026245,0.8234935402870178
54.6734901000018,-0.29824772477149963,0.7904921174049377,0.095905601978302,0.1549345701932907,0.4240749180316925,0.34202060103416443,0.8241223692893982
54.677455400000326,-0.29888421297073364,0.7908523082733154,0.09600934386253357,0.15470996499061584,0.4225880205631256,0.34219473600387573,0.8248558044433594
54.681995200007805,-0.2994808554649353,0.7912003397941589,0.09609035402536392,0.15327464044094086,0.4205979108810425,0.3430488705635071,0.8257856369018555
54.686119400008465,-0.3000505566596985,0.7916243076324463,0.09628450870513916,0.15242959558963776,0.41903257369995117,0.3433113098144531,0.8266283273696899
54.69009210000513,-0.30068233609199524,0.7920079231262207,0.09642768651247025,0.15148282051086426,0.4174794554710388,0.3432653248310089,0.8276066780090332
54.69415750000917,-0.30132776498794556,0.7923768758773804,0.09655873477458954,0.15171337127685547,0.41665634512901306,0.34169602394104004,0.8286280035972595
54.698239900011686,-0.30194780230522156,0.7927189469337463,0.09662801772356033,0.1506270468235016,0.4147144556045532,0.34257352352142334,0.8294376730918884
54.7024844000116,-0.30260396003723145,0.7931389808654785,0.09680452942848206,0.1499781459569931,0.4135744571685791,0.3409136235713959,0.8308072090148926
54.706604600010905,-0.30325552821159363,0.7934844493865967,0.09694184362888336,0.14861389994621277,0.4115019738674164,0.341675728559494,0.8317678570747375
54.712420200012275,-0.303911954164505,0.7938840985298157,0.09710422903299332,0.14794215559959412,0.4106835424900055,0.34174519777297974,0.8322634696960449
54.71595030000026,-0.30459681153297424,0.7942134737968445,0.09720969945192337,0.14699511229991913,0.40813902020454407,0.34303247928619385,0.8331528902053833
54.719502799998736,-0.30530816316604614,0.7945491075515747,0.09735481441020966,0.146837517619133,0.4064187705516815,0.3419562578201294,0.8344630002975464
54.723454200007836,-0.3059856593608856,0.794897198677063,0.09751874953508377,0.14616811275482178,0.40513497591018677,0.34109821915626526,0.8355552554130554
54.72746850000112,-0.3066752851009369,0.7952569127082825,0.09762553870677948,0.14474152028560638,0.404239684343338,0.3401558995246887,0.8366206884384155
54.73206590001064,-0.30741268396377563,0.7955540418624878,0.09767960011959076,0.14441631734371185,0.4023471474647522,0.3394452631473541,0.8378769755363464
54.737186099999235,-0.30810996890068054,0.7959325313568115,0.09780656546354294,0.1430734097957611,0.40052422881126404,0.33966317772865295,0.8388916850090027
54.74185180000495,-0.30810996890068054,0.7959325313568115,0.09780656546354294,0.1430734097957611,0.40052422881126404,0.33966317772865295,0.8388916850090027
54.74969820000115,-0.31032419204711914,0.7969443798065186,0.09811381250619888,0.13906769454479218,0.3949311375617981,0.3403368294239044,0.8419384956359863
54.754775200010045,-0.3111012578010559,0.797329306602478,0.09827442467212677,0.13782314956188202,0.3938249349594116,0.3392212688922882,0.8431107997894287
54.76445139999851,-0.3125702738761902,0.7979307770729065,0.09847871959209442,0.13654474914073944,0.3895654082298279,0.33875927329063416,0.8454800844192505
54.770020900003146,-0.31415826082229614,0.7985341548919678,0.09876246005296707,0.13396482169628143,0.3864632248878479,0.3382668197154999,0.8475112318992615
54.773859500011895,-0.3149413764476776,0.7988561391830444,0.09886564314365387,0.1327657848596573,0.3837296664714813,0.3393426835536957,0.8485112190246582
54.7787868000014,-0.3157070279121399,0.7991125583648682,0.09897340089082718,0.13250403106212616,0.38140127062797546,0.33934885263442993,0.8495988845825195
54.782567500005825,-0.31648316979408264,0.7993871569633484,0.09909919649362564,0.13138435781002045,0.3799308240413666,0.3395448923110962,0.8503530025482178
54.78636930001085,-0.3172726035118103,0.7997115850448608,0.09925683587789536,0.13072113692760468,0.3782986104488373,0.3387065529823303,0.8515162467956543
54.79013180000766,-0.3181137144565582,0.7999592423439026,0.09931289404630661,0.13024184107780457,0.37560197710990906,0.339223176240921,0.8525773286819458
54.7946171000076,-0.3189046084880829,0.8002130389213562,0.09945499897003174,0.130099818110466,0.3747645318508148,0.3377508223056793,0.85355144739151
54.80001820001053,-0.3196973502635956,0.8004713654518127,0.09960206598043442,0.12914803624153137,0.37214261293411255,0.338739812374115,0.8544507622718811
54.80434650000825,-0.32053136825561523,0.800728976726532,0.0997292622923851,0.12865068018436432,0.37060004472732544,0.33806857466697693,0.8554614782333374
54.809164000005694,-0.32140517234802246,0.8009768128395081,0.09980154782533646,0.12797048687934875,0.36864104866981506,0.3386627733707428,0.8561745882034302
54.813329700002214,-0.3221975564956665,0.8012767434120178,0.09991758316755295,0.12686432898044586,0.36717432737350464,0.33839163184165955,0.8570761680603027
54.81766720001178,-0.3230299949645996,0.8015490174293518,0.09999622404575348,0.12547990679740906,0.3648902177810669,0.33869776129722595,0.858133852481842
54.82336710000527,-0.32473453879356384,0.8021977543830872,0.10020101815462112,0.12423980981111526,0.3614424765110016,0.33872443437576294,0.8597614169120789
54.827842300001066,-0.3256025016307831,0.8025050163269043,0.10024227946996689,0.12340059131383896,0.35935017466545105,0.33757492899894714,0.8612102270126343
54.83209409999836,-0.3264450132846832,0.8027899861335754,0.10032736510038376,0.12186254560947418,0.3569546937942505,0.3383807837963104,0.8621087074279785
54.83604410001135,-0.3273015022277832,0.803097665309906,0.10034505277872086,0.1202320009469986,0.35534918308258057,0.3381662666797638,0.8630844950675964
54.84022399999958,-0.3281986713409424,0.8034092783927917,0.10030903667211533,0.11985090374946594,0.35298672318458557,0.33820629119873047,0.8640907406806946
54.84416220001003,-0.32903769612312317,0.8037175536155701,0.10036862641572952,0.11827381700277328,0.3512176275253296,0.3380753695964813,0.8650795817375183
54.84843220000039,-0.3298691213130951,0.8040252327919006,0.10037831217050552,0.11634073406457901,0.34883689880371094,0.33883142471313477,0.8660086393356323
54.852608000001055,-0.3307682275772095,0.8043493032455444,0.10036163032054901,0.11579171568155289,0.34637653827667236,0.3391970694065094,0.8669261336326599
54.8567836000002,-0.3316008150577545,0.8046658039093018,0.1004229411482811,0.11573296785354614,0.34577304124832153,0.3379169702529907,0.8676744699478149
54.86103390000062,-0.3324635922908783,0.8049540519714355,0.10042022913694382,0.11372232437133789,0.34191930294036865,0.3398725092411041,0.8687031865119934
54.86502610000025,-0.333310604095459,0.8052012324333191,0.10044778883457184,0.11314369738101959,0.34057340025901794,0.3392793834209442,0.8695387840270996
54.869965900012176,-0.3341922163963318,0.8054755330085754,0.10045013576745987,0.11214043945074081,0.3390381336212158,0.3400660753250122,0.8699613213539124
54.873680800010334,-0.3350168466567993,0.8057299256324768,0.10045531392097473,0.11167570948600769,0.33623167872428894,0.3408058285713196,0.8708204030990601
54.87756760000775,-0.33582228422164917,0.806001603603363,0.10053589940071106,0.11139270663261414,0.3344520032405853,0.34117114543914795,0.8713987469673157
54.885351400007494,-0.33755365014076233,0.8064883351325989,0.10051655024290085,0.11060891300439835,0.33072158694267273,0.341280460357666,0.87287837266922
54.889802500008955,-0.3383106291294098,0.806768536567688,0.1005905494093895,0.11017687618732452,0.32908785343170166,0.34082484245300293,0.8737280368804932
54.89447939999809,-0.3391716480255127,0.8070199489593506,0.10057246685028076,0.11003516614437103,0.32735005021095276,0.34083935618400574,0.8743928670883179
54.898337100006756,-0.33997127413749695,0.8072475790977478,0.10057463496923447,0.10997287929058075,0.32550114393234253,0.34142741560935974,0.8748613595962524
54.90245400001004,-0.3407555818557739,0.8075628280639648,0.1005941703915596,0.1088486835360527,0.3231142461299896,0.3419559597969055,0.8756799697875977
54.90652070000942,-0.3415625989437103,0.8077936172485352,0.10053449869155884,0.10856940597295761,0.3219392001628876,0.3420228362083435,0.8761211037635803
54.91074479999952,-0.34234628081321716,0.8080291152000427,0.10047560930252075,0.10798329859972,0.31997740268707275,0.34152182936668396,0.8771072030067444
54.91642690000299,-0.34310445189476013,0.8082960247993469,0.10042697191238403,0.10687115788459778,0.3184812366962433,0.3414890766143799,0.8778003454208374
54.919857000000775,-0.34394165873527527,0.8086109757423401,0.10036911070346832,0.10696778446435928,0.3169000744819641,0.3417092263698578,0.8782750368118286
54.92386460000125,-0.34466099739074707,0.8088988661766052,0.10036201030015945,0.10629893094301224,0.3160248100757599,0.3395995795726776,0.8794890642166138
54.92776720000256,-0.345426082611084,0.8091954588890076,0.10026512295007706,0.10531263053417206,0.3142966628074646,0.33896949887275696,0.8804695010185242
54.93187110000872,-0.34622618556022644,0.8094863295555115,0.10013774782419205,0.1044435203075409,0.3126468360424042,0.3400285243988037,0.8807519674301147
54.93586610000057,-0.34695324301719666,0.8097988367080688,0.10009688884019852,0.10360096395015717,0.31111520528793335,0.34025269746780396,0.8813071846961975
54.94004220000352,-0.3477640151977539,0.810089111328125,0.10004546493291855,0.10188627243041992,0.3090427815914154,0.3393963575363159,0.8825656175613403
54.944954800012056,-0.3485300540924072,0.8103362321853638,0.09994077682495117,0.10147234797477722,0.3076959252357483,0.3407187759876251,0.8825743198394775
54.94840470000054,-0.34930282831192017,0.8106018900871277,0.09982836246490479,0.10084623098373413,0.306596964597702,0.3390747308731079,0.8836609721183777
54.952967300007,-0.35009023547172546,0.8108803033828735,0.09974805265665054,0.10094898194074631,0.305084764957428,0.3377525210380554,0.8846783638000488
54.960894700008794,-0.35163426399230957,0.811417281627655,0.09957406669855118,0.0984107106924057,0.3026510179042816,0.3374163508415222,0.885927677154541
54.96503790000861,-0.352404922246933,0.8116673827171326,0.09947699308395386,0.09752029925584793,0.3003368079662323,0.33835139870643616,0.8864569664001465
54.96911250000994,-0.35318076610565186,0.8119410276412964,0.09939040243625641,0.09669383615255356,0.29849758744239807,0.3395799696445465,0.8866990208625793
54.97327909999876,-0.3539523780345917,0.812209963798523,0.09927941113710403,0.09598125517368317,0.29711660742759705,0.3394016921520233,0.8873082995414734
54.977028200009954,-0.3539523780345917,0.812209963798523,0.09927941113710403,0.09598125517368317,0.29711660742759705,0.3394016921520233,0.8873082995414734
54.98190030000114,-0.3554743826389313,0.8126702904701233,0.09909162670373917,0.0948069617152214,0.29376840591430664,0.33878445625305176,0.8887839317321777
54.98617460000969,-0.3562905192375183,0.8129221796989441,0.09897064417600632,0.09464788436889648,0.29276737570762634,0.3380092680454254,0.8894261121749878
54.990341400000034,-0.35699400305747986,0.8132292628288269,0.09890282154083252,0.093086838722229,0.29098647832870483,0.3386738896369934,0.8899223208427429
54.99468690001231,-0.3577290177345276,0.8135033249855042,0.0988544449210167,0.09243475645780563,0.28970232605934143,0.3370315432548523,0.8910320401191711
54.99845579999965,-0.3585146963596344,0.8137713074684143,0.09873007982969284,0.09194187074899673,0.2883583903312683,0.337607204914093,0.8913010358810425
55.002559800006566,-0.35924115777015686,0.8140761852264404,0.098639115691185,0.09181538224220276,0.2872409522533417,0.33802148699760437,0.8915178775787354
55.00723660000949,-0.3599588871002197,0.814361035823822,0.09856335818767548,0.09053785353899002,0.28502580523490906,0.3380241394042969,0.8923580050468445
55.010946000009426,-0.3607245087623596,0.8146188259124756,0.09846431016921997,0.08990029990673065,0.2839835286140442,0.33746612071990967,0.8929658532142639
55.01528770000732,-0.36148378252983093,0.8149272799491882,0.09833411872386932,0.0885269045829773,0.2827751934528351,0.33738595247268677,0.8935166597366333
55.02128490000905,-0.36218729615211487,0.8152013421058655,0.09821992367506027,0.0890137329697609,0.2812483012676239,0.33657997846603394,0.8942539095878601
55.02530510000361,-0.36295807361602783,0.8154977560043335,0.09810612350702286,0.088011234998703,0.2800825238227844,0.33618366718292236,0.8948678970336914
55.029457399999956,-0.36364585161209106,0.8157949447631836,0.09798891097307205,0.08711473643779755,0.27891048789024353,0.3361250162124634,0.895343542098999
55.03373770001053,-0.3643468916416168,0.8160901665687561,0.09787590056657791,0.08595430105924606,0.2774253189563751,0.3359355926513672,0.8959879875183105
55.037999200008926,-0.3650941252708435,0.8164026141166687,0.09777402877807617,0.08469227701425552,0.2753274142742157,0.33665838837623596,0.8964837789535522
55.043863800005056,-0.366511732339859,0.8169338703155518,0.09746420383453369,0.08338233828544617,0.2730536162853241,0.336227148771286,0.8974633812904358
55.04859210000723,-0.3672199845314026,0.8172128200531006,0.09734490513801575,0.08312749117612839,0.27165284752845764,0.335281103849411,0.8982656002044678
55.05276690000028,-0.36799073219299316,0.8175081014633179,0.09721275418996811,0.08234035223722458,0.2703363597393036,0.33632734417915344,0.8983441591262817
55.05739020000328,-0.36867833137512207,0.8177852034568787,0.09711170941591263,0.08100926876068115,0.2695574462413788,0.335732102394104,0.8989217877388
55.06105000000389,-0.36867833137512207,0.8177852034568787,0.09711170941591263,0.08100926876068115,0.2695574462413788,0.335732102394104,0.8989217877388
55.064991600011126,-0.3701629638671875,0.8182585835456848,0.09681299328804016,0.07992548495531082,0.2660112977027893,0.3357262909412384,0.9000766277313232
55.07455440000922,-0.3716405928134918,0.8187301754951477,0.09653092175722122,0.07769755274057388,0.26241618394851685,0.3363932967185974,0.9010774493217468
55.078096400000504,-0.3723428547382355,0.8189821839332581,0.09641870111227036,0.07726195454597473,0.2616574168205261,0.3367382287979126,0.9012066125869751
55.08206080000673,-0.37300682067871094,0.819246232509613,0.09629728645086288,0.07700108736753464,0.26082006096839905,0.335517555475235,0.9019266366958618
55.08650650001073,-0.37376999855041504,0.8194963932037354,0.09611675143241882,0.07638084888458252,0.2589651942253113,0.33523938059806824,0.9026171565055847
55.0943602000043,-0.3751494586467743,0.8199699521064758,0.09588681161403656,0.07500286400318146,0.25656676292419434,0.3359490633010864,0.9031535387039185
55.09855540000717,-0.3758190870285034,0.8202261328697205,0.09573797136545181,0.07329993695020676,0.25458648800849915,0.3364788293838501,0.9036564230918884
55.10219460001099,-0.3758190870285034,0.8202261328697205,0.09573797136545181,0.07329993695020676,0.25458648800849915,0.3364788293838501,0.9036564230918884
55.10662250001042,-0.3771970272064209,0.8206813931465149,0.09544163197278976,0.07242046296596527,0.2526022493839264,0.33605900406837463,0.9044399857521057
55.11024220001127,-0.3771970272064209,0.8206813931465149,0.09544163197278976,0.07242046296596527,0.2526022493839264,0.33605900406837463,0.9044399857521057
55.11542940000072,-0.3785161077976227,0.821168065071106,0.09515262395143509,0.07086202502250671,0.24975480139255524,0.33549270033836365,0.9055638313293457
55.11936890000652,-0.37920379638671875,0.8214205503463745,0.09502296894788742,0.07139494270086288,0.248728409409523,0.3336709141731262,0.906477153301239
55.12353920000896,-0.37986046075820923,0.8217056393623352,0.09492229670286179,0.07014179229736328,0.24791279435157776,0.3350294530391693,0.9062972068786621
55.12753140000859,-0.380548357963562,0.8219550251960754,0.09478606283664703,0.06822636723518372,0.24589720368385315,0.33548495173454285,0.9068239331245422
55.1319891000021,-0.38118776679039,0.8221602439880371,0.09460821002721786,0.06811968982219696,0.24495308101177216,0.33493584394454956,0.9072902798652649
55.136009699999704,-0.38181737065315247,0.8223772644996643,0.09447701275348663,0.0672638937830925,0.24402183294296265,0.33520984649658203,0.9075038433074951
55.140140600007726,-0.3824780285358429,0.8226063251495361,0.09432592242956161,0.0666888877749443,0.24271556735038757,0.3346594572067261,0.9080995917320251
55.144260400003986,-0.38311824202537537,0.8228113055229187,0.09415235370397568,0.06690806895494461,0.24158170819282532,0.3341802954673767,0.9085621237754822
55.14846650000254,-0.38372907042503357,0.8230253458023071,0.093967005610466,0.06599389016628265,0.24075594544410706,0.3345988094806671,0.9086941480636597
55.153123800002504,-0.38436591625213623,0.8232965469360352,0.09386511892080307,0.064377561211586,0.23989421129226685,0.33481648564338684,0.908957839012146
55.15670370000589,-0.38503846526145935,0.8235330581665039,0.09369705617427826,0.06314738839864731,0.23827902972698212,0.3345685303211212,0.9095600247383118
55.16162759999861,-0.38566672801971436,0.8237501382827759,0.09351398795843124,0.06310511380434036,0.2368394136428833,0.3346613049507141,0.9099047780036926
55.16516660001071,-0.3862457573413849,0.8239598274230957,0.09336197376251221,0.06237361952662468,0.23548129200935364,0.3362981677055359,0.9097042083740234
55.16919700001017,-0.3869267404079437,0.8241694569587708,0.09318311512470245,0.061055947095155716,0.23406483232975006,0.3373858630657196,0.9097563624382019
55.17343870000332,-0.38756614923477173,0.8243857622146606,0.09301424771547318,0.05990467220544815,0.2328939437866211,0.33658498525619507,0.910429835319519
55.17761720000999,-0.3881434202194214,0.824581503868103,0.0928221195936203,0.05901722237467766,0.23179735243320465,0.3372119069099426,0.9105356931686401
55.18208730001061,-0.3887843191623688,0.8247847557067871,0.09261453151702881,0.05821164324879646,0.23043596744537354,0.3382473289966583,0.9105490446090698
55.18721370000276,-0.3894006907939911,0.8249980211257935,0.09245578944683075,0.05660974606871605,0.22902098298072815,0.3382895290851593,0.9109912514686584
55.191119800001616,-0.3899816870689392,0.8252376914024353,0.0922633707523346,0.056275349110364914,0.2287592589855194,0.33680176734924316,0.911628782749176
55.19469060000847,-0.3905799090862274,0.8254234790802002,0.0920356959104538,0.05609448254108429,0.22800284624099731,0.33642587065696716,0.9119681119918823
55.19831600000907,-0.39113107323646545,0.8256468772888184,0.09185779094696045,0.05598332732915878,0.22742648422718048,0.3351297974586487,0.9125958681106567
55.20190280000679,-0.39113107323646545,0.8256468772888184,0.09185779094696045,0.05598332732915878,0.22742648422718048,0.3351297974586487,0.9125958681106567
55.20530190000136,-0.39172229170799255,0.8258779644966125,0.09165112674236298,0.05449850112199783,0.22590139508247375,0.33622509241104126,0.912661612033844
55.21260320000874,-0.39281532168388367,0.8261942863464355,0.09122680872678757,0.05350293219089508,0.2232089638710022,0.33762574195861816,0.9128658771514893
55.21615120000206,-0.39335501194000244,0.8263784646987915,0.09105304628610611,0.053851742297410965,0.22255867719650269,0.3365878462791443,0.9133872389793396
55.21956950001186,-0.3939162492752075,0.8265411853790283,0.09087582677602768,0.0528983548283577,0.22181503474712372,0.336612343788147,0.9136148691177368
55.2233997000003,-0.39447250962257385,0.8266885876655579,0.09066442400217056,0.052013132721185684,0.22021031379699707,0.33751949667930603,0.9137191772460938
55.227357499999925,-0.3949640095233917,0.826865017414093,0.09049413353204727,0.0515064001083374,0.2184235006570816,0.3386973738670349,0.9137409329414368
55.231454900000244,-0.3954482972621918,0.8270496726036072,0.09032284468412399,0.05186411365866661,0.21834330260753632,0.33681535720825195,0.9144352078437805
55.23563080000167,-0.39601975679397583,0.8272091150283813,0.09010031074285507,0.05023415386676788,0.21680523455142975,0.3377745747566223,0.9145383834838867
55.240098399997805,-0.39655646681785583,0.8273686170578003,0.08990500867366791,0.0511089563369751,0.2166273295879364,0.3359310030937195,0.9152108430862427
55.2448141000059,-0.39704400300979614,0.8274976015090942,0.08971903473138809,0.05112399905920029,0.2159544676542282,0.3353192210197449,0.9155932664871216
55.24970870000834,-0.39748603105545044,0.827657163143158,0.08955062180757523,0.05065818130970001,0.21452796459197998,0.33604714274406433,0.9156876802444458
55.25306930000079,-0.3979678750038147,0.8277794718742371,0.08930348604917526,0.050185829401016235,0.2134641706943512,0.33621785044670105,0.9158995747566223
55.25694760000624,-0.3984834849834442,0.8279393315315247,0.08908331394195557,0.04912767931818962,0.21255189180374146,0.33677899837493896,0.9159629344940186
55.26086160000705,-0.3989579975605011,0.8280715942382812,0.08891185373067856,0.048955682665109634,0.21231094002723694,0.3353966772556305,0.9165351390838623
55.26527800000622,-0.39938750863075256,0.8281716704368591,0.08868865668773651,0.04861079901456833,0.2110796570777893,0.33586183190345764,0.9166674613952637
55.270016300011775,-0.3998343050479889,0.8282586932182312,0.08844141662120819,0.04806962609291077,0.20981411635875702,0.33632323145866394,0.9168173670768738
55.273656400007894,-0.4002416133880615,0.8283565640449524,0.08823443949222565,0.04881025850772858,0.209324911236763,0.33571499586105347,0.9171128869056702
55.27764250000473,-0.40069863200187683,0.8284722566604614,0.0880308598279953,0.04775648191571236,0.20849677920341492,0.3358442187309265,0.9173097014427185
55.28167080000276,-0.4012036919593811,0.8286382555961609,0.08781100809574127,0.046969540417194366,0.20745518803596497,0.33557412028312683,0.9176852703094482
55.28663139999844,-0.4016285240650177,0.8287550210952759,0.08761110156774521,0.04698159173130989,0.2067071795463562,0.3349474370479584,0.9180822968482971
55.290170899999794,-0.40203049778938293,0.8288478851318359,0.08743143081665039,0.04758317768573761,0.20679627358913422,0.33340713381767273,0.9185917377471924
55.294174399998155,-0.40242934226989746,0.8289480805397034,0.08723512291908264,0.04740559309720993,0.20631524920463562,0.3337019085884094,0.9186020493507385
55.298445200009155,-0.4029169976711273,0.8290631771087646,0.0869598239660263,0.045848146080970764,0.20470266044139862,0.33448755741119385,0.9187561273574829
55.30281710000418,-0.40336984395980835,0.8291665315628052,0.08677572011947632,0.04545537754893303,0.20380863547325134,0.3348161578178406,0.9188547134399414
55.3109545000043,-0.40416234731674194,0.8293763399124146,0.08637084811925888,0.045384619385004044,0.2025553286075592,0.3350623548030853,0.919045627117157
55.315176900010556,-0.40458106994628906,0.8294187188148499,0.08613209426403046,0.0452701561152935,0.2010267972946167,0.3357948660850525,0.9191195368766785
55.31937920000928,-0.40497374534606934,0.8294986486434937,0.0859193205833435,0.04533294215798378,0.20104971528053284,0.33483076095581055,0.919463038444519
55.32338090000849,-0.4053942561149597,0.8296303749084473,0.08570841699838638,0.04370927810668945,0.19947849214076996,0.3357716202735901,0.9195407629013062
55.32928620000894,-0.40581727027893066,0.8297324776649475,0.08550521731376648,0.04573889821767807,0.20001715421676636,0.33371782302856445,0.9200725555419922
55.33368570001039,-0.4062173664569855,0.8297470211982727,0.08524319529533386,0.044355448335409164,0.19838449358940125,0.3355998992919922,0.9198092222213745
55.33954120000999,-0.4069536328315735,0.8298946022987366,0.08479811251163483,0.04388236999511719,0.19646725058555603,0.3361055254936218,0.9200587272644043
55.34409660000529,-0.40734440088272095,0.8300087451934814,0.08456201106309891,0.044986821711063385,0.19640199840068817,0.3335593044757843,0.9209455847740173
55.348514199999045,-0.4077269434928894,0.8300689458847046,0.08434121310710907,0.04445197433233261,0.19543690979480743,0.3337717652320862,0.921099841594696
55.35250950000773,-0.40815743803977966,0.8301633596420288,0.08413022756576538,0.04349134489893913,0.19473259150981903,0.33412331342697144,0.9211673736572266
55.356652100002975,-0.40853387117385864,0.8302379846572876,0.08396805077791214,0.04365040734410286,0.1931963711977005,0.3349195122718811,0.9211941957473755
55.36102350000874,-0.4089266359806061,0.8302904367446899,0.08372092992067337,0.0438537560403347,0.1933729648590088,0.3334867060184479,0.9216671586036682
55.36532050000096,-0.4093065857887268,0.8303474187850952,0.0835060104727745,0.04415178671479225,0.19313378632068634,0.33236634731292725,0.9221076369285583
55.369436000008136,-0.40969184041023254,0.8304054737091064,0.08325948566198349,0.042992111295461655,0.19188113510608673,0.33339425921440125,0.9220529794692993
55.373574900004314,-0.41009026765823364,0.8304373621940613,0.08305834978818893,0.041764285415410995,0.1905471533536911,0.3341546654701233,0.9221106767654419
55.3798039000103,-0.4105086028575897,0.8305466175079346,0.08291561156511307,0.04242739453911781,0.1890108287334442,0.33492106199264526,0.9221186637878418
55.383453200003714,-0.41088053584098816,0.8305831551551819,0.08267504721879959,0.04163507744669914,0.18911249935626984,0.33415043354034424,0.9224134683609009
55.387672299999394,-0.41128334403038025,0.8305808305740356,0.08244246989488602,0.04212223365902901,0.18825624883174896,0.3336326479911804,0.9227538108825684
55.39123580000887,-0.41167956590652466,0.8306065201759338,0.08223278820514679,0.04190479964017868,0.18685884773731232,0.33332616090774536,0.9231584072113037
55.39467790001072,-0.4120461344718933,0.830620288848877,0.08204453438520432,0.041197340935468674,0.18607138097286224,0.33370351791381836,0.923213005065918
55.39917190000415,-0.41242605447769165,0.8306496739387512,0.08186999708414078,0.040849778801202774,0.18504144251346588,0.33355867862701416,0.9234877228736877
55.402805999998236,-0.41284921765327454,0.8307070136070251,0.08172338455915451,0.04079774394631386,0.1829410344362259,0.3356289565563202,0.9231584668159485
55.406796700000996,-0.41324326395988464,0.8306978344917297,0.08143749833106995,0.039932724088430405,0.18344804644584656,0.33448734879493713,0.9235098958015442
55.41036960000929,-0.41324326395988464,0.8306978344917297,0.08143749833106995,0.039932724088430405,0.18344804644584656,0.33448734879493713,0.9235098958015442
55.41445540000859,-0.41398948431015015,0.8307223916053772,0.08104334026575089,0.04006335884332657,0.18140922486782074,0.3338903486728668,0.9241227507591248
55.41882420000911,-0.41438671946525574,0.8307551145553589,0.08085056394338608,0.03969084098935127,0.18004412949085236,0.33413416147232056,0.9243177175521851
55.42217450001044,-0.41438671946525574,0.8307551145553589,0.08085056394338608,0.03969084098935127,0.18004412949085236,0.33413416147232056,0.9243177175521851
55.42724520000047,-0.41515812277793884,0.8308539390563965,0.08058284223079681,0.039310574531555176,0.17658184468746185,0.3360768258571625,0.9242975115776062
55.43157559999963,-0.41557005047798157,0.8308190703392029,0.08031996339559555,0.038363225758075714,0.17756780982017517,0.3350487947463989,0.9245216846466064
55.4356831000041,-0.4159356355667114,0.8308148980140686,0.08019740134477615,0.03920764476060867,0.1765933781862259,0.33486315608024597,0.9247401356697083
55.44016180001199,-0.4163520038127899,0.8307815790176392,0.07990710437297821,0.03931952267885208,0.17579780519008636,0.3342324197292328,0.9251151084899902
55.44478560000425,-0.41670140624046326,0.8307998180389404,0.0797458067536354,0.038273245096206665,0.17437507212162018,0.3349483609199524,0.9251692295074463
55.45130840000638,-0.417087584733963,0.8308445811271667,0.07954937219619751,0.03672272711992264,0.17274324595928192,0.33571287989616394,0.9252611398696899
55.456638000003295,-0.4178009629249573,0.8308420181274414,0.07919729501008987,0.0365651436150074,0.17155490815639496,0.33464014530181885,0.9258768558502197
55.46092310000677,-0.4181663691997528,0.8308513164520264,0.07898342609405518,0.03670854493975639,0.17163565754890442,0.3345530331134796,0.9258876442909241
55.46498460001021,-0.4185730218887329,0.8308928608894348,0.0787285715341568,0.03652392327785492,0.170678973197937,0.33460402488708496,0.9260533452033997
55.46954960000585,-0.4189542531967163,0.8308955430984497,0.07854518294334412,0.035946689546108246,0.16917899250984192,0.3352898359298706,0.9261031746864319
55.47350250001182,-0.4193114638328552,0.8308789134025574,0.0783735066652298,0.03516271337866783,0.1678953766822815,0.3357601463794708,0.9261963963508606
55.479555199999595,-0.41966724395751953,0.8308753371238708,0.07816674560308456,0.034397438168525696,0.1669405847787857,0.3357927203178406,0.9263859391212463
55.48360250001133,-0.42001423239707947,0.8308919668197632,0.0779610425233841,0.03375553339719772,0.1664624810218811,0.3350060284137726,0.9267804026603699
55.488601800010656,-0.42035019397735596,0.8309164047241211,0.07778313010931015,0.03327449783682823,0.16546745598316193,0.3347609341144562,0.9270644187927246
55.49399770000309,-0.42116180062294006,0.8309565186500549,0.07733011245727539,0.03283034637570381,0.16259388625621796,0.3348762094974518,0.9275469779968262
55.49831460000132,-0.42155250906944275,0.8309746384620667,0.07713356614112854,0.032191917300224304,0.1613404005765915,0.3353694677352905,0.9276099801063538
55.5027359000087,-0.4219284653663635,0.8309948444366455,0.07689964026212692,0.0316193513572216,0.16044075787067413,0.3353319764137268,0.9277992844581604
55.506988500012085,-0.42232373356819153,0.8310094475746155,0.07670962810516357,0.030787669122219086,0.15936005115509033,0.3353674113750458,0.9280006289482117
55.51091760001145,-0.42270851135253906,0.8310180306434631,0.07648176699876785,0.03088497184216976,0.1579934060573578,0.33508923649787903,0.9283314943313599
55.51515500000096,-0.4230707585811615,0.8310084939002991,0.07628202438354492,0.029922710731625557,0.15684129297733307,0.33539533615112305,0.9284479022026062
55.51930870000797,-0.4234715700149536,0.8309871554374695,0.07602991163730621,0.02874452993273735,0.15516512095928192,0.33714571595191956,0.9281326532363892
55.52376650000224,-0.4238379895687103,0.8309527635574341,0.07579914480447769,0.027796965092420578,0.15388701856136322,0.33812016248703003,0.9280198812484741
55.5282881000021,-0.4242291748523712,0.8309245109558105,0.0755748301744461,0.027189478278160095,0.1528545320034027,0.33790600299835205,0.9282864332199097
55.53211340001144,-0.4245721101760864,0.8309358358383179,0.07540155202150345,0.02694479376077652,0.15191872417926788,0.3375179171562195,0.9285884499549866
55.53599080001004,-0.4249325096607208,0.8309003710746765,0.07520104944705963,0.02739705890417099,0.15058335661888123,0.3367394804954529,0.9290751218795776
55.540046400012216,-0.4252869486808777,0.8308954238891602,0.07499686628580093,0.026567775756120682,0.1491457223892212,0.337361216545105,0.9291056394577026
55.54417470000044,-0.4256882071495056,0.8308854103088379,0.07478326559066772,0.02549798972904682,0.14769347012043,0.3381102979183197,0.9290952086448669
55.548678000006475,-0.42609941959381104,0.8308556079864502,0.07452762871980667,0.025167256593704224,0.14702682197093964,0.33841341733932495,0.9290996193885803
55.552501300000586,-0.4264238476753235,0.8308612704277039,0.07436822354793549,0.02505962736904621,0.14624151587486267,0.3376922905445099,0.9294888377189636
55.55693289999908,-0.4267575740814209,0.8308570981025696,0.0741441622376442,0.024871516972780228,0.14527621865272522,0.3377842903137207,0.9296117424964905
55.560964400006924,-0.4271128177642822,0.8308266401290894,0.07396412640810013,0.024777373299002647,0.14335446059703827,0.3386140465736389,0.9296107292175293
55.56500550000055,-0.4274720251560211,0.8307616710662842,0.07368727773427963,0.023659229278564453,0.141836017370224,0.339397668838501,0.9295870661735535
55.56919249999919,-0.42780399322509766,0.8307247161865234,0.0734737366437912,0.02258411981165409,0.14055602252483368,0.33994060754776,0.9296098351478577
55.5755790000112,-0.4281129240989685,0.830706000328064,0.07328321784734726,0.022069307044148445,0.13998660445213318,0.3395843803882599,0.929838240146637
55.579378700000234,-0.42841553688049316,0.8306943774223328,0.07308770716190338,0.021473022177815437,0.13882821798324585,0.3396754264831543,0.9299926161766052
55.58346690000326,-0.42875462770462036,0.830657958984375,0.07285645604133606,0.02212931402027607,0.13802187144756317,0.3391666114330292,0.9302829504013062
55.587458100009826,-0.4290961027145386,0.830612063407898,0.07261724770069122,0.021737292408943176,0.13705992698669434,0.3391188085079193,0.9304517507553101
55.59094809999806,-0.4293997585773468,0.8305607438087463,0.07238289713859558,0.02034485526382923,0.1354631781578064,0.3404160737991333,0.9302433729171753
55.59456510000746,-0.42969468235969543,0.8305278420448303,0.0721491202712059,0.01975134201347828,0.134763702750206,0.34027013182640076,0.9304111003875732
55.59847589999845,-0.4300128221511841,0.8305104374885559,0.07193003594875336,0.019019586965441704,0.1337839514017105,0.3402818441390991,0.9305634498596191
55.60256600000139,-0.43028315901756287,0.8304640650749207,0.07171302288770676,0.019649837166070938,0.13317745923995972,0.33974799513816833,0.9308324456214905
55.60678980000375,-0.4305614233016968,0.8304353952407837,0.07150715589523315,0.02006359212100506,0.1321902871131897,0.33945682644844055,0.9310705065727234
55.61109000000579,-0.4308279752731323,0.8303938508033752,0.07128200680017471,0.01875043846666813,0.13042040169239044,0.3409776985645294,0.9307917356491089
55.61494130000938,-0.4311019778251648,0.8303667902946472,0.07102428376674652,0.017910407856106758,0.12964949011802673,0.34130433201789856,0.930796205997467
55.619224800000666,-0.43133458495140076,0.8303422331809998,0.07077626883983612,0.017254643142223358,0.12856920063495636,0.3402508497238159,0.9313440322875977
55.62292370000796,-0.43133458495140076,0.8303422331809998,0.07077626883983612,0.017254643142223358,0.12856920063495636,0.3402508497238159,0.9313440322875977
55.63154100000975,-0.4321037232875824,0.8303004503250122,0.0701441541314125,0.01661604829132557,0.1260155588388443,0.3413563072681427,0.931300163269043
55.63560310000321,-0.4323406219482422,0.8302571773529053,0.06990789622068405,0.015781017020344734,0.12421619147062302,0.34215861558914185,0.9312619566917419
55.640728300000774,-0.432586133480072,0.8302100300788879,0.06965550780296326,0.015214932151138783,0.12344682961702347,0.34268927574157715,0.9311785101890564
55.6447046000103,-0.43282005190849304,0.8302130699157715,0.06945932656526566,0.015070493333041668,0.12320659309625626,0.34269940853118896,0.9312089681625366
55.64841520000482,-0.4330368638038635,0.8302133083343506,0.06922723352909088,0.014670181088149548,0.12253200262784958,0.3426056206226349,0.9313388466835022
55.65288130000408,-0.4332781434059143,0.8301671743392944,0.06895042955875397,0.015390301123261452,0.12223046272993088,0.34169265627861023,0.931702196598053
55.65670790000877,-0.43350324034690857,0.8301359415054321,0.06871791183948517,0.015868201851844788,0.12127166241407394,0.34184837341308594,0.9317623376846313
55.66102990000218,-0.43371710181236267,0.8301095366477966,0.06850993633270264,0.015557902865111828,0.12048958241939545,0.34245872497558594,0.9316449165344238
55.665007200004766,-0.43391600251197815,0.8301008343696594,0.06834182143211365,0.014949913136661053,0.11953417211771011,0.34319061040878296,0.9315086603164673
55.66937509999843,-0.4341432452201843,0.8301019668579102,0.0681285709142685,0.014198994264006615,0.11887333542108536,0.34370437264442444,0.9314155578613281
55.6776869000023,-0.43463367223739624,0.8300751447677612,0.06767991185188293,0.01353505626320839,0.11710187047719955,0.34368816018104553,0.931655764579773
55.68177720000676,-0.4348548352718353,0.8300601840019226,0.06746974587440491,0.01353467907756567,0.11692764610052109,0.3433181047439575,0.9318140745162964
55.68600280000828,-0.4350535273551941,0.8300525546073914,0.06730233132839203,0.013478174805641174,0.11640260368585587,0.3432437479496002,0.9319080114364624
55.69051440000476,-0.43525657057762146,0.8300135135650635,0.06711912900209427,0.012836485169827938,0.1154988557100296,0.3438853919506073,0.9317929744720459
55.69427390000783,-0.43546172976493835,0.8300094604492188,0.06692191958427429,0.01240136194974184,0.11426680535078049,0.3445567190647125,0.931702733039856
55.698558600008255,-0.4356692135334015,0.829993724822998,0.06673318147659302,0.012154658325016499,0.11364614218473434,0.34446632862091064,0.9318153262138367
55.70270520000486,-0.4359249472618103,0.8299445509910583,0.06650041043758392,0.011995799839496613,0.11333687603473663,0.3439384996891022,0.9320500493049622
55.70723210000142,-0.4361601769924164,0.8298912644386292,0.06624545902013779,0.012412714771926403,0.11317070573568344,0.3426470160484314,0.9325402975082397
55.71103540000331,-0.4363836646080017,0.8298643231391907,0.06605549156665802,0.012342726811766624,0.11277900636196136,0.34307822585105896,0.93243008852005
55.715374700012035,-0.43661418557167053,0.8298428058624268,0.06583535671234131,0.012253040447831154,0.1121729165315628,0.3428245484828949,0.9325976967811584
55.71909470000537,-0.43687087297439575,0.8297876119613647,0.06563246995210648,0.011653091758489609,0.11091547459363937,0.34480687975883484,0.9320247769355774
55.72371620000922,-0.43709948658943176,0.8297538161277771,0.06542348116636276,0.011031748726963997,0.10971970111131668,0.34581708908081055,0.931799590587616
55.727631700006896,-0.4373358488082886,0.8297705054283142,0.06523369252681732,0.010912911966443062,0.10914857685565948,0.3454712927341461,0.9319962859153748
55.736381800001254,-0.4377926290035248,0.8296985030174255,0.06478888541460037,0.011389742605388165,0.10829881578683853,0.34476542472839355,0.9323511123657227
55.7412755000114,-0.43803536891937256,0.8296574950218201,0.06456771492958069,0.01091876719146967,0.10763642936944962,0.3442910313606262,0.9326086640357971
55.7450736000028,-0.43825095891952515,0.8296326994895935,0.0643475130200386,0.010068625211715698,0.10628192126750946,0.3451261520385742,0.9324649572372437
55.74869710000348,-0.4384622275829315,0.8296008706092834,0.06412599235773087,0.00936756283044815,0.10546959936618805,0.3455030024051666,0.9324249029159546
55.752701300007175,-0.4386906325817108,0.8296087384223938,0.06391670554876328,0.009303133003413677,0.10534028708934784,0.3444603681564331,0.9328257441520691
55.756898100007675,-0.43889063596725464,0.8295947313308716,0.06371083110570908,0.009299161843955517,0.10473822057247162,0.3439957797527313,0.9330651164054871
55.76133860000118,-0.4391140043735504,0.8295447826385498,0.063445083796978,0.009798339568078518,0.10435128957033157,0.3432843089103699,0.9333652257919312
55.765511200006586,-0.4393400549888611,0.8295090794563293,0.06320073455572128,0.00970345176756382,0.10364148765802383,0.34310343861579895,0.9335119128227234
55.76927540000179,-0.4395877420902252,0.8294675946235657,0.06297402083873749,0.0085980873554945,0.10357315838336945,0.34395742416381836,0.9332159161567688
55.77334460000566,-0.4398287534713745,0.8294438123703003,0.06276622414588928,0.007924092933535576,0.10250620543956757,0.34428101778030396,0.933220386505127
55.777851700011524,-0.4400777816772461,0.829422652721405,0.06254687905311584,0.007340097334235907,0.10158628225326538,0.3446364402770996,0.9331945180892944
55.782407400009106,-0.44033581018447876,0.8294254541397095,0.062352217733860016,0.006793288979679346,0.1006891205906868,0.3452584445476532,0.9330660104751587
55.78604110000015,-0.44033581018447876,0.8294254541397095,0.062352217733860016,0.006793288979679346,0.1006891205906868,0.3452584445476532,0.9330660104751587
55.79014380001172,-0.44085177779197693,0.829363226890564,0.061918195337057114,0.0070232548750936985,0.09939173609018326,0.3449153006076813,0.9333303570747375
55.79457700000785,-0.44110533595085144,0.8293522000312805,0.06172243133187294,0.00696136336773634,0.09914885461330414,0.3448392152786255,0.9333846569061279
55.79868870000064,-0.44137516617774963,0.8292943239212036,0.06148506700992584,0.00626106932759285,0.09861961752176285,0.345158189535141,0.933327853679657
55.80250520000118,-0.44163602590560913,0.8292739391326904,0.061275288462638855,0.005536703858524561,0.09743762016296387,0.3455227315425873,0.9333216547966003
55.80735270000878,-0.44187331199645996,0.829262912273407,0.06107228994369507,0.005019329022616148,0.09633102267980576,0.3455350399017334,0.9334348440170288
55.810901400007424,-0.44210997223854065,0.8292232155799866,0.06087455153465271,0.005475641693919897,0.09578435122966766,0.3448372781276703,0.9337465167045593
55.814993899999536,-0.4423789083957672,0.8292039632797241,0.06066565215587616,0.006003515794873238,0.09550575166940689,0.3441486358642578,0.9340258836746216
55.81926540000131,-0.4426053464412689,0.8291687965393066,0.060457147657871246,0.005888816900551319,0.09483247250318527,0.34402740001678467,0.9341399073600769
55.8236184999987,-0.44284161925315857,0.8290897011756897,0.06020296737551689,0.0051671951077878475,0.09404696524143219,0.34434112906455994,0.9341079592704773
55.82760840000992,-0.4430904686450958,0.8290199041366577,0.059946347028017044,0.004645161796361208,0.0930759608745575,0.34468016028404236,0.9340829849243164
55.83291230000032,-0.44331398606300354,0.8289856910705566,0.05974302440881729,0.004229500889778137,0.09242288023233414,0.34452158212661743,0.9342082142829895
55.836262500000885,-0.4435516893863678,0.8289365172386169,0.05952885374426842,0.004426654893904924,0.09133169054985046,0.34388673305511475,0.9345484972000122
55.84011900000041,-0.44381314516067505,0.8288993239402771,0.05932087451219559,0.004484246019273996,0.09041815996170044,0.343708336353302,0.9347026944160461
55.84405920001154,-0.44404953718185425,0.828844428062439,0.05910322070121765,0.004176441580057144,0.08971649408340454,0.34338101744651794,0.9348920583724976
55.848194600010174,-0.44430750608444214,0.8287540078163147,0.05885446444153786,0.003410062985494733,0.08870652318000793,0.3438957631587982,0.9348022937774658
55.852599700010614,-0.44454070925712585,0.828689694404602,0.058627899736166,0.0029353376012295485,0.08842100203037262,0.34365344047546387,0.9349200129508972
55.85715290000371,-0.44480347633361816,0.8286375999450684,0.058369968086481094,0.0022381071466952562,0.08770336955785751,0.34349605441093445,0.935047447681427
55.861478899998474,-0.4450565278530121,0.8285882472991943,0.05811585113406181,0.0021825197618454695,0.08684059232473373,0.34329932928085327,0.9352002739906311
55.86502760001167,-0.44534432888031006,0.8285463452339172,0.05789004638791084,0.0025535717140883207,0.08548854291439056,0.3424791097640991,0.9356245398521423
55.86926410000888,-0.4455913007259369,0.8284738659858704,0.05766088515520096,0.002213036408647895,0.08464721590280533,0.3425166606903076,0.9356881380081177
55.87367320001067,-0.44582507014274597,0.8284053206443787,0.05744200199842453,0.0019211566541343927,0.08402704447507858,0.34238651394844055,0.9357923269271851
55.87790640001185,-0.4461030960083008,0.8283431529998779,0.057169776409864426,0.0018714728066697717,0.08342602103948593,0.3424406945705414,0.9358263611793518
55.88195550000819,-0.44636303186416626,0.8282769322395325,0.0569121390581131,0.0012767082080245018,0.08260082453489304,0.3425721526145935,0.9358524680137634
55.88595170000917,-0.44659996032714844,0.8282124400138855,0.05667996034026146,0.0009855285752564669,0.0816168487071991,0.3425948917865753,0.9359307885169983
55.89004750001186,-0.4468291997909546,0.8281506299972534,0.05646061524748802,0.0004359313752502203,0.0805058404803276,0.3430064618587494,0.9358767867088318
55.89431640000839,-0.44708487391471863,0.8281508088111877,0.0562976598739624,0.0001523161045042798,0.07811155170202255,0.34495455026626587,0.9353635907173157
55.8984538000077,-0.44733577966690063,0.8280840516090393,0.05604078620672226,0.00025643728440627456,0.07718527317047119,0.3450143039226532,0.935418426990509
55.90251880000869,-0.44757649302482605,0.8280029296875,0.05579141899943352,0.0008087941678240895,0.07629864662885666,0.3445737659931183,0.9356532096862793
55.90667380001105,-0.4478136897087097,0.827968180179596,0.055590298026800156,0.0004098007921129465,0.07566601783037186,0.3450488746166229,0.9355296492576599
55.91077719999885,-0.44805386662483215,0.827926754951477,0.05534351244568825,0.00030279759084805846,0.07591592520475388,0.34506431221961975,0.9355037808418274
55.91633220000949,-0.44825807213783264,0.8278558850288391,0.05510192736983299,-0.00035185605520382524,0.07505203783512115,0.3455160856246948,0.9354067444801331
55.91978390001168,-0.44849199056625366,0.827793300151825,0.054866477847099304,-0.0006740687531419098,0.07376980781555176,0.34590986371040344,0.9353630542755127
55.92785820001154,-0.4489284157752991,0.827677845954895,0.05444148927927017,-0.00020138015679549426,0.07221230864524841,0.3449094891548157,0.9358540177345276
55.93188870001177,-0.4491190016269684,0.8276430368423462,0.054244671016931534,3.2345683393941727e-06,0.07191801816225052,0.3444289267063141,0.9360536932945251
55.93599990000075,-0.4493139684200287,0.8276028633117676,0.05403030663728714,-0.0006505887722596526,0.07148066908121109,0.34433579444885254,0.9361212849617004
55.940035999999964,-0.4495236277580261,0.8275246024131775,0.05376620963215828,-0.001546005136333406,0.07118827849626541,0.3446405827999115,0.9360302686691284
55.94413119999808,-0.44973012804985046,0.8274340033531189,0.0535321906208992,-0.0010693680960685015,0.07038964331150055,0.34443199634552,0.9361681938171387
55.9481788000121,-0.4499220550060272,0.8273704648017883,0.05333160236477852,-0.0009566427324898541,0.06938394159078598,0.3445650041103363,0.9361944198608398
55.95241930001066,-0.45011308789253235,0.8273268938064575,0.05314171314239502,-0.0001892793079605326,0.06902314722537994,0.3435734808444977,0.9365858435630798
55.956519500003196,-0.45028260350227356,0.8272735476493835,0.05294639617204666,-0.00021823322458658367,0.06852982938289642,0.3437137007713318,0.9365707039833069
55.96107400000619,-0.4504617154598236,0.8272149562835693,0.05272781476378441,-0.00039961692527867854,0.06847205758094788,0.3434944450855255,0.9366552829742432
55.96511040000769,-0.4506414532661438,0.8271218538284302,0.05248737335205078,-0.0008585326140746474,0.067831851541996,0.3439673185348511,0.9365280270576477
55.96915190000436,-0.45088469982147217,0.8270561695098877,0.052241262048482895,-0.0009970389073714614,0.06696290522813797,0.34462353587150574,0.9363491535186768
55.97323650000908,-0.451082706451416,0.8269791603088379,0.05200405418872833,-0.0009401917923241854,0.06638174504041672,0.34489792585372925,0.9362894892692566
55.97777019999921,-0.4512481689453125,0.8269305229187012,0.05182434991002083,-0.0009279223158955574,0.06579671055078506,0.34521180391311646,0.9362151026725769
55.986493100004736,-0.45154502987861633,0.8268622159957886,0.05145683512091637,-0.0010289602214470506,0.06502492725849152,0.3451160490512848,0.9363043308258057
55.99224370000593,-0.4517153799533844,0.8268396258354187,0.051295872777700424,-0.0009674807661212981,0.06488960981369019,0.3455561101436615,0.936151385307312
55.99658320000162,-0.45187973976135254,0.8268018364906311,0.05109605938196182,-0.001341489260084927,0.06419128179550171,0.3460738956928253,0.9360078573226929
56.00066780000634,-0.45207479596138,0.8267409205436707,0.0508299246430397,-0.0013239533873274922,0.06382230669260025,0.3459363579750061,0.9360838532447815
56.005168900010176,-0.45220738649368286,0.8267026543617249,0.050630874931812286,-0.0011905949795618653,0.06381666660308838,0.3455243408679962,0.9362366199493408
56.0098241000087,-0.45234987139701843,0.8266662955284119,0.05044817179441452,-0.001597702270373702,0.06410355865955353,0.345264732837677,0.936312198638916
56.01572440000018,-0.4525883197784424,0.8266259431838989,0.05012553557753563,-0.0017161257565021515,0.06354499608278275,0.3453770577907562,0.9363086223602295
56.02162670000689,-0.45270833373069763,0.8265968561172485,0.04996178671717644,-0.0018312052125111222,0.06355845183134079,0.34521958231925964,0.9363656044006348
56.02658080001129,-0.4528334140777588,0.8265740871429443,0.04980793967843056,-0.0019694878719747066,0.06320826709270477,0.3451794981956482,0.936403751373291
56.032316900003934,-0.45308348536491394,0.8264947533607483,0.049460284411907196,-0.0019238883396610618,0.06204695999622345,0.3457992672920227,0.9362528324127197
56.03635600001144,-0.4532133638858795,0.8264465928077698,0.04926176369190216,-0.0014892934123054147,0.06204661726951599,0.3457393944263458,0.9362757205963135
56.040792100000544,-0.4533235430717468,0.8264184594154358,0.049103379249572754,-0.0013098398922011256,0.06208670139312744,0.345405638217926,0.9363965392112732
56.0445466000092,-0.4534626007080078,0.8263963460922241,0.04896402359008789,-0.0011804571840912104,0.06195715814828873,0.34582576155662537,0.9362502098083496
56.04907249999815,-0.45357751846313477,0.8263682723045349,0.04881924390792847,-0.000989713123999536,0.0620783232152462,0.34574007987976074,0.9362740516662598
56.053450000006706,-0.4536934792995453,0.8263517618179321,0.048685844987630844,-0.0010699733393266797,0.06204073503613472,0.3452370762825012,0.9364620447158813
56.05710060001002,-0.45379406213760376,0.8263309597969055,0.048561856150627136,-0.0010978658683598042,0.06200965493917465,0.3450751304626465,0.9365238547325134
56.06116520000796,-0.4538895785808563,0.826310396194458,0.04844679310917854,-0.0011047974694520235,0.06190802901983261,0.34498918056488037,0.9365621209144592
56.06534770000144,-0.45399221777915955,0.8262768983840942,0.048321325331926346,-0.0010147115681320429,0.06190566346049309,0.34466642141342163,0.9366812109947205
56.07070300000487,-0.45409315824508667,0.8262353539466858,0.04818713665008545,-0.0012791792396456003,0.06161833554506302,0.3447928726673126,0.9366533160209656
56.07426980001037,-0.4541918635368347,0.8261856436729431,0.048043470829725266,-0.0008867150172591209,0.06131179258227348,0.34470149874687195,0.9367074966430664
56.07784270000411,-0.45429733395576477,0.8261499404907227,0.047906726598739624,-0.0011311855632811785,0.06083331257104874,0.3447813391685486,0.9367090463638306
56.0825737999985,-0.454426109790802,0.8261116743087769,0.0477718748152256,-0.0005160350701771677,0.06083812564611435,0.34411224722862244,0.9369553327560425
56.08637480001198,-0.4545248746871948,0.8260804414749146,0.047636762261390686,-0.0005898841191083193,0.061152130365371704,0.34402552247047424,0.9369666576385498
56.09027260000585,-0.4546266794204712,0.8260431885719299,0.047518935054540634,-0.000586579495575279,0.06123284995555878,0.3437228500843048,0.9370724558830261
56.09429259999888,-0.4547252953052521,0.8260102868080139,0.04742145538330078,-0.0006170308333821595,0.06144630163908005,0.34339776635169983,0.9371776580810547
56.098492000004626,-0.4548257887363434,0.8259798884391785,0.0473145954310894,-0.0007572582690045238,0.061741482466459274,0.3432437777519226,0.9372145533561707
56.1026886000036,-0.45494115352630615,0.8259627223014832,0.04723000526428223,-0.0009016743279062212,0.061688393354415894,0.34304913878440857,0.9372891783714294
56.1071118000109,-0.45504409074783325,0.8259538412094116,0.047167107462882996,-0.0009369091712869704,0.061655595898628235,0.3434065878391266,0.9371603727340698
56.111518900012015,-0.45514988899230957,0.8259428143501282,0.04707895219326019,-0.0014661820605397224,0.06142953410744667,0.3435121774673462,0.9371358752250671
56.11518040001101,-0.45525723695755005,0.8258944749832153,0.0469990074634552,-0.0019333611708134413,0.061578888446092606,0.34353601932525635,0.9371165037155151
56.11931680000271,-0.4553508460521698,0.8258503675460815,0.046903710812330246,-0.002583316760137677,0.061235591769218445,0.3440459668636322,0.9369503259658813
56.12360560000525,-0.45544177293777466,0.8258334994316101,0.04684102535247803,-0.002771192230284214,0.06110381707549095,0.34404125809669495,0.9369601607322693
56.12763270000869,-0.45555153489112854,0.8257953524589539,0.04676306992769241,-0.0028026935178786516,0.06079673022031784,0.34390789270401,0.9370289444923401
56.13189879999845,-0.45565247535705566,0.8257486820220947,0.04668981209397316,-0.002597202081233263,0.06054389104247093,0.3440084755420685,0.9370090365409851
56.13606570000411,-0.45574599504470825,0.8257105350494385,0.046632684767246246,-0.002486390992999077,0.06051839143037796,0.3439636528491974,0.9370274543762207
56.14038940001046,-0.4558505713939667,0.8256798386573792,0.046570196747779846,-0.002087612636387348,0.06056918576359749,0.3435198962688446,0.9371878504753113
56.144794600011664,-0.4559635818004608,0.825624406337738,0.04649008437991142,-0.0021548124495893717,0.06073157861828804,0.3437468409538269,0.9370940327644348
56.14863999999943,-0.45608052611351013,0.8255943059921265,0.04642876982688904,-0.0021733588073402643,0.06090596690773964,0.34422045946121216,0.9369087815284729
56.153030400004354,-0.45617952942848206,0.8255589604377747,0.046381015330553055,-0.0019511627033352852,0.060931913554668427,0.3441314101219177,0.9369402527809143
56.15687500000058,-0.4562664031982422,0.8255277872085571,0.04633040726184845,-0.0019124214304611087,0.06108584254980087,0.3438723385334015,0.9370254874229431
56.16167290000885,-0.4563690423965454,0.8254963755607605,0.04625745862722397,-0.0019010852556675673,0.0617060624063015,0.34340280294418335,0.9371570348739624
56.16555030000745,-0.45645222067832947,0.825459361076355,0.0461970679461956,-0.001821312471292913,0.06189771369099617,0.3430510461330414,0.937273383140564
56.169358200000715,-0.45654726028442383,0.8254291415214539,0.04614971950650215,-0.0020439496729522943,0.06162026897072792,0.3428965210914612,0.9373477101325989
56.17348470000434,-0.4566447138786316,0.8254013657569885,0.046104900538921356,-0.001971775433048606,0.06156114488840103,0.3428916931152344,0.9373534917831421
56.1778583000123,-0.4567459225654602,0.8253617286682129,0.04605262726545334,-0.0022762881126254797,0.061475079506635666,0.342957466840744,0.937334418296814
56.18196159999934,-0.4568406343460083,0.8253217935562134,0.046008143573999405,-0.002417110139504075,0.06147308647632599,0.342679500579834,0.9374359250068665
56.18610330000229,-0.4569403827190399,0.825251042842865,0.04595450311899185,-0.0022695399820804596,0.06125090271234512,0.34266242384910583,0.9374570250511169
56.19038120000914,-0.45702916383743286,0.8251916170120239,0.045901261270046234,-0.001871685846708715,0.06106778234243393,0.3425358533859253,0.9375160932540894
56.19476080000459,-0.45712360739707947,0.8251489996910095,0.045843906700611115,-0.001921441056765616,0.06064760312438011,0.34253740310668945,0.9375426769256592
56.198508300003596,-0.4572194814682007,0.8251075744628906,0.04580414667725563,-0.002037877682596445,0.0604119636118412,0.3424747586250305,0.9375805258750916
56.202918599999975,-0.45730993151664734,0.8250359296798706,0.04574945569038391,-0.0013687676982954144,0.060302652418613434,0.34209108352661133,0.9377288222312927
56.206921200006036,-0.45741018652915955,0.8249645233154297,0.04569888114929199,-0.001478502992540598,0.060164209455251694,0.34216880798339844,0.9377092123031616
56.21102100001008,-0.4575129449367523,0.8249098658561707,0.04565028101205826,-0.0012803225545212626,0.06013378128409386,0.3417907953262329,0.9378494024276733
56.215302000011434,-0.4576271176338196,0.824830949306488,0.045602116733789444,-0.0012794847134500742,0.06001845374703407,0.3418552279472351,0.9378332495689392
56.21931700001005,-0.4577329456806183,0.8247542381286621,0.0455523319542408,-0.0009513558470644057,0.06023683398962021,0.3413860499858856,0.9379905462265015
56.22352320000937,-0.4578402042388916,0.8246955871582031,0.045523807406425476,-0.0015644963132217526,0.06019812077283859,0.34148484468460083,0.9379562735557556
56.227834700010135,-0.4579560160636902,0.8246183395385742,0.04548368602991104,-0.0014131544157862663,0.06015182286500931,0.3417614996433258,0.9378586411476135
56.23198650000268,-0.45805999636650085,0.8245345950126648,0.04544219374656677,-0.0014429559232667089,0.06029684841632843,0.34167322516441345,0.9378814697265625
56.23647340000025,-0.4581628143787384,0.8244513273239136,0.045405320823192596,-0.0013835293939337134,0.060497794300317764,0.34151792526245117,0.9379252195358276
56.24009940000542,-0.4582749605178833,0.8243433833122253,0.045335762202739716,-0.0016671221237629652,0.061145588755607605,0.34123578667640686,0.9379854202270508
56.24421489999804,-0.4583805501461029,0.8242489695549011,0.045306768268346786,-0.0014153060037642717,0.06137837842106819,0.3408699035644531,0.9381036162376404
56.248646899999585,-0.4584830105304718,0.8241380453109741,0.045257385820150375,-0.0016483789077028632,0.06102139875292778,0.3416084051132202,0.9378578662872314
56.252940100006526,-0.45859870314598083,0.8240224123001099,0.04523538053035736,-0.002057657577097416,0.060830287635326385,0.3425275981426239,0.9375342130661011
56.25666189999902,-0.45859870314598083,0.8240224123001099,0.04523538053035736,-0.002057657577097416,0.060830287635326385,0.3425275981426239,0.9375342130661011
56.26087070000358,-0.4587930738925934,0.8237820267677307,0.04515873268246651,-0.0012745626736432314,0.06045423448085785,0.34205684065818787,0.9377317428588867
56.26515649999783,-0.4588773846626282,0.8236640691757202,0.04512844234704971,-0.0010935075115412474,0.0603005513548851,0.34205830097198486,0.9377412796020508
56.2697535000043,-0.4589839577674866,0.8235173225402832,0.04509992524981499,-0.0005920981056988239,0.05973489210009575,0.34173518419265747,0.9378958344459534
56.27338470000541,-0.45905789732933044,0.8233904838562012,0.045091573148965836,-0.000484778662212193,0.0598062239587307,0.3413388431072235,0.9380356669425964
56.27770489999966,-0.4591282606124878,0.8232702612876892,0.04507146030664444,-0.0006571572739630938,0.059913236647844315,0.34143322706222534,0.9379943013191223
56.2819090999983,-0.45919564366340637,0.8231399059295654,0.04505481198430061,-0.0004600417451001704,0.060054946690797806,0.3410544991493225,0.9381231665611267
56.286160100004054,-0.45926058292388916,0.8230140209197998,0.04503621533513069,-0.00039406842552125454,0.06012710928916931,0.340696781873703,0.9382485151290894
56.29011640000681,-0.4593288004398346,0.8228654265403748,0.04500953108072281,-0.0006437578704208136,0.06018271669745445,0.34095460176467896,0.9381511807441711
56.29420129999926,-0.45939064025878906,0.8227277398109436,0.0449763685464859,-0.0005754440207965672,0.06052600219845772,0.3405877947807312,0.938262403011322
56.298685400004615,-0.4594441056251526,0.8225589394569397,0.04495464637875557,-0.0007145405397750437,0.060005269944667816,0.3403272032737732,0.93839031457901
56.30207400000654,-0.4594441056251526,0.8225589394569397,0.04495464637875557,-0.0007145405397750437,0.060005269944667816,0.3403272032737732,0.93839031457901
56.3064286000008,-0.45955178141593933,0.8222667574882507,0.04489005357027054,0.0004371843533590436,0.05967787280678749,0.3402740955352783,0.9384305477142334
56.310893700007,-0.4596237540245056,0.8221282362937927,0.04485086724162102,0.000534184102434665,0.05964093655347824,0.3403284549713135,0.9384132027626038
56.315238499999396,-0.45970532298088074,0.8219974040985107,0.04481135308742523,0.000889018876478076,0.05948479473590851,0.3407372236251831,0.9382744431495667
56.31938020000234,-0.45976436138153076,0.8218516707420349,0.04482579603791237,0.00111347995698452,0.0592132993042469,0.34060049057006836,0.9383410811424255
56.323411100005615,-0.4598235487937927,0.8217213749885559,0.04480830952525139,0.00134271162096411,0.059287410229444504,0.340499609708786,0.9383726716041565
56.332268800004385,-0.45995083451271057,0.821452260017395,0.04475811496376991,0.0014952366473153234,0.05956349894404411,0.33990535140037537,0.9385703802108765
56.33604580000974,-0.46000322699546814,0.8213040828704834,0.044737137854099274,0.001209985581226647,0.05950748547911644,0.340383380651474,0.9384010434150696
56.340524500003085,-0.4600525498390198,0.8211702704429626,0.04470999911427498,0.0013560138177126646,0.05971916392445564,0.3399898409843445,0.9385300874710083
56.34442080000008,-0.46010085940361023,0.8210154175758362,0.04465664178133011,0.0016742555890232325,0.06029042974114418,0.33951833844184875,0.9386637806892395
56.34872819999873,-0.4601406455039978,0.8208909630775452,0.044627126306295395,0.0017635576659813523,0.060397807508707047,0.33919772505760193,0.9387725591659546
56.35294930000964,-0.4601850211620331,0.8207548260688782,0.04458224028348923,0.001274402136914432,0.06012047454714775,0.3399188220500946,0.9385302662849426
56.35701020000852,-0.4602310359477997,0.8206171989440918,0.04453638941049576,0.001578725641593337,0.059870850294828415,0.3401922285556793,0.9384467005729675
56.36170430001221,-0.4602701961994171,0.8205031752586365,0.04451191425323486,0.0016324258176609874,0.059755656868219376,0.3402186334133148,0.9384443759918213
56.36528910000925,-0.460305392742157,0.8203700184822083,0.044463131576776505,0.001659478060901165,0.05953230708837509,0.3408083915710449,0.9382445216178894
56.36947879999934,-0.4603634178638458,0.8202622532844543,0.04442501813173294,0.0013574464246630669,0.05964275449514389,0.34082910418510437,0.9382304549217224
56.374912100000074,-0.4603894054889679,0.820161759853363,0.04440230876207352,0.0014795686583966017,0.05963928997516632,0.34059879183769226,0.9383141398429871
56.37859720000415,-0.4604276418685913,0.8200743794441223,0.044382963329553604,0.0017325520748272538,0.059697818011045456,0.3403942883014679,0.9383842349052429
56.38219119999849,-0.460455983877182,0.8199872970581055,0.04437645152211189,0.0016434675781056285,0.05963492393493652,0.3407663404941559,0.9382533431053162
56.38602580000588,-0.46048277616500854,0.819904625415802,0.04439695551991463,0.002289854222908616,0.059926968067884445,0.34037190675735474,0.9383765459060669
56.39037610001105,-0.4605235159397125,0.8198222517967224,0.04439326748251915,0.0021277915220707655,0.05965255945920944,0.3408423662185669,0.938223659992218
56.39425640000263,-0.46055838465690613,0.8197242617607117,0.04439401626586914,0.002057944191619754,0.059736158698797226,0.34116390347480774,0.9381016492843628
56.398434900009306,-0.46059319376945496,0.8196368217468262,0.04438602924346924,0.002039819024503231,0.05970155447721481,0.34143194556236267,0.9380062818527222
56.40265950000321,-0.46063077449798584,0.8195480108261108,0.044380072504282,0.002170528518036008,0.0597277507185936,0.3414648771286011,0.9379923343658447
56.406962699998985,-0.46066948771476746,0.8194667100906372,0.04436379298567772,0.0021533938124775887,0.059704799205064774,0.341444730758667,0.9380011558532715
56.41107020000345,-0.4607265591621399,0.8193727135658264,0.044357918202877045,0.002144739031791687,0.05959884449839592,0.3418580889701843,0.9378573894500732
56.415262800001074,-0.4607754349708557,0.8192580342292786,0.04434739425778389,0.002374492585659027,0.05937449261546135,0.3420640826225281,0.9377959370613098
56.42133530000865,-0.46083036065101624,0.8191623687744141,0.044326044619083405,0.0025548601988703012,0.0591294951736927,0.34195420145988464,0.937851071357727
56.42560760000197,-0.46089670062065125,0.8190249800682068,0.04429062455892563,0.002374256495386362,0.058748602867126465,0.3424099385738373,0.9377091526985168
56.42973920000077,-0.46096107363700867,0.8189097046852112,0.04425790160894394,0.002306051319465041,0.05879908800125122,0.3424479067325592,0.9376923441886902
56.43346159999783,-0.4610217213630676,0.8187886476516724,0.044234976172447205,0.0024380539543926716,0.058663513511419296,0.3424639105796814,0.9376946687698364
56.43777850001061,-0.4610844552516937,0.8186790943145752,0.04421818628907204,0.0024186873342841864,0.05858558788895607,0.34249797463417053,0.9376870393753052
56.44290040001215,-0.46115678548812866,0.8185690641403198,0.044198159128427505,0.002512154635041952,0.0581950917840004,0.3424755334854126,0.9377194046974182
56.448185100001865,-0.46129709482192993,0.8183546662330627,0.044171907007694244,0.001990655669942498,0.057682886719703674,0.34328994154930115,0.9374544024467468
56.45279680000385,-0.46136555075645447,0.8182317614555359,0.04421393200755119,0.0024629770778119564,0.05712446570396423,0.34314510226249695,0.9375404715538025
56.4568394000089,-0.4614478051662445,0.818140983581543,0.044194545596838,0.002747307764366269,0.05702279508113861,0.3429717719554901,0.9376093745231628
56.46109470000374,-0.46150970458984375,0.8180325627326965,0.04417412355542183,0.002761490410193801,0.0571603998541832,0.34249332547187805,0.9377757906913757
56.465269500011345,-0.4615715444087982,0.8179191946983337,0.044153615832328796,0.00265497830696404,0.057182859629392624,0.34250280261039734,0.9377712607383728
56.46955860000162,-0.46164312958717346,0.8178126811981201,0.04413221776485443,0.002746567828580737,0.057320255786180496,0.34229588508605957,0.9378381967544556
56.47707960000844,-0.4617900550365448,0.8176145553588867,0.0441073402762413,0.0027236288879066706,0.05754335597157478,0.34249430894851685,0.9377521276473999
56.48178240000561,-0.461866557598114,0.8174628019332886,0.044028107076883316,0.002971100388094783,0.05698300525546074,0.3429090082645416,0.9376339912414551
56.485916900011944,-0.4619370996952057,0.8173563480377197,0.043967362493276596,0.002960635581985116,0.05719566345214844,0.34306657314300537,0.937563419342041
56.490171700002975,-0.46200987696647644,0.8172484636306763,0.04391276091337204,0.00285304500721395,0.05724522843956947,0.34303128719329834,0.9375737309455872
56.49431619999814,-0.46207088232040405,0.8171453475952148,0.04386262968182564,0.002946921158581972,0.05718638375401497,0.3431207239627838,0.9375442862510681
56.498715900001116,-0.46216362714767456,0.8170440196990967,0.043810248374938965,0.002752183238044381,0.05705177038908005,0.34418150782585144,0.9371641874313354
56.50288050000381,-0.4622301459312439,0.8169296979904175,0.04376591742038727,0.0032522850669920444,0.05693180114030838,0.34409695863723755,0.9372009038925171
56.506981900005485,-0.46229466795921326,0.8168360590934753,0.04371517524123192,0.0031909113749861717,0.05694194883108139,0.344024121761322,0.937227189540863
56.51126440000371,-0.46235084533691406,0.8167344331741333,0.04366245120763779,0.0033140999730676413,0.056871455162763596,0.34408172965049744,0.9372099041938782
56.5160365000047,-0.46242043375968933,0.8166325688362122,0.04359586909413338,0.003280026139691472,0.05705299600958824,0.34403494000434875,0.9372162222862244
56.52103889999853,-0.46250924468040466,0.8165508508682251,0.043550532311201096,0.0038479124195873737,0.057130225002765656,0.343178927898407,0.9375231266021729
56.52453090000199,-0.4625698924064636,0.8164541721343994,0.04350368306040764,0.0039685447700321674,0.05697508156299591,0.34315094351768494,0.9375422596931458
56.52858310000738,-0.4626317620277405,0.8163346648216248,0.04345821216702461,0.003368027973920107,0.056460097432136536,0.34416091442108154,0.9372055530548096
56.532766900010756,-0.4627039134502411,0.8162026405334473,0.043405938893556595,0.003943238407373428,0.05615871772170067,0.3441976308822632,0.9372079372406006
56.53620490001049,-0.46276921033859253,0.8160661458969116,0.04333427548408508,0.003531491616740823,0.055589549243450165,0.3451491892337799,0.9368935227394104
56.541984700001194,-0.4628444314002991,0.8159441351890564,0.043294038623571396,0.0035782167688012123,0.05513618886470795,0.3455670177936554,0.9367660880088806
56.54617520001193,-0.4629201591014862,0.8158186674118042,0.04323301464319229,0.0029597582761198282,0.05455044284462929,0.34634169936180115,0.9365163445472717
56.55066550000629,-0.46298977732658386,0.8157088160514832,0.04317106306552887,0.0029067224822938442,0.054510969668626785,0.34639662504196167,0.9364985227584839
56.55560640001204,-0.46304890513420105,0.8156057000160217,0.04311392083764076,0.002835390390828252,0.054341938346624374,0.34653428196907043,0.9364576935768127
56.56417880000663,-0.46320459246635437,0.8154163360595703,0.04300729185342789,0.0031775832176208496,0.05445020645856857,0.34606701135635376,0.9366230964660645
56.5701759000076,-0.46337559819221497,0.8152150511741638,0.04291262477636337,0.0026761433109641075,0.053842660039663315,0.34665387868881226,0.9364427328109741
56.57538670000213,-0.46345919370651245,0.8151248693466187,0.0428650937974453,0.002762750955298543,0.05369897559285164,0.3467053771018982,0.9364316463470459
56.58039630000712,-0.4635390341281891,0.8150076270103455,0.042789991945028305,0.003569072112441063,0.05343002825975418,0.3466099798679352,0.9364796280860901
56.58469670001068,-0.4636426568031311,0.8149004578590393,0.04269261658191681,0.0030335327610373497,0.05314726009964943,0.34719598293304443,0.9362804889678955
56.58837550001044,-0.46373796463012695,0.8147987127304077,0.042612478137016296,0.0028444414492696524,0.05263660475611687,0.34765246510505676,0.9361405968666077
56.59252780000679,-0.46382734179496765,0.8147076964378357,0.04254664108157158,0.002665938576683402,0.052657246589660645,0.34775441884994507,0.936102032661438
56.59618279999995,-0.4639225900173187,0.814627468585968,0.04246378690004349,0.0023612380027770996,0.052164360880851746,0.34821030497550964,0.9359609484672546
56.60034980000637,-0.46401265263557434,0.8145408630371094,0.04240801930427551,0.002218760084360838,0.05219094455242157,0.34814879298210144,0.9359827637672424
56.604439400005504,-0.4640989601612091,0.8144447207450867,0.04230869188904762,0.0020656732376664877,0.0525863915681839,0.34801745414733887,0.9360098242759705
56.60961150001094,-0.46416887640953064,0.814370334148407,0.042245134711265564,0.0020594403613358736,0.05256201699376106,0.34810784459114075,0.935977578163147
56.61520970000129,-0.46433112025260925,0.8142299056053162,0.042099375277757645,0.002322310348972678,0.05250110849738121,0.3480849266052246,0.9359888434410095
56.61951640000916,-0.4644063115119934,0.81414395570755,0.04202643036842346,0.0027614051941782236,0.05250478535890579,0.34771615266799927,0.9361245036125183
56.62455570000748,-0.46449244022369385,0.8140803575515747,0.04195823892951012,0.0027391661424189806,0.05253337696194649,0.3476656377315521,0.9361417293548584
56.628135000006296,-0.4645901620388031,0.8140069246292114,0.041881293058395386,0.0033385546412318945,0.052176132798194885,0.3476184010505676,0.9361773729324341
56.63303180001094,-0.4647195637226105,0.8139280676841736,0.04177999123930931,0.003324853489175439,0.05173078179359436,0.3477439880371094,0.9361554384231567
56.63711310000508,-0.46483075618743896,0.8138719201087952,0.041702594608068466,0.0029962430708110332,0.05129189044237137,0.34806689620018005,0.9360606670379639
56.64103060000343,-0.4649454653263092,0.8138022422790527,0.04163717105984688,0.002818231238052249,0.05094471946358681,0.3484872281551361,0.9359238743782043
56.64462250001088,-0.46508291363716125,0.8137195706367493,0.04158797860145569,0.002724328078329563,0.05053131282329559,0.3491389751434326,0.9357035756111145
56.64835750000202,-0.465199738740921,0.8136519193649292,0.04152916744351387,0.002670737449079752,0.05028316006064415,0.34913158416748047,0.935719907283783
56.65282930000103,-0.46532946825027466,0.813575804233551,0.0414901003241539,0.0029535002540796995,0.04974069818854332,0.3487341105937958,0.9358962178230286
56.65703870001016,-0.46545910835266113,0.8135107159614563,0.04140844568610191,0.002685807179659605,0.04990885779261589,0.3487512469291687,0.9358816742897034
56.66111660000752,-0.4655842185020447,0.8134438991546631,0.04134485498070717,0.0025261652190238237,0.04985111206769943,0.3486352562904358,0.935928463935852
56.66506540001137,-0.465729683637619,0.813368022441864,0.041283249855041504,0.0028328325133770704,0.04984012246131897,0.34838351607322693,0.9360218048095703
56.669439000004786,-0.46590903401374817,0.8133154511451721,0.041218265891075134,0.0017153045628219843,0.04970264807343483,0.34905973076820374,0.935779869556427
56.6740667999984,-0.46604952216148376,0.8132259845733643,0.0411432608962059,0.002407756634056568,0.049268417060375214,0.3491576611995697,0.9357647895812988
56.681839700002456,-0.46635472774505615,0.8130605220794678,0.04101903736591339,0.002197643043473363,0.048207756131887436,0.35005682706832886,0.9354845881462097
56.686175700000604,-0.46651163697242737,0.8129982948303223,0.040990687906742096,0.002152272267267108,0.04752122610807419,0.35028815269470215,0.9354332685470581
56.690336900006514,-0.46668505668640137,0.8129451274871826,0.040915146470069885,0.0021883146837353706,0.047227248549461365,0.3500854969024658,0.9355239272117615
56.69466340000508,-0.466860294342041,0.8129099011421204,0.04087202250957489,0.0020721438340842724,0.04673275724053383,0.3506222665309906,0.9353479146957397
56.69931270000234,-0.4670359790325165,0.8128718733787537,0.040816862136125565,0.0020439329091459513,0.0461764894425869,0.3506556451320648,0.9353631734848022
56.70305000001099,-0.4672124683856964,0.8128437995910645,0.0407605916261673,0.0024929651990532875,0.046368278563022614,0.34987881779670715,0.9356434941291809
56.70841010000731,-0.46740126609802246,0.8127844333648682,0.040687207132577896,0.002258984139189124,0.046920932829380035,0.3493829071521759,0.9358017444610596
56.712076399999205,-0.4676044285297394,0.812745988368988,0.04064958915114403,0.002501128474250436,0.047157835215330124,0.3496476411819458,0.9356903433799744
56.716743900004076,-0.4677841365337372,0.8127193450927734,0.040601763874292374,0.002414689166471362,0.046868182718753815,0.3498493731021881,0.9356297254562378
56.72437780001201,-0.4681869149208069,0.8126723170280457,0.04044702649116516,0.0024023328442126513,0.04626822844147682,0.34940093755722046,0.9358271956443787
56.72904320000089,-0.4683986008167267,0.8126354217529297,0.04035962373018265,0.001272991532459855,0.04502159357070923,0.3502310514450073,0.9355798959732056
56.73279049999837,-0.46861955523490906,0.8126090168952942,0.040266286581754684,0.001029454288072884,0.04438814893364906,0.35037821531295776,0.9355552792549133
56.73801130001084,-0.46884140372276306,0.8125705718994141,0.04020451381802559,0.0010286353062838316,0.043789342045784,0.35029587149620056,0.9356143474578857
56.74185190000571,-0.4690553843975067,0.8125554323196411,0.040160391479730606,0.0008236396824941039,0.043460555374622345,0.3502199053764343,0.9356583952903748
56.74556720000692,-0.46928125619888306,0.8125209808349609,0.04009941965341568,0.0005759295891039073,0.04341181740164757,0.3503098487854004,0.9356271028518677
56.74962590000359,-0.4695073366165161,0.8125026822090149,0.04004574194550514,0.000779671419877559,0.043512534350156784,0.3499837815761566,0.9357444047927856
56.75312990001112,-0.46977224946022034,0.8124623894691467,0.039987530559301376,0.000837269180919975,0.04326162859797478,0.3502150774002075,0.9356693625450134
56.75698590000684,-0.47007277607917786,0.8124484419822693,0.03993760421872139,0.00030241376953199506,0.0428091399371624,0.3508693277835846,0.9354453682899475
56.761344099999405,-0.47033944725990295,0.8123846650123596,0.03984120860695839,0.0006499545997940004,0.04293599724769592,0.3505544662475586,0.9355573654174805
56.765185199998086,-0.47060903906822205,0.812366783618927,0.03976505622267723,0.0010760902659967542,0.04254251345992088,0.34986114501953125,0.935834527015686
56.7699341000116,-0.47086212038993835,0.8123210668563843,0.039684031158685684,0.0006172427092678845,0.04157637059688568,0.3502281904220581,0.9357410669326782
56.77359580001212,-0.47112083435058594,0.8123131990432739,0.039657920598983765,0.00014571331848856062,0.04107775166630745,0.35046881437301636,0.9356731176376343
56.77806570001121,-0.4713696241378784,0.812282145023346,0.039622433483600616,-0.0004500998475123197,0.0405154749751091,0.35071873664855957,0.93560391664505
56.78224490000866,-0.4716150462627411,0.8122667074203491,0.03958111256361008,-0.00045617984142154455,0.04024162143468857,0.35064634680747986,0.9356428384780884
56.78645930001221,-0.47188758850097656,0.8122445940971375,0.03950752317905426,-0.0005025930586270988,0.04039616882801056,0.3499128222465515,0.9359108209609985
56.79182579999906,-0.472167432308197,0.8122429251670837,0.039434973150491714,1.6283314835163765e-05,0.040436796844005585,0.3488409221172333,0.9363091588020325
56.7953969000082,-0.472167432308197,0.8122429251670837,0.039434973150491714,1.6283314835163765e-05,0.040436796844005585,0.3488409221172333,0.9363091588020325
56.80222080000385,-0.4729923903942108,0.8122205138206482,0.03923001140356064,-0.0005506959860213101,0.04034780338406563,0.34851977229118347,0.9364324808120728
56.80672870000126,-0.47324138879776,0.812207043170929,0.039161570370197296,-0.0005718223983421922,0.03998572379350662,0.34820592403411865,0.9365647435188293
56.81092879999778,-0.4734872877597809,0.812201976776123,0.039083100855350494,-0.001033684122376144,0.039539843797683716,0.3480896055698395,0.9366265535354614
56.81514610000886,-0.4737583100795746,0.8122060298919678,0.03902776911854744,-0.0013404696946963668,0.03912459686398506,0.3479563295841217,0.9366930723190308
56.819513000009465,-0.4740484058856964,0.8122033476829529,0.038952771574258804,-0.0016579063376411796,0.03823692351579666,0.3477556109428406,0.9368038177490234
56.8280717000016,-0.47459492087364197,0.8121834397315979,0.038758061826229095,-0.0015024804743006825,0.038403455168008804,0.3470093011856079,0.9370739459991455
56.8337906000088,-0.47487252950668335,0.8121805787086487,0.038683149963617325,-0.0017610604409128428,0.0386643186211586,0.3467872440814972,0.9371448755264282
56.837793800004874,-0.4751344323158264,0.8121863603591919,0.03861839696764946,-0.002029377268627286,0.038425881415605545,0.3466855585575104,0.9371917843818665
56.842287100007525,-0.47538208961486816,0.8122015595436096,0.03856625780463219,-0.0023331136908382177,0.03799610957503319,0.34659677743911743,0.9372414350509644
56.84656950000499,-0.47564876079559326,0.8122085332870483,0.0385136678814888,-0.0025055918376892805,0.03758092597126961,0.3467184007167816,0.9372127652168274
56.8514725999994,-0.47591710090637207,0.8121868968009949,0.03843493014574051,-0.0026156255044043064,0.036710772663354874,0.3463747799396515,0.9373740553855896
56.856356300006155,-0.47647061944007874,0.8121721744537354,0.038291268050670624,-0.0028444870840758085,0.03650397062301636,0.34633708000183105,0.9373953938484192
56.86061290001089,-0.4767541289329529,0.8121383786201477,0.038200609385967255,-0.002878694562241435,0.03631637990474701,0.3461800217628479,0.9374605417251587
56.864705400003004,-0.47701534628868103,0.8121291995048523,0.03816496208310127,-0.0027426232118159533,0.0360565185546875,0.3459748327732086,0.9375466704368591
56.86983360000886,-0.4772939383983612,0.8121220469474792,0.03810710832476616,-0.002673601731657982,0.036041125655174255,0.3462624251842499,0.9374412894248962
56.873617999997805,-0.4775535762310028,0.8121064901351929,0.03805128484964371,-0.0025974693708121777,0.03571929782629013,0.34604930877685547,0.9375325441360474
56.87772680001217,-0.4778001308441162,0.8121070861816406,0.038007576018571854,-0.002160860225558281,0.03526879474520683,0.3456011712551117,0.9377160668373108
56.88229200000933,-0.4780547320842743,0.812117874622345,0.03794623911380768,-0.0029652738012373447,0.03528584912419319,0.3453036844730377,0.9378227591514587
56.89032750000479,-0.4785723388195038,0.8121218085289001,0.037836235016584396,-0.0032774661667644978,0.035189904272556305,0.34530001878738403,0.9378266334533691
56.894352300005266,-0.4787960350513458,0.8121298551559448,0.03777475655078888,-0.003374671097844839,0.035376522690057755,0.3449447453022003,0.937950074672699
56.898599300009664,-0.47904616594314575,0.8121240735054016,0.03768453001976013,-0.002993963658809662,0.03519586846232414,0.34430575370788574,0.9381929039955139
56.902951800002484,-0.4792858064174652,0.8121491074562073,0.03763902559876442,-0.0023784348741173744,0.035145752131938934,0.34353095293045044,0.9384804964065552
56.906892300001346,-0.47953978180885315,0.8121862411499023,0.03758631646633148,-0.0022808359935879707,0.03469818830490112,0.3433288037776947,0.9385713338851929
56.911277999999584,-0.47976669669151306,0.8122220039367676,0.03755250573158264,-0.002341561485081911,0.034806620329618454,0.3435618579387665,0.9384819865226746
56.916213900010916,-0.4799904227256775,0.8122367262840271,0.03748464584350586,-0.003124427516013384,0.03424011915922165,0.344185471534729,0.9382719397544861
56.919882100002724,-0.4802115559577942,0.8122830986976624,0.03743575140833855,-0.003430731361731887,0.03395628184080124,0.3437440097332001,0.9384430050849915
56.92402000000584,-0.4804215729236603,0.8122918009757996,0.03733666241168976,-0.0037152983713895082,0.034101180732250214,0.3435685932636261,0.9385008811950684
56.92755570000736,-0.48061081767082214,0.812325119972229,0.03730149194598198,-0.0037975155282765627,0.03369676321744919,0.3441152572631836,0.9383148550987244
56.93190540000796,-0.4808160662651062,0.8123566508293152,0.03722862899303436,-0.004201085306704044,0.03346683084964752,0.34411725401878357,0.9383206367492676
56.93629300000612,-0.4810372292995453,0.8123754262924194,0.03716341778635979,-0.004169255029410124,0.03327587991952896,0.34389084577560425,0.9384105801582336
56.94008890000987,-0.48123425245285034,0.8124241232872009,0.03711729496717453,-0.0037343748845160007,0.03329944610595703,0.3430914282798767,0.9387041926383972
56.94463850000466,-0.48145753145217896,0.8124415278434753,0.03702952340245247,-0.003970914985984564,0.033465173095464706,0.34279218316078186,0.9388065934181213
56.9484788000118,-0.4816441237926483,0.8124961853027344,0.03699614107608795,-0.004316308069974184,0.03343707323074341,0.3426094055175781,0.9388728141784668
56.9526734000101,-0.48186177015304565,0.8125455975532532,0.036955978721380234,-0.0044440776109695435,0.033521778881549835,0.34278807044029236,0.9388039708137512
56.956712100000004,-0.4820549786090851,0.8125901818275452,0.03692648932337761,-0.005132164806127548,0.03324348106980324,0.3431049585342407,0.9386946558952332
56.96091670000169,-0.48224517703056335,0.8126487135887146,0.036892298609018326,-0.0055318973027169704,0.032769717276096344,0.34376439452171326,0.9384676814079285
56.9651973,-0.4824352264404297,0.8126957416534424,0.03684699162840843,-0.006121189799159765,0.03277232125401497,0.3434098958969116,0.9385936856269836
56.969252100010635,-0.48262226581573486,0.812723696231842,0.03681684285402298,-0.006260583642870188,0.03250434994697571,0.34373000264167786,0.9384849071502686
56.97329650000029,-0.48281043767929077,0.8127501606941223,0.03674152493476868,-0.005862271413207054,0.03185088559985161,0.34422948956489563,0.9383268356323242
56.97779450000962,-0.48298224806785583,0.812774121761322,0.03670647740364075,-0.0059015750885009766,0.03169628605246544,0.3439728319644928,0.9384260177612305
56.98180049999792,-0.4831599295139313,0.8127864003181458,0.03665062040090561,-0.006008705589920282,0.03160583972930908,0.3437218964099884,0.9385203123092651
56.985868100004154,-0.4833039939403534,0.8127954006195068,0.0366196371614933,-0.005829319357872009,0.03167370706796646,0.34320008754730225,0.93871009349823
56.98996960000659,-0.48344630002975464,0.8128122687339783,0.03659709170460701,-0.005646842066198587,0.03168991580605507,0.34301140904426575,0.9387795329093933
56.99433850000787,-0.48358702659606934,0.8128179311752319,0.03655464947223663,-0.005617502611130476,0.03156157582998276,0.34300369024276733,0.9387868642807007
56.99852920000558,-0.4837179481983185,0.8128238916397095,0.036537788808345795,-0.005562386009842157,0.031536445021629333,0.3428294062614441,0.9388517141342163
57.00261280000268,-0.4838487505912781,0.8128376603126526,0.036511458456516266,-0.005607158876955509,0.031519271433353424,0.34273114800453186,0.9388878345489502
57.00684909999836,-0.48398011922836304,0.8128535747528076,0.03648816794157028,-0.005449683405458927,0.03176219016313553,0.34215688705444336,0.9390900731086731
57.01101820000622,-0.48412764072418213,0.8128658533096313,0.036459241062402725,-0.005546910222619772,0.031492672860622406,0.3420107662677765,0.9391517639160156
57.01515590000781,-0.48428693413734436,0.8128876686096191,0.03643317520618439,-0.005289146676659584,0.03169696778059006,0.3417980968952179,0.9392238259315491
57.019375100004254,-0.48443007469177246,0.8129129409790039,0.036400534212589264,-0.005504084285348654,0.03169189766049385,0.34198591113090515,0.9391543865203857
57.02358020000975,-0.4845489263534546,0.8129287958145142,0.036368630826473236,-0.005601050797849894,0.031715452671051025,0.34186747670173645,0.9391961693763733
57.02798630000325,-0.4846739172935486,0.8129425048828125,0.03632546216249466,-0.005776491481810808,0.03184676542878151,0.3420409858226776,0.939127504825592
57.03216090000933,-0.48479753732681274,0.8129576444625854,0.03628439083695412,-0.005965017713606358,0.03183778002858162,0.34198397397994995,0.9391473531723022
57.03603380000277,-0.4849103093147278,0.8129635453224182,0.03625127673149109,-0.0060258833691477776,0.03173127397894859,0.3420957028865814,0.9391098618507385
57.040299900007085,-0.4850594103336334,0.8129791617393494,0.03618762269616127,-0.006167070008814335,0.031802400946617126,0.342673122882843,0.9388960599899292
57.0442910999991,-0.48517733812332153,0.8129906058311462,0.036186426877975464,-0.006432820577174425,0.03130681440234184,0.34329959750175476,0.9386820197105408
57.048675800004276,-0.4852898120880127,0.812981903553009,0.03612888231873512,-0.006487120874226093,0.03179987519979477,0.3429325520992279,0.938799262046814
57.05283380000037,-0.4853917062282562,0.8129934668540955,0.03610594943165779,-0.006309702061116695,0.03182591125369072,0.34303969144821167,0.9387603998184204
57.05711140000494,-0.485485315322876,0.8129995465278625,0.036085039377212524,-0.006357713136821985,0.03182698413729668,0.3431479334831238,0.9387204647064209
57.06121990000247,-0.48557764291763306,0.8130037188529968,0.03606250137090683,-0.00634954497218132,0.03191956877708435,0.34309813380241394,0.9387356042861938
57.065139099999215,-0.4856664836406708,0.8130065202713013,0.03603588789701462,-0.0064096529968082905,0.031892430037260056,0.34314703941345215,0.9387182593345642
57.06951339999796,-0.48576852679252625,0.8130196332931519,0.036014605313539505,-0.006703791208565235,0.031857457011938095,0.3428635597229004,0.938821017742157
57.073561600001995,-0.4858517646789551,0.8130273222923279,0.03599020466208458,-0.006752574350684881,0.03185756877064705,0.34272629022598267,0.9388707280158997
57.07767700000841,-0.48593586683273315,0.813022792339325,0.03598474711179733,-0.006431335583329201,0.03198070824146271,0.3424341082572937,0.9389753937721252
57.08233670001209,-0.48600900173187256,0.8130342960357666,0.03595951944589615,-0.006575405597686768,0.031931035220623016,0.3425047993659973,0.9389503598213196
57.08584990000236,-0.48600900173187256,0.8130342960357666,0.03595951944589615,-0.006575405597686768,0.031931035220623016,0.3425047993659973,0.9389503598213196
57.09041830000933,-0.4860822260379791,0.8130368590354919,0.035935331135988235,-0.006541814189404249,0.031947843730449677,0.3422625958919525,0.9390383362770081
57.094489299997804,-0.48624661564826965,0.8130366802215576,0.035868436098098755,-0.006469094660133123,0.03166476637125015,0.3418843746185303,0.939186155796051
57.09851979999803,-0.48631274700164795,0.8130366802215576,0.03584681451320648,-0.006386487279087305,0.031650085002183914,0.34183642268180847,0.9392046928405762
57.10200210000039,-0.48631274700164795,0.8130366802215576,0.03584681451320648,-0.006386487279087305,0.031650085002183914,0.34183642268180847,0.9392046928405762
57.10657390000415,-0.48644354939460754,0.8130368590354919,0.03579329326748848,-0.006733366288244724,0.03138074278831482,0.3418888747692108,0.9391921758651733
57.11135459999787,-0.4865139126777649,0.8130262494087219,0.03575707599520683,-0.006824633106589317,0.03152250126004219,0.3418824076652527,0.9391891360282898
57.11524170001212,-0.4865676462650299,0.8130074143409729,0.0357346385717392,-0.006798297166824341,0.03156308829784393,0.34184154868125916,0.9392027854919434
57.11929610000516,-0.4866335690021515,0.8129791021347046,0.03571101278066635,-0.006947139278054237,0.03151848539710045,0.3420114815235138,0.9391413927078247
57.12347430000955,-0.4866969585418701,0.8129571676254272,0.03567402809858322,-0.007505550514906645,0.031238170340657234,0.34244799613952637,0.9389873743057251
57.1274556999997,-0.48674681782722473,0.8129371404647827,0.03564676269888878,-0.007458914071321487,0.031219443306326866,0.34231042861938477,0.9390384554862976
57.13177380000707,-0.486806720495224,0.8129101991653442,0.03561641275882721,-0.007298054173588753,0.031141391023993492,0.3421532213687897,0.9390997290611267
57.135870400001295,-0.4868708848953247,0.8128706812858582,0.03558353707194328,-0.007170802913606167,0.030937770381569862,0.3421816825866699,0.939096987247467
57.14006890000019,-0.4869309365749359,0.8128366470336914,0.03557227924466133,-0.007179800886660814,0.03102445788681507,0.3419368267059326,0.939183235168457
57.144312200005515,-0.48700112104415894,0.8127897381782532,0.03553271293640137,-0.0072065857239067554,0.03150475025177002,0.3419284224510193,0.9391701817512512
57.148418500000844,-0.48706263303756714,0.8127611875534058,0.03551927208900452,-0.007264790590852499,0.03158290311694145,0.3423197567462921,0.9390244483947754
57.15273280000838,-0.48711299896240234,0.8127289414405823,0.03550320491194725,-0.007177200634032488,0.031596459448337555,0.34231141209602356,0.939027726650238
57.1567844000092,-0.48716285824775696,0.8126928806304932,0.035491764545440674,-0.007187174633145332,0.03163016587495804,0.3425293266773224,0.9389470219612122
57.165211100000306,-0.48726120591163635,0.8126237392425537,0.03547701984643936,-0.007346112746745348,0.03151870518922806,0.34307384490966797,0.9387507438659668
57.16947760000767,-0.4873245358467102,0.8125905394554138,0.0354466587305069,-0.007324306294322014,0.03162727132439613,0.3437199890613556,0.9385108351707458
57.17348060000222,-0.48737236857414246,0.8125640749931335,0.03546235337853432,-0.007342143915593624,0.03126945719122887,0.3443846106529236,0.9382790923118591
57.17757690000872,-0.4874148964881897,0.8124997615814209,0.035413894802331924,-0.007399580907076597,0.031832464039325714,0.343817800283432,0.9384675025939941
57.18177170000854,-0.48744553327560425,0.8124505281448364,0.03539375588297844,-0.007465733215212822,0.03194713592529297,0.34340766072273254,0.93861323595047
57.18601960000524,-0.4874890148639679,0.812415361404419,0.03538304567337036,-0.007511630654335022,0.03193676844239235,0.3437615633010864,0.9384836554527283
57.19031190000533,-0.4875301420688629,0.8123672008514404,0.03537523373961449,-0.007266913075000048,0.031792644411325455,0.3437197804450989,0.9385058283805847
57.1943675000075,-0.48756036162376404,0.8123260736465454,0.03535920009016991,-0.007135914172977209,0.031923808157444,0.34356409311294556,0.938559353351593
57.19856889999937,-0.48759356141090393,0.8122900128364563,0.03534899652004242,-0.0070664589293301105,0.03197364881634712,0.3435140550136566,0.9385764598846436
57.20267850000528,-0.4876226782798767,0.8122524619102478,0.03534112870693207,-0.006882077548652887,0.032129742205142975,0.3431601822376251,0.9387019872665405
57.21087249999982,-0.48767775297164917,0.8121914267539978,0.0353192575275898,-0.006701549515128136,0.03225328028202057,0.34291958808898926,0.9387869834899902
57.21520320000127,-0.48770809173583984,0.8121575713157654,0.03530633822083473,-0.006778737995773554,0.032247141003608704,0.34283074736595154,0.9388191103935242
57.219353600012255,-0.4877315163612366,0.8121103048324585,0.03530813381075859,-0.006662445608526468,0.032231904566287994,0.34247368574142456,0.938950777053833
57.223534800010384,-0.48775872588157654,0.8120664954185486,0.03531623259186745,-0.006530786398798227,0.03223923221230507,0.3419567048549652,0.9391399025917053
57.22764000001189,-0.4877832233905792,0.8120284080505371,0.03530191257596016,-0.006599586922675371,0.032163914293050766,0.34206199645996094,0.9391036033630371
57.23178280000866,-0.4878125786781311,0.8119704127311707,0.03527700528502464,-0.006170565728098154,0.03204755857586861,0.3419235944747925,0.939160943031311
57.236082300005364,-0.4878380298614502,0.8119295239448547,0.035263948142528534,-0.006093344651162624,0.03212447464466095,0.3419532775878906,0.9391480088233948
57.24010480000288,-0.48786255717277527,0.8118858933448792,0.0352562740445137,-0.0060511562041938305,0.03211544454097748,0.34199434518814087,0.9391335844993591
57.2488127000106,-0.48792606592178345,0.8117765188217163,0.03520882874727249,-0.005951045546680689,0.03209017962217331,0.3422609269618988,0.9390379190444946
57.25277869999991,-0.48794126510620117,0.8117290139198303,0.035198476165533066,-0.00589408865198493,0.032043036073446274,0.3424472212791443,0.938971996307373
57.26081590000831,-0.48797178268432617,0.8116350769996643,0.035173449665308,-0.005802644416689873,0.032089099287986755,0.34251710772514343,0.9389455318450928
57.265083400008734,-0.4879855513572693,0.811590850353241,0.035156264901161194,-0.005741141736507416,0.03208569809794426,0.34275785088539124,0.9388580918312073
57.26953940000385,-0.4879983067512512,0.8115375638008118,0.03514591604471207,-0.005698122084140778,0.0321182943880558,0.3428318500518799,0.9388302564620972
57.27336099999957,-0.4880078434944153,0.8114906549453735,0.03513858839869499,-0.005809774622321129,0.032004136592149734,0.34322625398635864,0.9386894106864929
57.277669400005834,-0.48802003264427185,0.8114408254623413,0.03512939065694809,-0.005713536869734526,0.03212982043623924,0.3432210087776184,0.9386876225471497
57.28172340001038,-0.4880203902721405,0.8113988637924194,0.03512199968099594,-0.0058622779324650764,0.03213373199105263,0.34336063265800476,0.938635528087616
57.285988900010125,-0.48802369832992554,0.8113602995872498,0.03511983901262283,-0.005792079493403435,0.03221690282225609,0.3436283469200134,0.9385350942611694
57.2901877000113,-0.48803263902664185,0.8113206028938293,0.035103991627693176,-0.005568475928157568,0.032330721616744995,0.3433721661567688,0.9386263489723206
57.294287800003076,-0.488020658493042,0.8112785220146179,0.03510966897010803,-0.00525443721562624,0.032483454793691635,0.3432576656341553,0.9386646747589111
57.29860150000604,-0.48799675703048706,0.8112161755561829,0.0351237952709198,-0.0045117042027413845,0.032552074640989304,0.3432418406009674,0.9386719465255737
57.302792600006796,-0.4879947602748871,0.8111576437950134,0.03510347753763199,-0.0043073976412415504,0.03262951597571373,0.34321266412734985,0.93868088722229
57.31082930001139,-0.4879607558250427,0.8110871911048889,0.03511712700128555,-0.004178234376013279,0.032765358686447144,0.3431706726551056,0.9386920928955078
57.31510300000082,-0.48794272541999817,0.8110539317131042,0.035127006471157074,-0.004171986132860184,0.032901566475629807,0.3432055115699768,0.9386746883392334
57.319359000000986,-0.4879164695739746,0.8109987378120422,0.03512398898601532,-0.003534306539222598,0.03309372439980507,0.34311142563819885,0.9387049078941345
57.32341989999986,-0.48788750171661377,0.8109832406044006,0.03513350710272789,-0.003300302429124713,0.03324409946799278,0.34289097785949707,0.9387809634208679
57.32745209999848,-0.48787206411361694,0.8109321594238281,0.03512656316161156,-0.003356951056048274,0.033302053809165955,0.343117356300354,0.938696026802063
57.3318486000062,-0.4878459572792053,0.8109148144721985,0.035137731581926346,-0.0031652289908379316,0.03333599492907524,0.34295472502708435,0.9387549161911011
57.3358736000082,-0.48782700300216675,0.8108826875686646,0.035128653049468994,-0.0031651940662413836,0.03345530852675438,0.3430483341217041,0.938716471195221
57.34030100000382,-0.48780909180641174,0.8108508586883545,0.03513327240943909,-0.0029778205789625645,0.033566296100616455,0.3429155647754669,0.9387616515159607
57.34440960000211,-0.48778235912323,0.8108084201812744,0.03514067828655243,-0.003210949944332242,0.033591870218515396,0.343425989151001,0.9385733008384705
57.34862590000557,-0.4877593517303467,0.8107740879058838,0.035148072987794876,-0.0032773653510957956,0.03354920446872711,0.34369537234306335,0.9384760856628418
57.352734000000055,-0.4877360463142395,0.8107348084449768,0.03515840694308281,-0.0031309397891163826,0.03360047936439514,0.343872606754303,0.9384097456932068
57.361525600004825,-0.48769694566726685,0.8106643557548523,0.03517293930053711,-0.003043889766559005,0.03372948616743088,0.344206303358078,0.9382830262184143
57.36516919999849,-0.4876718521118164,0.8106242418289185,0.03518481180071831,-0.0030738466884940863,0.03379115089774132,0.3443956673145294,0.9382112622261047
57.36871740000788,-0.4876718521118164,0.8106242418289185,0.03518481180071831,-0.0030738466884940863,0.03379115089774132,0.3443956673145294,0.9382112622261047
57.373267400005716,-0.48763248324394226,0.8105385899543762,0.0352056659758091,-0.0030565315391868353,0.033998675644397736,0.3445886969566345,0.9381330013275146
57.3778861000028,-0.48759305477142334,0.8105102181434631,0.035207539796829224,-0.002796270651742816,0.03393123298883438,0.3446117043495178,0.9381277561187744
57.38187389999803,-0.4875718057155609,0.8104594349861145,0.03522251546382904,-0.002822336507961154,0.034156590700149536,0.34467586874961853,0.9380959868431091
57.38586940000823,-0.4875304102897644,0.8104104399681091,0.03522985056042671,-0.003265088889747858,0.03392216935753822,0.3452911972999573,0.9378766417503357
57.39044110001123,-0.48750439286231995,0.8103777766227722,0.035245489329099655,-0.0031434036791324615,0.03399886190891266,0.3452603220939636,0.9378857016563416
57.39470370000345,-0.48746898770332336,0.8103502988815308,0.035266924649477005,-0.003195331199094653,0.03402179107069969,0.345350980758667,0.9378513097763062
57.39833989999897,-0.4874386191368103,0.810316264629364,0.03528653457760811,-0.003145727328956127,0.03417125716805458,0.34540891647338867,0.9378246665000916
57.4018175000092,-0.4874386191368103,0.810316264629364,0.03528653457760811,-0.003145727328956127,0.03417125716805458,0.34540891647338867,0.9378246665000916
57.40635390000534,-0.4873630404472351,0.8102639317512512,0.03534264117479324,-0.002879149978980422,0.0343937985599041,0.3450717329978943,0.9379414916038513
57.4106208000012,-0.4873204231262207,0.8102354407310486,0.035370055586099625,-0.0027601339388638735,0.034549541771411896,0.34503600001335144,0.9379493594169617
57.41512080001121,-0.487257182598114,0.8102167844772339,0.035412635654211044,-0.002707971725612879,0.03506192937493324,0.3450402021408081,0.9379289746284485
57.41925070001162,-0.48720666766166687,0.8101892471313477,0.03543681651353836,-0.0027193152345716953,0.035150445997714996,0.3451574742794037,0.9378824234008789
57.42363920000207,-0.4871567189693451,0.8101680874824524,0.03546682000160217,-0.0025711834896355867,0.03541814908385277,0.3449506163597107,0.9379488229751587
57.427524200000335,-0.4871108829975128,0.810143232345581,0.03550008311867714,-0.0024993608240038157,0.035554610192775726,0.34490418434143066,0.9379609823226929
57.432178400005796,-0.4870612919330597,0.8101193308830261,0.03553135320544243,-0.002460729330778122,0.03570570424199104,0.34481024742126465,0.9379898309707642
57.43622220000543,-0.48701176047325134,0.8100994825363159,0.03556269779801369,-0.0023230535443872213,0.035920966416597366,0.34473735094070435,0.9380087852478027
57.43999780000013,-0.4869667887687683,0.8100804686546326,0.03559356927871704,-0.0022415549028664827,0.03609806299209595,0.34475958347320557,0.9379940032958984
57.44431230000919,-0.4869142770767212,0.8100610375404358,0.03563055023550987,-0.002013786230236292,0.036362163722515106,0.34472981095314026,0.9379952549934387
57.448299100011354,-0.4868711531162262,0.8100425004959106,0.035662587732076645,-0.001963317859917879,0.03645947203040123,0.3447527289390564,0.9379832148551941
57.45276390000072,-0.48682016134262085,0.810017466545105,0.035660695284605026,-0.0019126621773466468,0.03688284754753113,0.34423741698265076,0.938156008720398
57.457210100008524,-0.48676401376724243,0.8100054860115051,0.03570201247930527,-0.001478165970183909,0.0369250550866127,0.3440602123737335,0.9382200837135315
57.46086770000693,-0.4867071807384491,0.8099831342697144,0.03573169931769371,-0.0018816491356119514,0.036777764558792114,0.34462735056877136,0.938016951084137
57.46516980000888,-0.48665186762809753,0.8099722862243652,0.0357547290623188,-0.0017294385470449924,0.03684484213590622,0.3442680835723877,0.9381465315818787
57.46923600000446,-0.4866023063659668,0.8099666237831116,0.03577957674860954,-0.0017752376152202487,0.03682398423552513,0.3442811667919159,0.9381425380706787
57.47348640000564,-0.4865451455116272,0.8099592924118042,0.03581259772181511,-0.0016477432800456882,0.03676973655819893,0.3437890112400055,0.9383253455162048
57.477439800000866,-0.4864872992038727,0.8099654912948608,0.035847075283527374,-0.001626974088139832,0.037019893527030945,0.34368348121643066,0.9383541941642761
57.481858800005284,-0.4864332377910614,0.8099510073661804,0.03587810695171356,-0.0013567028800025582,0.03710361570119858,0.3436155319213867,0.938376247882843
57.48683660000097,-0.48638391494750977,0.8099426627159119,0.0359109491109848,-0.0013303369050845504,0.03713031858205795,0.3435259163379669,0.9384079575538635
57.490451800011215,-0.4863242208957672,0.8099422454833984,0.03596080467104912,-0.0014602403389289975,0.03717244043946266,0.3437005877494812,0.9383421540260315
57.49445720000949,-0.48626476526260376,0.8099638223648071,0.03602650389075279,-0.0010749601060524583,0.03711472824215889,0.34353387355804443,0.9384059906005859
57.498695700007374,-0.48620498180389404,0.8099514245986938,0.03606058657169342,-0.0011055696522817016,0.037206582725048065,0.3433093726634979,0.9384844899177551
57.502699200005736,-0.4861559271812439,0.8099454045295715,0.036094848066568375,-0.0009964846540242434,0.037345822900533676,0.34315773844718933,0.9385346174240112
57.506902500012075,-0.4860997498035431,0.8099446892738342,0.036126792430877686,-0.0009975653374567628,0.03738348186016083,0.34325775504112244,0.938496470451355
57.51110990000598,-0.48604249954223633,0.8099352717399597,0.03615972399711609,-0.0010111989686265588,0.037511736154556274,0.3431692123413086,0.9385237693786621
57.515286599998944,-0.4859848916530609,0.809944748878479,0.036206237971782684,-0.001346594886854291,0.037811528891325,0.3432020843029022,0.9384992122650146
57.5193733000051,-0.4859318435192108,0.809929370880127,0.0362306609749794,-0.0013246341841295362,0.037935081869363785,0.3432099223136902,0.9384914040565491
57.523248099998455,-0.4859318435192108,0.809929370880127,0.0362306609749794,-0.0013246341841295362,0.037935081869363785,0.3432099223136902,0.9384914040565491
57.526633300003596,-0.4859318435192108,0.809929370880127,0.0362306609749794,-0.0013246341841295362,0.037935081869363785,0.3432099223136902,0.9384914040565491
57.52988030000415,-0.4859318435192108,0.809929370880127,0.0362306609749794,-0.0013246341841295362,0.037935081869363785,0.3432099223136902,0.9384914040565491
57.53528070000175,-0.48573538661003113,0.8098665475845337,0.03636043891310692,-0.0013030171394348145,0.03862765058875084,0.3431622385978699,0.9384806156158447
57.53958599999896,-0.4856952428817749,0.8098458647727966,0.036391302943229675,-0.0011413625907152891,0.03881888464093208,0.3431834578514099,0.9384651780128479
57.54376420000335,-0.485655277967453,0.8098266124725342,0.036422111093997955,-0.0010501333745196462,0.03891732171177864,0.3429889380931854,0.9385323524475098
57.54849000000104,-0.48560598492622375,0.8097990155220032,0.036452170461416245,-0.0011440807720646262,0.038893457502126694,0.34338003396987915,0.9383901953697205
57.55257620000339,-0.48557141423225403,0.8097717761993408,0.03648284822702408,-0.0011000892845913768,0.03893476352095604,0.3433828353881836,0.9383875131607056
57.556763200002024,-0.48553648591041565,0.8097504377365112,0.0365217961370945,-0.001124565489590168,0.03897721320390701,0.3436005711555481,0.9383060336112976
57.561200199997984,-0.4855005145072937,0.8097211122512817,0.03656919673085213,-0.0008301246562041342,0.03918695077300072,0.3436703085899353,0.9382720589637756
57.566461300011724,-0.4854534864425659,0.8096975684165955,0.03660222515463829,-0.0006428983178921044,0.03947974741458893,0.3436453640460968,0.9382690191268921
57.570106099999975,-0.4854203164577484,0.8096805214881897,0.03662792593240738,-0.0005886618164367974,0.03959792107343674,0.3436749577522278,0.9382532238960266
57.57752010000695,-0.4853599965572357,0.8096354007720947,0.036716610193252563,-0.0004320567531976849,0.03978368267416954,0.34355077147483826,0.9382909536361694
57.58319860001211,-0.4853282868862152,0.809624433517456,0.03675277903676033,-0.00045299032353796065,0.03991427645087242,0.34362655878067017,0.93825763463974
57.58680869999807,-0.4853003919124603,0.8096088767051697,0.03678637370467186,-0.0002810979203786701,0.040027737617492676,0.3437412977218628,0.9382108449935913
57.591109300003154,-0.485267698764801,0.809590756893158,0.03682078793644905,0.0001039603739627637,0.04035445675253868,0.3435513973236084,0.9382664561271667
57.595029600008274,-0.4852445423603058,0.8095760345458984,0.036851916462183,0.00031337066320702434,0.04050615429878235,0.34366047382354736,0.9382199645042419
57.598755099999835,-0.4852101802825928,0.8095588684082031,0.036876700818538666,0.00044309679651632905,0.04058913514018059,0.3438701927661896,0.9381394982337952
57.60266709999996,-0.48519080877304077,0.809535026550293,0.03690019249916077,0.0005413725157268345,0.04058552533388138,0.3440350890159607,0.9380791783332825
57.611040200004936,-0.48514166474342346,0.8095077872276306,0.0369412936270237,0.0005633130203932524,0.040841057896614075,0.3443906307220459,0.9379376173019409
57.61505860000034,-0.48511677980422974,0.8094987273216248,0.03695564344525337,0.0005336380563676357,0.04083513841032982,0.3448038101196289,0.9377859830856323
57.61932710000838,-0.48510247468948364,0.8095019459724426,0.03696870431303978,0.0004880926280748099,0.04108422249555588,0.3448287546634674,0.9377659559249878
57.623693600005936,-0.48507657647132874,0.8094878196716309,0.03698299452662468,0.0004459707415662706,0.04115141183137894,0.3450320065021515,0.9376882910728455
57.62767850000819,-0.485050231218338,0.8094738721847534,0.036994900554418564,0.0001561134122312069,0.04102921113371849,0.3456049859523773,0.9374826550483704
57.63342779999948,-0.48502856492996216,0.8094677925109863,0.036997754126787186,0.00013733906962443143,0.041016869246959686,0.3459095060825348,0.9373708963394165
57.63771710000583,-0.4850030541419983,0.8094778060913086,0.0370011106133461,0.00020778404723387212,0.0410756878554821,0.34574419260025024,0.9374293684959412
57.64177320001181,-0.48496657609939575,0.809482991695404,0.03702004253864288,0.00028559190104715526,0.04081469401717186,0.34578418731689453,0.9374259114265442
57.645304600009695,-0.48493754863739014,0.8094948530197144,0.037019308656454086,0.00032798052416183054,0.04084346815943718,0.34579941630363464,0.937419056892395
57.64874150000105,-0.48490527272224426,0.8095089197158813,0.03701486065983772,0.00021424445731099695,0.04069928824901581,0.3459509611129761,0.9373694062232971
57.65287499999977,-0.4848576486110687,0.8095253109931946,0.03703257814049721,-8.72732653078856e-06,0.040761880576610565,0.34623026847839355,0.9372636675834656
57.6572809000063,-0.484829306602478,0.809541642665863,0.03703272342681885,3.535262658260763e-05,0.04076137766242027,0.3461693227291107,0.9372861385345459
57.66128230000322,-0.4848005771636963,0.8095607161521912,0.0370345413684845,3.751645999727771e-05,0.04071797430515289,0.34632164239883423,0.9372317790985107
57.66639490000671,-0.4847705662250519,0.8095786571502686,0.0370318628847599,2.5844947231234983e-05,0.04075236991047859,0.34635937213897705,0.9372164011001587
57.67099140000937,-0.4847416281700134,0.8095978498458862,0.03703184053301811,4.803283809451386e-05,0.04078918322920799,0.346344918012619,0.9372200965881348
57.675481400001445,-0.48471206426620483,0.8096184730529785,0.03702889755368233,0.00011085467849625275,0.04081194847822189,0.34642520546913147,0.9371894001960754
57.679439600004116,-0.48466622829437256,0.8096458315849304,0.037032585591077805,0.00026537032681517303,0.040848735719919205,0.346377968788147,0.9372053146362305
57.68351810000604,-0.4846174716949463,0.8096765279769897,0.03701323643326759,0.00023100845282897353,0.04088424891233444,0.346074640750885,0.9373157024383545
57.68709010000748,-0.48457905650138855,0.8097137212753296,0.037022914737463,0.00043059379095211625,0.04067080095410347,0.3463286757469177,0.937231183052063
57.69069160000072,-0.4845297038555145,0.8097435235977173,0.03703036531805992,0.000255995721090585,0.0409170538187027,0.34636664390563965,0.937206506729126
57.69438500000979,-0.4844922423362732,0.8097730875015259,0.03702721744775772,0.00038582520210184157,0.04103240370750427,0.34617096185684204,0.9372736811637878
57.69875029999821,-0.4844496250152588,0.8097931742668152,0.037020936608314514,0.00042076469981111586,0.04110988602042198,0.3461369276046753,0.9372828006744385
57.70266629999969,-0.48439881205558777,0.8098196387290955,0.03702229633927345,0.0005871241446584463,0.04137381911277771,0.34595516324043274,0.9373382329940796
57.70703780000622,-0.4843585789203644,0.8098352551460266,0.03701808303594589,0.0005470989271998405,0.041392888873815536,0.346036821603775,0.9373072981834412
57.71105150000949,-0.48432374000549316,0.8098503947257996,0.037017807364463806,0.0006414397503249347,0.041564345359802246,0.3458552956581116,0.9373666048049927
57.715235399999074,-0.4842705726623535,0.8098689913749695,0.03700205683708191,0.0005354657769203186,0.041566990315914154,0.3462592661380768,0.9372173547744751
57.719412999998895,-0.48423337936401367,0.8098753094673157,0.036995090544223785,0.0005730825942009687,0.04170588031411171,0.3461341857910156,0.9372573494911194
57.7236103000032,-0.4841863512992859,0.8098816275596619,0.03700845316052437,0.000798999157268554,0.04167112708091736,0.3459677994251251,0.9373202919960022
57.72972090000985,-0.48415783047676086,0.8098872303962708,0.036992449313402176,0.0008008660515770316,0.04199329391121864,0.3459226191043854,0.9373224973678589
57.73395480000181,-0.4841105341911316,0.8098889589309692,0.03699500858783722,0.0008818832575343549,0.04190772399306297,0.34561994671821594,0.9374379515647888
57.7379929000017,-0.48406267166137695,0.8098918795585632,0.036981161683797836,0.0009710605372674763,0.04206579551100731,0.3454008996486664,0.9375115036964417
57.74184870001045,-0.48402729630470276,0.8098883032798767,0.03696934133768082,0.0010701555293053389,0.042164720594882965,0.3450920581817627,0.9376206398010254
57.745487799998955,-0.48399820923805237,0.809889554977417,0.036965083330869675,0.001080135116353631,0.04223981872200966,0.345108300447464,0.9376113414764404
57.75071230001049,-0.4839642643928528,0.8098939657211304,0.036963287740945816,0.0013232259079813957,0.042318835854530334,0.34484121203422546,0.9377056956291199
57.754690100002335,-0.4839326739311218,0.8098861575126648,0.03695334121584892,0.0014350240817293525,0.04242749884724617,0.3446463942527771,0.9377722144126892
57.758746799998335,-0.4839048385620117,0.8098860383033752,0.03694440424442291,0.0016030234983190894,0.04255325347185135,0.3444194197654724,0.9378495812416077
57.762791000001016,-0.4838745594024658,0.809887707233429,0.036935556679964066,0.0016212469199672341,0.042573120445013046,0.3443421423435211,0.9378770589828491
57.766894300002605,-0.4838451147079468,0.8098808526992798,0.03693180903792381,0.001709318719804287,0.04263833910226822,0.3442944884300232,0.93789142370224
57.77485570000135,-0.4837920069694519,0.8098944425582886,0.03692372143268585,0.001873023109510541,0.04277477040886879,0.34402748942375183,0.9379829168319702
57.783026900011464,-0.4837292730808258,0.8098798990249634,0.03690212592482567,0.0017913683550432324,0.04280812665820122,0.3439556658267975,0.9380079507827759
57.78701670000737,-0.48369723558425903,0.8098764419555664,0.03688953444361687,0.0019194685155525804,0.04287789762020111,0.34379032254219055,0.9380651116371155
57.79071990000375,-0.4836609959602356,0.8098766207695007,0.0368691124022007,0.0020721694454550743,0.04309187829494476,0.34364715218544006,0.938107430934906
57.794416700009606,-0.4836243689060211,0.8098804354667664,0.036844946444034576,0.002347732661291957,0.04319223761558533,0.3434208631515503,0.9381850361824036
57.799345799998264,-0.4835876524448395,0.8098765015602112,0.036835573613643646,0.0023204514291137457,0.04324548691511154,0.34338632225990295,0.9381952285766602
57.80386470000667,-0.483554482460022,0.8098697662353516,0.0368233397603035,0.002375194104388356,0.04333649203181267,0.3433942198753357,0.9381880760192871
57.80812729999889,-0.4834994673728943,0.809845507144928,0.03680603951215744,0.0028441434260457754,0.043561335653066635,0.3429018557071686,0.938356339931488
57.812014100010856,-0.4834620952606201,0.809843897819519,0.0368005745112896,0.002731718122959137,0.04365847632288933,0.343041330575943,0.9383012056350708
57.815501500008395,-0.48342639207839966,0.8098422884941101,0.036797598004341125,0.0028432670515030622,0.04359759762883186,0.3431377708911896,0.9382684826850891
57.819690100004664,-0.4833918511867523,0.8098374009132385,0.036802370101213455,0.0029379427433013916,0.0436297170817852,0.3431154489517212,0.9382748603820801
57.82405629999994,-0.48334911465644836,0.8098465800285339,0.03681933879852295,0.003343801014125347,0.04389253258705139,0.3427143394947052,0.9384077787399292
57.827828800000134,-0.48330575227737427,0.809851884841919,0.03682318329811096,0.0034480972681194544,0.0439702607691288,0.3426615595817566,0.9384230971336365
57.83219420000387,-0.48326265811920166,0.8098499774932861,0.03682826831936836,0.0034696804359555244,0.04393013194203377,0.3427579998970032,0.9383895993232727
57.836039300003904,-0.4832180440425873,0.8098556995391846,0.03682851046323776,0.003605954349040985,0.04418531060218811,0.3425767719745636,0.9384433627128601
57.840421500004595,-0.4831632971763611,0.8098560571670532,0.0368305929005146,0.003506663953885436,0.0442272312939167,0.3426056504249573,0.9384311437606812
57.84455100000196,-0.48311543464660645,0.8098640441894531,0.03682916238903999,0.0033319618087261915,0.044229283928871155,0.3426789939403534,0.93840491771698
57.848552800001926,-0.48306676745414734,0.8098722696304321,0.03682969510555267,0.0034052159171551466,0.04442163184285164,0.3425723910331726,0.9384345412254333
57.85296650000964,-0.48301082849502563,0.8098828792572021,0.036828428506851196,0.003413514466956258,0.04447156563401222,0.3425958454608917,0.9384235143661499
57.85694579999836,-0.4829527735710144,0.8098949790000916,0.03682509437203407,0.003440998261794448,0.044544048607349396,0.342494398355484,0.9384570121765137
57.86117030000605,-0.4828909635543823,0.8099108338356018,0.03682855889201164,0.0030664491932839155,0.044744089245796204,0.3424686789512634,0.938458263874054
57.86518740000611,-0.4828294813632965,0.809932291507721,0.03683657571673393,0.003043670440092683,0.044543251395225525,0.34292688965797424,0.9383004903793335
57.869371500011766,-0.4827754497528076,0.8099351525306702,0.03683086484670639,0.002967823063954711,0.044703565537929535,0.34273761510849,0.9383623003959656
57.87366450000263,-0.48268720507621765,0.8099234700202942,0.03682462498545647,0.0022694491781294346,0.044108469039201736,0.34351006150245667,0.9381099343299866
57.877668000000995,-0.4826287627220154,0.8099315762519836,0.03682517632842064,0.002277730731293559,0.04424735903739929,0.34358707070350647,0.9380751848220825
57.88198400000692,-0.4825698137283325,0.8099352121353149,0.03682321310043335,0.0022086240351200104,0.044333167374134064,0.3436882495880127,0.938034176826477
57.88593230000697,-0.4825049042701721,0.8099400401115417,0.036820221692323685,0.002508794656023383,0.044475968927145004,0.3438210189342499,0.9379779696464539
57.89007930000662,-0.48245149850845337,0.8099589347839355,0.03680556267499924,0.0026376342866569757,0.044719815254211426,0.34441179037094116,0.9377492666244507
57.89437780001026,-0.48238399624824524,0.8099649548530579,0.03679955005645752,0.0026143682189285755,0.04469340294599533,0.3447038233280182,0.93764328956604
57.89840430000913,-0.48231828212738037,0.8099685311317444,0.03679613023996353,0.0027978578582406044,0.04482388123869896,0.34465116262435913,0.9376559853553772
57.90269940000144,-0.48222053050994873,0.8099786043167114,0.03681987151503563,0.0028499439358711243,0.04523555189371109,0.3449496328830719,0.9375261664390564
57.906655800004955,-0.4821363091468811,0.8099991679191589,0.03682243078947067,0.003150434233248234,0.04536154121160507,0.3448810577392578,0.9375444054603577
57.91077760000189,-0.4820535182952881,0.810003399848938,0.03684394806623459,0.003118912922218442,0.04518653824925423,0.34508439898490906,0.9374781847000122
57.914316399997915,-0.4820535182952881,0.810003399848938,0.03684394806623459,0.003118912922218442,0.04518653824925423,0.34508439898490906,0.9374781847000122
57.91771200000949,-0.4820535182952881,0.810003399848938,0.03684394806623459,0.003118912922218442,0.04518653824925423,0.34508439898490906,0.9374781847000122
57.92149550000613,-0.4819565415382385,0.8100342154502869,0.03686092421412468,0.00299354107119143,0.04492826759815216,0.3455699384212494,0.937312126159668
57.92541640000127,-0.4817981421947479,0.8100387454032898,0.03688710555434227,0.003077523084357381,0.044938232749700546,0.3459700047969818,0.937163770198822
57.929497900011484,-0.4816973805427551,0.8100293278694153,0.036890216171741486,0.003242018399760127,0.04492818936705589,0.3453681766986847,0.9373856782913208
57.93405619999976,-0.4816024601459503,0.8100039958953857,0.03688902035355568,0.003902202472090721,0.045316994190216064,0.3449954390525818,0.9375016093254089
57.93790109999827,-0.48151811957359314,0.8099862337112427,0.036887966096401215,0.003844312159344554,0.045227084308862686,0.3453196883201599,0.9373868107795715
57.94214759999886,-0.48143741488456726,0.8099876642227173,0.03689298778772354,0.003838316770270467,0.045231323689222336,0.3453305661678314,0.9373826384544373
57.946301500007394,-0.4813593924045563,0.8099808692932129,0.03689184784889221,0.003864428261294961,0.04522101953625679,0.3453476130962372,0.9373767375946045
57.95461690000957,-0.48120081424713135,0.8099662065505981,0.03689635917544365,0.0038532523903995752,0.04554849863052368,0.34481725096702576,0.9375562071800232
57.958886899999925,-0.4811301827430725,0.8099610209465027,0.03690728545188904,0.004128751344978809,0.04554246738553047,0.3450760543346405,0.9374601244926453
57.966855000006035,-0.48096194863319397,0.8099412322044373,0.03692944347858429,0.004487105179578066,0.045952968299388885,0.34471723437309265,0.9375703930854797
57.97034730001178,-0.4808866083621979,0.8099333047866821,0.03693661093711853,0.004393135197460651,0.04606909304857254,0.344780296087265,0.9375419616699219
57.973970700011705,-0.4808107018470764,0.8099168539047241,0.036937277764081955,0.0043945880606770515,0.04620259255170822,0.344642698764801,0.9375859498977661
57.97821180000028,-0.4807375967502594,0.8099088072776794,0.03693794459104538,0.004374162759631872,0.04632195457816124,0.3446562588214874,0.9375751614570618
57.98194450000301,-0.48063763976097107,0.8099046349525452,0.036946527659893036,0.004538786131888628,0.04659425839781761,0.3441105782985687,0.9377613067626953
57.98645770001167,-0.48056095838546753,0.8098918795585632,0.0369412936270237,0.004544075112789869,0.04689643159508705,0.34402674436569214,0.937777042388916
57.99060520000057,-0.48047950863838196,0.8098808526992798,0.03694364055991173,0.004555234685540199,0.04709334671497345,0.3439668118953705,0.9377890229225159
57.99461560000782,-0.48047950863838196,0.8098808526992798,0.03694364055991173,0.004555234685540199,0.04709334671497345,0.3439668118953705,0.9377890229225159
57.99841730001208,-0.48029518127441406,0.8098699450492859,0.03696799278259277,0.00448333565145731,0.04771733283996582,0.34408190846443176,0.9377156496047974
58.002425700004096,-0.48021432757377625,0.8098766803741455,0.03698292002081871,0.00470050610601902,0.04771682620048523,0.34416502714157104,0.937684178352356
58.00645800000348,-0.48021432757377625,0.8098766803741455,0.03698292002081871,0.00470050610601902,0.04771682620048523,0.34416502714157104,0.937684178352356
58.010345500006224,-0.48021432757377625,0.8098766803741455,0.03698292002081871,0.00470050610601902,0.04771682620048523,0.34416502714157104,0.937684178352356
58.0154263000004,-0.4799131155014038,0.809868574142456,0.03704991936683655,0.004758452996611595,0.04814418405294418,0.3445298969745636,0.9375279545783997
58.01963300000352,-0.479811429977417,0.8098446130752563,0.037078406661748886,0.005425436422228813,0.048505209386348724,0.3443245589733124,0.9375811815261841
58.02361440000823,-0.47972720861434937,0.8098458647727966,0.03709612786769867,0.005562073551118374,0.04865510016679764,0.34422093629837036,0.9376106262207031
58.02804780000588,-0.4796222746372223,0.8098686933517456,0.03712574765086174,0.005894484464079142,0.048412028700113297,0.3442462980747223,0.9376118779182434
58.032377800001996,-0.47952431440353394,0.8098771572113037,0.037159424275159836,0.005983174778521061,0.048376865684986115,0.3443927764892578,0.9375593662261963
58.03627700000652,-0.4794287085533142,0.8098887801170349,0.03717176988720894,0.005783144850283861,0.04826730117201805,0.3444455564022064,0.9375469088554382
58.04039210001065,-0.4793040454387665,0.8098837733268738,0.03718728572130203,0.005743869114667177,0.048107586801052094,0.3439003825187683,0.9377554655075073
58.0442686000024,-0.47920578718185425,0.8098881244659424,0.03720514103770256,0.0050712269730865955,0.04837396740913391,0.3437594771385193,0.9377973079681396
58.048540100004175,-0.47909921407699585,0.8098748326301575,0.037220414727926254,0.005434512160718441,0.04832945391535759,0.34363266825675964,0.9378440380096436
58.05256979999831,-0.47900551557540894,0.8098703026771545,0.037234123796224594,0.005649885628372431,0.04838087409734726,0.34345322847366333,0.9379057884216309
58.05668670000159,-0.4789069592952728,0.8098620176315308,0.03724644333124161,0.005530953872948885,0.04849899187684059,0.34344208240509033,0.9379044771194458
58.06121189999976,-0.4788142740726471,0.8098549842834473,0.0372590608894825,0.005651268642395735,0.04859340935945511,0.3432188332080841,0.937980592250824
58.06509260000894,-0.47871094942092896,0.8098417520523071,0.037266965955495834,0.005635553505271673,0.04893732815980911,0.3428954780101776,0.9380810856819153
58.06971650000196,-0.47861045598983765,0.8098299503326416,0.03727736696600914,0.005597449839115143,0.049196600914001465,0.3428211510181427,0.9380949139595032
58.07311779999873,-0.47861045598983765,0.8098299503326416,0.03727736696600914,0.005597449839115143,0.049196600914001465,0.3428211510181427,0.9380949139595032
58.07936530000006,-0.47838401794433594,0.8097964525222778,0.0373183973133564,0.005108952522277832,0.049517083913087845,0.3436620235443115,0.9377731680870056
58.088068000011845,-0.4781639575958252,0.8097714781761169,0.03735891357064247,0.005392755847424269,0.05015397071838379,0.34350961446762085,0.937793493270874
58.09190880000824,-0.47804638743400574,0.8097813725471497,0.03740566223859787,0.005514563526958227,0.049936745315790176,0.3437539339065552,0.9377148747444153
58.09598090000509,-0.4779207408428192,0.8097764849662781,0.0374586321413517,0.005437604617327452,0.05000760406255722,0.34401819109916687,0.9376146793365479
58.100308000008226,-0.47780153155326843,0.8097583651542664,0.03747851029038429,0.005432017147541046,0.05033377185463905,0.34354522824287415,0.937770664691925
58.10443110000051,-0.47768837213516235,0.8097688555717468,0.03748596832156181,0.005915848538279533,0.05085809528827667,0.3428279459476471,0.9380018711090088
58.10798080000677,-0.47756215929985046,0.809765100479126,0.037542399019002914,0.0062517025507986546,0.05063675343990326,0.3429955244064331,0.9379503726959229
58.11157710000407,-0.4774467945098877,0.8097582459449768,0.037592630833387375,0.00649811327457428,0.050637248903512955,0.34291285276412964,0.9379789233207703
58.12115370000538,-0.4772031605243683,0.8097671270370483,0.03767910227179527,0.0064472295343875885,0.05040953308343887,0.3433760702610016,0.9378220438957214
58.12534370001231,-0.47705286741256714,0.809767484664917,0.03771550580859184,0.006639155093580484,0.05055726692080498,0.34279051423072815,0.9380269646644592
58.12970950000454,-0.47693008184432983,0.8097845315933228,0.03778022900223732,0.006739641539752483,0.05031009763479233,0.3428477644920349,0.9380186796188354
58.13381680000748,-0.4768155515193939,0.8097983598709106,0.037832390516996384,0.006841729395091534,0.05034856125712395,0.34290239214897156,0.9379959106445312
58.13812390000385,-0.4766908586025238,0.8098360896110535,0.037903934717178345,0.007344010751694441,0.05102716013789177,0.3422495424747467,0.9381937384605408
58.141889700011234,-0.4765720069408417,0.8098448514938354,0.03794974833726883,0.007334224879741669,0.05127095431089401,0.3423146605491638,0.9381568431854248
58.14634030000889,-0.47644564509391785,0.8098518252372742,0.03797601908445358,0.007243389263749123,0.05172550305724144,0.3422250747680664,0.9381653070449829
58.150605100003304,-0.4763185381889343,0.8098629713058472,0.03802052140235901,0.006753125227987766,0.05214223265647888,0.34238243103027344,0.9380884170532227
58.154512900000555,-0.4761964678764343,0.8098599910736084,0.038052018731832504,0.006486219819635153,0.05227479338645935,0.342652291059494,0.9379843473434448
58.158631900005275,-0.4760437607765198,0.8098534941673279,0.03807986527681351,0.006527238059788942,0.052617259323596954,0.34282493591308594,0.9379018545150757
58.16304540001147,-0.47591671347618103,0.8098655343055725,0.03809715062379837,0.0064388238824903965,0.053110793232917786,0.34250548481941223,0.9379913806915283
58.16741730000649,-0.475788950920105,0.8098618388175964,0.03810875117778778,0.006084084510803223,0.05316925421357155,0.3428811728954315,0.9378531575202942
58.17214470000181,-0.47566694021224976,0.8098682165145874,0.03812306746840477,0.00583708705380559,0.05303485319018364,0.3430037796497345,0.9378175139427185
58.177714700010256,-0.4754031002521515,0.8099029064178467,0.03821263462305069,0.0060956887900829315,0.05261079967021942,0.3431167006492615,0.9377984404563904
58.18198140000459,-0.475279837846756,0.8099093437194824,0.03825204074382782,0.006354962941259146,0.05261211097240448,0.34318992495536804,0.9377698302268982
58.190621700006886,-0.4750397801399231,0.8099522590637207,0.038354597985744476,0.006570627447217703,0.052404385060071945,0.3432769477367401,0.9377481341362
58.19629510000232,-0.4748973548412323,0.8099584579467773,0.03839212283492088,0.006608046591281891,0.05258334055542946,0.34317028522491455,0.9377768635749817
58.20090440000058,-0.47476381063461304,0.8099807500839233,0.03845096379518509,0.006339633837342262,0.052883073687553406,0.3433492183685303,0.9376964569091797
58.20568369999819,-0.4746165871620178,0.809988796710968,0.038502372801303864,0.006156804971396923,0.05298689752817154,0.34311699867248535,0.9377767443656921
58.21101500000805,-0.4743640720844269,0.8099920153617859,0.03862963989377022,0.00630448991432786,0.0534980371594429,0.3431679904460907,0.9377281069755554
58.21529040001042,-0.47422075271606445,0.8100144267082214,0.038712162524461746,0.006416017655283213,0.0539512000977993,0.3429797291755676,0.9377702474594116
58.21937479999906,-0.4740946888923645,0.8100130558013916,0.038764260709285736,0.006256416905671358,0.054043229669332504,0.34330615401268005,0.9376465678215027
58.2235428999993,-0.47396475076675415,0.8100188374519348,0.03881799429655075,0.005824222695082426,0.05428607761859894,0.34356749057769775,0.9375396370887756
58.22810110000137,-0.47383949160575867,0.8100126385688782,0.03886546567082405,0.005902720615267754,0.05444733053445816,0.3436739444732666,0.9374908208847046
58.23184079999919,-0.47371184825897217,0.8100020885467529,0.03890179097652435,0.005916875321418047,0.05461367592215538,0.3438144028186798,0.9374295473098755
58.23801020000246,-0.47356751561164856,0.8099953532218933,0.03895420953631401,0.005810054484754801,0.05419965088367462,0.34391626715660095,0.9374167919158936
58.24225980001211,-0.4734259843826294,0.8099884390830994,0.03900282457470894,0.00615654606372118,0.05443105474114418,0.3437572717666626,0.9374595284461975
58.246289000002434,-0.4732668399810791,0.8100042343139648,0.03906135633587837,0.006114555057138205,0.05466010421514511,0.3436957895755768,0.9374690651893616
58.25045279999904,-0.47310152649879456,0.8099797368049622,0.03912486508488655,0.006728555075824261,0.05469324439764023,0.3425373435020447,0.9378867149353027
58.255057700007455,-0.47296297550201416,0.8099753856658936,0.03917454928159714,0.006962024141103029,0.05488066002726555,0.34236806631088257,0.9379358887672424
58.26070980000077,-0.4726773202419281,0.8099667429924011,0.03926161676645279,0.00708956690505147,0.055113330483436584,0.3426078259944916,0.9378337860107422
58.264861200004816,-0.4725362956523895,0.809963583946228,0.03929832950234413,0.006938934791833162,0.055033158510923386,0.3430555760860443,0.9376758933067322
58.26974080000946,-0.47238337993621826,0.8099514842033386,0.03935224190354347,0.006844076793640852,0.055159665644168854,0.34342679381370544,0.9375332593917847
58.2735820000089,-0.47223931550979614,0.8099467158317566,0.039371803402900696,0.0066781011410057545,0.05519518628716469,0.34347233176231384,0.9375156760215759
58.27785560001212,-0.4720974862575531,0.8099467158317566,0.0394006185233593,0.006619282998144627,0.055371228605508804,0.3434896469116211,0.9374993443489075
58.28208600000653,-0.4719501733779907,0.809935450553894,0.03942400589585304,0.0064012715592980385,0.05547262355685234,0.3433869481086731,0.9375325441360474
58.28673220000928,-0.47180256247520447,0.8099285960197449,0.03944983333349228,0.006043639034032822,0.055473342537879944,0.3438941240310669,0.9373489022254944
58.290477100003045,-0.47166118025779724,0.8099244236946106,0.039468660950660706,0.006037762854248285,0.05577083304524422,0.34349724650382996,0.9374768137931824
58.29417750000721,-0.4715100824832916,0.8099333643913269,0.03951109200716019,0.00626963609829545,0.055618442595005035,0.3432982563972473,0.9375572800636292
58.29863010000554,-0.4713555574417114,0.8099653124809265,0.03957923501729965,0.007126851473003626,0.056509196758270264,0.34237757325172424,0.9378345608711243
58.30259930000466,-0.47121402621269226,0.8099674582481384,0.03959916904568672,0.007125657517462969,0.05658136308193207,0.34252017736434937,0.937778115272522
58.30671679999796,-0.4710845649242401,0.8099938631057739,0.039653994143009186,0.00668433029204607,0.05689888447523117,0.3425449728965759,0.9377531409263611
58.31128130000434,-0.470951646566391,0.8100117444992065,0.03970794379711151,0.007141311652958393,0.05691647529602051,0.34238430857658386,0.9378072619438171
58.315010800011805,-0.47081121802330017,0.8100207448005676,0.03974824771285057,0.007585641462355852,0.05699072778224945,0.34152042865753174,0.9381142258644104
58.31966810001177,-0.470697820186615,0.8100224733352661,0.039767250418663025,0.007872140035033226,0.05723287910223007,0.34129196405410767,0.9381803274154663
58.32332270000188,-0.4705776870250702,0.8100304007530212,0.039791207760572433,0.00841493159532547,0.05743825435638428,0.3411361873149872,0.9382196664810181
58.32762080000248,-0.4704703390598297,0.810032844543457,0.03980913758277893,0.00857417844235897,0.05762488767504692,0.341073215007782,0.9382297396659851
58.332086399997934,-0.47033849358558655,0.810036301612854,0.03983881324529648,0.008206477388739586,0.05771521106362343,0.341587096452713,0.9380404949188232
58.33586250001099,-0.4702300727367401,0.8100318908691406,0.039858441799879074,0.008221476338803768,0.05783216655254364,0.3416880667209625,0.9379963278770447
58.34097830000974,-0.4701176583766937,0.8100163340568542,0.039876677095890045,0.008298056200146675,0.05788639187812805,0.3417430818080902,0.9379723072052002
58.345600500004366,-0.4699869453907013,0.8099882006645203,0.03986399620771408,0.007385514676570892,0.057603444904088974,0.34277212619781494,0.9376218318939209
58.35354750000988,-0.46978116035461426,0.809955894947052,0.03988374024629593,0.007450899574905634,0.057840004563331604,0.3428158760070801,0.9375907182693481
58.359522800004925,-0.4696741998195648,0.8099322319030762,0.039879996329545975,0.007956274785101414,0.058006078004837036,0.34267327189445496,0.937628448009491
58.3654194999981,-0.4694738984107971,0.8099186420440674,0.039914168417453766,0.008106492459774017,0.058199744671583176,0.3426973223686218,0.9376063346862793
58.3694053000072,-0.46937277913093567,0.8099190592765808,0.03994644805788994,0.008254115469753742,0.057860370725393295,0.3430151641368866,0.9375098943710327
58.37386790000892,-0.46927720308303833,0.8099151849746704,0.03995976224541664,0.008592060767114162,0.05803468078374863,0.3428708016872406,0.9375488758087158
58.37774619999982,-0.469183087348938,0.8099052906036377,0.039971690624952316,0.0087021104991436,0.05808296054601669,0.3423708379268646,0.9377275705337524
58.382042800003546,-0.4691005051136017,0.8098953366279602,0.03998083621263504,0.008742195554077625,0.057990364730358124,0.3423227369785309,0.9377503991127014
58.38616950000869,-0.4690099060535431,0.8098995089530945,0.04000835493206978,0.008852343074977398,0.057968296110630035,0.3423359990119934,0.9377459287643433
58.390502399997786,-0.4689274728298187,0.8098721504211426,0.040026821196079254,0.009197128936648369,0.058240197598934174,0.34195277094841003,0.9378655552864075
58.395527100001345,-0.4688434600830078,0.8098515272140503,0.04005813971161842,0.009549599140882492,0.057971615344285965,0.34182029962539673,0.9379270076751709
58.3990477000043,-0.4687737226486206,0.8098368048667908,0.04006823152303696,0.009700844064354897,0.05801220238208771,0.3417491614818573,0.9379488229751587
58.40342590000364,-0.46870630979537964,0.8098115921020508,0.040067363530397415,0.00986926257610321,0.0580378882586956,0.34167739748954773,0.9379715919494629
58.40707739999925,-0.4686357080936432,0.8097896575927734,0.04006769135594368,0.00991884432733059,0.05806846171617508,0.34158679842948914,0.9380021691322327
58.410888900005375,-0.46853774785995483,0.8097546696662903,0.040073275566101074,0.010198874399065971,0.05819021537899971,0.340921550989151,0.9382337331771851
58.41515210000216,-0.4684649109840393,0.809731662273407,0.0400724858045578,0.010411090217530727,0.05832737684249878,0.3407834768295288,0.9382729530334473
58.41917490000196,-0.46839916706085205,0.8097065091133118,0.04005718603730202,0.010438382625579834,0.05857597291469574,0.34078723192214966,0.938255786895752
58.42548850001185,-0.4683230519294739,0.8096776604652405,0.04004975035786629,0.010776950977742672,0.058868516236543655,0.34050631523132324,0.938335657119751
58.429490700000315,-0.4682501256465912,0.809654176235199,0.04004887863993645,0.010868282057344913,0.058969851583242416,0.34026414155960083,0.9384161233901978
58.433479900006205,-0.4681614637374878,0.8096404671669006,0.040073491632938385,0.01092954445630312,0.058986008167266846,0.3404315412044525,0.9383537173271179
58.437994600011734,-0.4680849015712738,0.8096282482147217,0.04009076580405235,0.01096971333026886,0.05897319316864014,0.3404916822910309,0.938332200050354
58.44219180000073,-0.4680187702178955,0.8096113801002502,0.04009183123707771,0.011034900322556496,0.05905364453792572,0.3404012620449066,0.9383591413497925
58.44607309999992,-0.46794435381889343,0.8095865845680237,0.040089525282382965,0.011075974442064762,0.05919669568538666,0.34027010202407837,0.938397228717804
58.450239099998726,-0.46785861253738403,0.8095570206642151,0.04007653519511223,0.010696770623326302,0.059107765555381775,0.3406171500682831,0.9382812976837158
58.45437760000641,-0.4677881598472595,0.8095248937606812,0.0400724820792675,0.010913008823990822,0.05921676382422447,0.34055855870246887,0.9382932186126709
58.45868039999914,-0.4677239954471588,0.8094922304153442,0.04005841165781021,0.011245736852288246,0.059090498834848404,0.34040454030036926,0.9383531808853149
58.46289950000937,-0.46766433119773865,0.8094664812088013,0.04004386067390442,0.011217144317924976,0.05902813374996185,0.3405078947544098,0.9383199214935303
58.4670111000014,-0.4676070511341095,0.8094350695610046,0.040039364248514175,0.01117808185517788,0.05897468701004982,0.34065231680870056,0.9382712841033936
58.47144860000117,-0.46754732728004456,0.8094022870063782,0.04002378135919571,0.011072753928601742,0.058815889060497284,0.34092846512794495,0.9381822347640991
58.4753972000035,-0.46749722957611084,0.809370219707489,0.040012434124946594,0.011062286794185638,0.05879684537649155,0.3409939408302307,0.9381597638130188
58.479524800000945,-0.4674427807331085,0.8093397617340088,0.04000381752848625,0.010969450697302818,0.058693721890449524,0.3411569595336914,0.9381080269813538
58.48373390000779,-0.467375248670578,0.8093168139457703,0.04000038281083107,0.010739276185631752,0.0589381605386734,0.34127163887023926,0.9380536079406738
58.48818910001137,-0.4673149287700653,0.8093010187149048,0.039984237402677536,0.011067943647503853,0.059171050786972046,0.34104180335998535,0.9381187558174133
58.494201699999394,-0.4672124683856964,0.8092554211616516,0.03996126726269722,0.011184667237102985,0.05908786505460739,0.34091296792030334,0.9381694197654724
58.498964099999284,-0.4671534299850464,0.8092579245567322,0.039985522627830505,0.0115532660856843,0.05863727256655693,0.34079471230506897,0.9382362365722656
58.502699900011066,-0.46710872650146484,0.8092519640922546,0.0399903766810894,0.011619745753705502,0.05842195078730583,0.3410934507846832,0.9381402134895325
58.50689840000996,-0.4670604467391968,0.8092431426048279,0.039989423006772995,0.011778268963098526,0.05834665521979332,0.34094539284706116,0.9381967782974243
58.510685700006434,-0.4670604467391968,0.8092431426048279,0.039989423006772995,0.011778268963098526,0.05834665521979332,0.34094539284706116,0.9381967782974243
58.514965700000175,-0.4669707715511322,0.8092268109321594,0.04000404104590416,0.012216157279908657,0.05816062167286873,0.34063366055488586,0.9383159279823303
58.51940050000849,-0.46693283319473267,0.8092116713523865,0.0400213748216629,0.01248107384890318,0.05813544616103172,0.3406621515750885,0.9383037686347961
58.523370499999146,-0.4668962359428406,0.8091967105865479,0.040027592331171036,0.012768357992172241,0.058239083737134933,0.34054771065711975,0.9383350014686584
58.52804410000681,-0.46684688329696655,0.8091664910316467,0.040035828948020935,0.012640413828194141,0.05786268413066864,0.34107181429862976,0.938169538974762
58.53186490001099,-0.46680763363838196,0.8091534972190857,0.040033552795648575,0.012910895980894566,0.05800158157944679,0.3410206139087677,0.9381759166717529
58.53598349999811,-0.4667552411556244,0.8091374635696411,0.040033839643001556,0.013263773173093796,0.05825605243444443,0.3409345746040344,0.938186526298523
58.54021430001012,-0.4667183458805084,0.8090990781784058,0.0400448702275753,0.013773387297987938,0.0584934800863266,0.34078192710876465,0.9382199048995972
58.54428149999876,-0.4666731357574463,0.8090677857398987,0.04003937914967537,0.01381778996437788,0.05863818898797035,0.34079572558403015,0.9382051825523376
58.54859070001112,-0.46663591265678406,0.8090570569038391,0.04003022611141205,0.014117071405053139,0.058626577258110046,0.34055885672569275,0.9382874369621277
58.55256999999983,-0.46659591794013977,0.8090364933013916,0.0400179959833622,0.014256475493311882,0.058658044785261154,0.3405192196369171,0.9382977485656738
58.556757400001516,-0.4665412902832031,0.8090139627456665,0.04001908376812935,0.014558740891516209,0.05850856006145477,0.3398938775062561,0.9385291337966919
58.56099890000769,-0.46649807691574097,0.8089910745620728,0.04000675678253174,0.014857185073196888,0.05858401954174042,0.3396359384059906,0.9386131167411804
58.56503330000851,-0.46645286679267883,0.8089784383773804,0.04000473767518997,0.015058129094541073,0.058577101677656174,0.3394930064678192,0.938662052154541
58.569370099998196,-0.4663964509963989,0.8089451193809509,0.03997526690363884,0.015534264966845512,0.05872627720236778,0.33892932534217834,0.9388486742973328
58.57331200000772,-0.4663566052913666,0.8089333772659302,0.03996067866683006,0.015682069584727287,0.058769892901182175,0.3386029899120331,0.9389612078666687
58.57816270001058,-0.4663081467151642,0.808921754360199,0.039950672537088394,0.01584201119840145,0.058757197111845016,0.33840587735176086,0.9390303492546082
58.58188870000595,-0.4662594795227051,0.8088987469673157,0.03993995115160942,0.01609984040260315,0.058816198259592056,0.3382207155227661,0.9390890002250671
58.5860476000089,-0.466214656829834,0.8088690042495728,0.03992848843336105,0.01617504470050335,0.058951858431100845,0.3380048871040344,0.9391569495201111
58.59032470000966,-0.4661655128002167,0.8088335990905762,0.03991891071200371,0.016305439174175262,0.05898430943489075,0.3377731442451477,0.9392359852790833
58.594289900007425,-0.4661104679107666,0.8087944388389587,0.039902664721012115,0.016794437542557716,0.059030335396528244,0.3376370072364807,0.939273476600647
58.60063980000268,-0.4660645127296448,0.8087696433067322,0.03989475220441818,0.016890617087483406,0.05905088782310486,0.3376303017139435,0.939272940158844
58.60445970000001,-0.4660128951072693,0.8087366819381714,0.039882004261016846,0.01730284094810486,0.058980587869882584,0.3374020457267761,0.9393517971038818
58.612130400011665,-0.4659098982810974,0.8086584210395813,0.039856694638729095,0.017545824870467186,0.05891978740692139,0.33762890100479126,0.9392695426940918
58.61574280000059,-0.4658713638782501,0.8086339831352234,0.03986278921365738,0.017725562676787376,0.058779213577508926,0.3376849889755249,0.9392548203468323
58.61953360000916,-0.4658224284648895,0.8085995316505432,0.039855100214481354,0.01809682697057724,0.05890719220042229,0.3372608721256256,0.93939208984375
58.62372139999934,-0.46578630805015564,0.8085691332817078,0.039857007563114166,0.01838032528758049,0.05899033695459366,0.33730775117874146,0.9393645524978638
58.62773449999804,-0.4657537639141083,0.8085432648658752,0.039870742708444595,0.01869986020028591,0.058921586722135544,0.337336003780365,0.9393524527549744
58.632078399998136,-0.4657154977321625,0.8085167407989502,0.03988292068243027,0.01892569102346897,0.05877717211842537,0.33743155002593994,0.9393226504325867
58.6363643000077,-0.46568503975868225,0.8084964752197266,0.039927542209625244,0.01946013979613781,0.05848821625113487,0.3371717035770416,0.939423143863678
58.640016800010926,-0.46568503975868225,0.8084964752197266,0.039927542209625244,0.01946013979613781,0.05848821625113487,0.3371717035770416,0.939423143863678
58.644194300009985,-0.46561312675476074,0.8084506392478943,0.03996525704860687,0.020019954070448875,0.05853739380836487,0.3371497392654419,0.9394161105155945
58.64831360000244,-0.46555250883102417,0.8084253072738647,0.040010690689086914,0.020461177453398705,0.05891077220439911,0.3371882736682892,0.9393694996833801
58.6527819000039,-0.46551597118377686,0.8084012866020203,0.04003439098596573,0.02094869688153267,0.058961812406778336,0.3370034396648407,0.9394218921661377
58.65677940000023,-0.4654685854911804,0.8084003329277039,0.0400855727493763,0.021721696481108665,0.05929001048207283,0.3364678919315338,0.9395756125450134
58.660980100001325,-0.4654195308685303,0.8083698153495789,0.04010377079248428,0.022012656554579735,0.05938693508505821,0.33641380071640015,0.939582109451294
58.66522450000048,-0.46537506580352783,0.8083370327949524,0.04011936113238335,0.022282350808382034,0.059643927961587906,0.33585214614868164,0.9397603273391724
58.66947190000792,-0.4653366208076477,0.8083037734031677,0.040147487074136734,0.02251068316400051,0.05961130931973457,0.33600664138793945,0.9397016763687134
58.673864700002014,-0.4652893841266632,0.8082764744758606,0.040182240307331085,0.022883497178554535,0.05970223993062973,0.33596670627593994,0.9397012591362
58.6776763000089,-0.4652372896671295,0.8082351684570312,0.04020966589450836,0.02332158014178276,0.05985122546553612,0.3355579376220703,0.9398270845413208
58.68202530000417,-0.46517080068588257,0.808201014995575,0.04024289548397064,0.023590365424752235,0.060429491102695465,0.3352794051170349,0.9398826956748962
58.68673280000803,-0.4651036858558655,0.8081619739532471,0.04030744358897209,0.024186214432120323,0.06023808568716049,0.3348310887813568,0.9400396347045898
58.69534410000779,-0.46496298909187317,0.8080806732177734,0.040387023240327835,0.02594221942126751,0.060401659458875656,0.3338318169116974,0.9403376579284668
58.699325800000224,-0.46488794684410095,0.8080485463142395,0.040425486862659454,0.026506325230002403,0.060411371290683746,0.33323532342910767,0.9405328631401062
58.70287200000894,-0.46480792760849,0.808018147945404,0.0404592826962471,0.027097439393401146,0.06035105884075165,0.33291932940483093,0.9406318068504333
58.70695240001078,-0.46472668647766113,0.8079730272293091,0.04049052298069,0.02774248830974102,0.06043316796422005,0.3325578272342682,0.9407355785369873
58.710988800012274,-0.4646489918231964,0.8079363107681274,0.04052426666021347,0.028259314596652985,0.06055035814642906,0.3321620523929596,0.9408525228500366
58.71529870000086,-0.46458256244659424,0.8078879714012146,0.04057127609848976,0.028956960886716843,0.06073502078652382,0.3317142724990845,0.9409774541854858
58.72383770000306,-0.464444100856781,0.8077839016914368,0.04069012776017189,0.030795469880104065,0.06070934608578682,0.33095619082450867,0.9411875605583191
58.72777219999989,-0.4643740952014923,0.8077342510223389,0.04074824973940849,0.03169052302837372,0.060809314250946045,0.3309337794780731,0.9411592483520508
58.731806100011454,-0.4643010199069977,0.8076818585395813,0.040801286697387695,0.032301776111125946,0.06077364459633827,0.3306047022342682,0.9412564039230347
58.74049960001139,-0.46415698528289795,0.8076037764549255,0.04089974984526634,0.03340236470103264,0.06051814183592796,0.33027780055999756,0.9413492679595947
58.744348500011256,-0.46409347653388977,0.807549238204956,0.04094795137643814,0.03382224217057228,0.06039680540561676,0.33022311329841614,0.9413613080978394
58.74854850000702,-0.46402278542518616,0.8075112104415894,0.04099711775779724,0.034388743340969086,0.06030024588108063,0.32993215322494507,0.941448986530304
58.752525700008846,-0.46389198303222656,0.8073898553848267,0.041018594056367874,0.034270524978637695,0.05991656333208084,0.33080780506134033,0.9411704540252686
58.75862390000839,-0.4637872576713562,0.8073668479919434,0.04111257940530777,0.0351262167096138,0.059465810656547546,0.33026182651519775,0.9413591623306274
58.7628512000083,-0.46371108293533325,0.8073276281356812,0.04114575311541557,0.035623859614133835,0.05912881717085838,0.3301329016685486,0.9414069652557373
58.76680450000276,-0.4636145234107971,0.8072887063026428,0.04119483754038811,0.036439668387174606,0.058975525200366974,0.3292907178401947,0.9416802525520325
58.770973999999114,-0.46349623799324036,0.8072454929351807,0.0412570983171463,0.03717518597841263,0.059089429676532745,0.32898327708244324,0.9417517781257629
58.77497170001152,-0.46338409185409546,0.8071972131729126,0.04133224859833717,0.03769504651427269,0.05832851305603981,0.3290835916996002,0.9417435526847839
58.778521100000944,-0.4632773995399475,0.8071326613426208,0.04137258976697922,0.03889619559049606,0.05817656219005585,0.3286166191101074,0.9418671727180481
58.78228820000368,-0.4631713032722473,0.8070700764656067,0.04141456261277199,0.03975290060043335,0.05823887884616852,0.3278481364250183,0.9420953392982483
58.78594100000919,-0.46304789185523987,0.8069828748703003,0.04147673398256302,0.04065234959125519,0.05834184214472771,0.3269714415073395,0.9423551559448242
58.79038460001175,-0.4629333019256592,0.8068903684616089,0.04150465875864029,0.041840821504592896,0.05866556987166405,0.3258376717567444,0.942675769329071
58.799219799999264,-0.46272164583206177,0.8066914081573486,0.041643623262643814,0.0441795215010643,0.05870893597602844,0.32435089349746704,0.9430790543556213
58.80366840001079,-0.46263474225997925,0.8065918684005737,0.0416998490691185,0.045366186648607254,0.05874018371105194,0.32374706864356995,0.9432281255722046
58.80787160000182,-0.462542861700058,0.8064724802970886,0.041754428297281265,0.04621611908078194,0.05876474827528,0.32317742705345154,0.9433807730674744
58.81710960000055,-0.4623694121837616,0.8062267899513245,0.041892245411872864,0.04795657470822334,0.05807828903198242,0.32309481501579285,0.943364679813385
58.82125150000502,-0.4623074233531952,0.8060921430587769,0.04192480072379112,0.04919473081827164,0.05818676948547363,0.32295772433280945,0.9433411359786987
58.825416899999254,-0.4622517228126526,0.8059068322181702,0.041959721595048904,0.05131301283836365,0.05841309577226639,0.3224479854106903,0.9433887004852295
58.82935260000522,-0.46221303939819336,0.8057706952095032,0.04197169467806816,0.05231326445937157,0.05871168524026871,0.3220424950122833,0.9434536695480347
58.833579300000565,-0.462177574634552,0.8056530952453613,0.041992101818323135,0.05330376327037811,0.05897587910294533,0.32131797075271606,0.9436287879943848
58.84132530000352,-0.462098091840744,0.8053914904594421,0.04199812561273575,0.05308762565255165,0.05877096578478813,0.3221190571784973,0.94338059425354
58.84516440000152,-0.46205970644950867,0.8053178787231445,0.042010094970464706,0.053671982139348984,0.058945342898368835,0.3219107389450073,0.9434078335762024
58.85041189999902,-0.4620094299316406,0.805260956287384,0.042027734220027924,0.0544002428650856,0.05903198942542076,0.32160624861717224,0.9434645175933838
58.85467720001179,-0.46192142367362976,0.8052350878715515,0.04210774227976799,0.05529901012778282,0.05966860428452492,0.3209534287452698,0.9435945153236389
58.861029700012296,-0.46177035570144653,0.8051719069480896,0.04216255247592926,0.056745514273643494,0.06043571978807449,0.31978315114974976,0.9438570737838745
58.86515810000128,-0.46168118715286255,0.8051462769508362,0.04218697175383568,0.05726088210940361,0.06071323901414871,0.31946155428886414,0.9439170956611633
58.86954880000849,-0.4615924060344696,0.805108368396759,0.04219173640012741,0.058437466621398926,0.06106987223029137,0.3187439441680908,0.9440646171569824
58.87431920001109,-0.4615098237991333,0.8050803542137146,0.042206309735774994,0.05882386863231659,0.061238307505846024,0.3185006380081177,0.944111704826355
58.87801240000408,-0.461433470249176,0.8050547242164612,0.04220408946275711,0.05907341465353966,0.06155228242278099,0.3181705176830292,0.9441870450973511
58.88208520000626,-0.46135392785072327,0.8050327897071838,0.04218941554427147,0.05954311788082123,0.06181835010647774,0.317320853471756,0.9444261193275452
58.88588190000155,-0.46127137541770935,0.8049991130828857,0.04217245802283287,0.05992250144481659,0.06218608468770981,0.3169107735157013,0.9445156455039978
58.89005840000755,-0.4612048864364624,0.804962158203125,0.04215027019381523,0.06023233383893967,0.06252236664295197,0.31628555059432983,0.9446832537651062
58.894218000001274,-0.4611266255378723,0.8049079775810242,0.04212135449051857,0.059872955083847046,0.06248018145561218,0.3167034685611725,0.944568932056427
58.898262800008524,-0.4610719680786133,0.8048616647720337,0.04210532456636429,0.060040634125471115,0.0626571774482727,0.3165847659111023,0.9445862770080566
58.902570800011745,-0.4610198736190796,0.8048092722892761,0.04207642376422882,0.06014673411846161,0.06287064403295517,0.31641533970832825,0.9446222186088562
58.90659110000706,-0.4609808325767517,0.8047486543655396,0.04206088185310364,0.06030580773949623,0.06295829266309738,0.31646591424942017,0.9445892572402954
58.91072680000798,-0.4609515070915222,0.8046900629997253,0.04205836355686188,0.060375094413757324,0.0630769208073616,0.3168574571609497,0.9444456696510315
58.91570409999986,-0.460927277803421,0.804628312587738,0.04204874485731125,0.060608524829149246,0.06311756372451782,0.31715279817581177,0.9443288445472717
58.91913150000619,-0.46090641617774963,0.8045659065246582,0.04203815013170242,0.06107352674007416,0.06312238425016403,0.3174290359020233,0.9442057609558105
58.92342859999917,-0.46088138222694397,0.8044852614402771,0.04204950109124184,0.06196249648928642,0.06334240734577179,0.31754863262176514,0.944092869758606
58.92740250000497,-0.46086472272872925,0.8044357895851135,0.04205136373639107,0.06257908791303635,0.06350461393594742,0.31772762537002563,0.9439809918403625
58.93167450001056,-0.46083036065101624,0.8043837547302246,0.04205795004963875,0.06322802603244781,0.0636398121714592,0.31800854206085205,0.943834125995636
58.9363105000084,-0.4607909619808197,0.8043120503425598,0.04205812141299248,0.0643635094165802,0.0640140250325203,0.31783032417297363,0.9437920451164246
58.94002170000749,-0.4607560932636261,0.8042646050453186,0.0420646071434021,0.06490243971347809,0.0640825629234314,0.31792813539505005,0.9437175393104553
58.9443031999981,-0.46071332693099976,0.8042241930961609,0.042070794850587845,0.06533802300691605,0.06407345831394196,0.3180270195007324,0.9436547756195068
58.948237000004156,-0.46067601442337036,0.804185688495636,0.04207448288798332,0.06578068435192108,0.06432459503412247,0.3178096413612366,0.9436801671981812
58.95239410000795,-0.4606322944164276,0.804149329662323,0.04207298532128334,0.06594550609588623,0.06435029953718185,0.3180128335952759,0.9435984492301941
58.95671700000821,-0.46056804060935974,0.8041067123413086,0.042086027562618256,0.06631263345479965,0.06423337012529373,0.31760773062705994,0.9437171220779419
58.96104280000145,-0.4605185389518738,0.8040734529495239,0.042072124779224396,0.06639830023050308,0.06440038233995438,0.31746187806129456,0.9437488317489624
58.965167300004396,-0.46046510338783264,0.8040464520454407,0.04205556586384773,0.06656311452388763,0.0646173432469368,0.31722918152809143,0.943800687789917
58.969432900004904,-0.4604208767414093,0.8040242195129395,0.04204002767801285,0.06652732938528061,0.064726322889328,0.3172927796840668,0.9437743425369263
58.97371180000482,-0.4603721797466278,0.8040062189102173,0.04201637580990791,0.06643133610486984,0.06496323645114899,0.3170556426048279,0.9438444375991821
58.97779190000438,-0.46033087372779846,0.8039922118186951,0.04199742525815964,0.06635059416294098,0.06502926349639893,0.3170202970504761,0.9438574910163879
58.981637300006696,-0.4603082239627838,0.8039929270744324,0.041958037763834,0.0659690797328949,0.06525316089391708,0.31745126843452454,0.9437239170074463
58.98600360000273,-0.4602524936199188,0.8039774894714355,0.041977569460868835,0.06616619229316711,0.06474296003580093,0.31705114245414734,0.9438797831535339
58.9907552000077,-0.46025070548057556,0.8039758801460266,0.04192819818854332,0.06593753397464752,0.06550993025302887,0.31740131974220276,0.9437251687049866
58.9943423000077,-0.4602213203907013,0.8039596080780029,0.04191559553146362,0.06600935757160187,0.065676249563694,0.3174589276313782,0.9436891674995422
58.99845880000794,-0.46020057797431946,0.8039430975914001,0.04191163182258606,0.06598435342311859,0.06591527163982391,0.31755849719047546,0.9436407685279846
59.00256970000919,-0.4601680636405945,0.8039425015449524,0.041929569095373154,0.06569421291351318,0.06612224876880646,0.3181098997592926,0.9434607625007629
59.006711400012136,-0.4601680636405945,0.8039425015449524,0.041929569095373154,0.06569421291351318,0.06612224876880646,0.3181098997592926,0.9434607625007629
59.00989520001167,-0.4601680636405945,0.8039425015449524,0.041929569095373154,0.06569421291351318,0.06612224876880646,0.3181098997592926,0.9434607625007629
59.01465630000166,-0.46008607745170593,0.8039056062698364,0.04203682392835617,0.0664583370089531,0.06585589796304703,0.3187180161476135,0.9432206153869629
59.019310700008646,-0.46006307005882263,0.8039015531539917,0.042058683931827545,0.06671295315027237,0.06602920591831207,0.31870803236961365,0.9431939125061035
59.023350300005404,-0.46003222465515137,0.8039030432701111,0.04208656772971153,0.066839799284935,0.06621689349412918,0.31896719336509705,0.9430841207504272
59.02799880001112,-0.45999813079833984,0.8038995862007141,0.042119089514017105,0.06710740923881531,0.06640083342790604,0.3190019130706787,0.9430404305458069
59.03171760000987,-0.4599625766277313,0.8039048910140991,0.042139746248722076,0.06719912588596344,0.06646731495857239,0.3191458284854889,0.9429805874824524
59.036216400010744,-0.45992207527160645,0.803908109664917,0.04218070209026337,0.06740099936723709,0.06651689857244492,0.31923842430114746,0.9429312944412231
59.04013439999835,-0.45988234877586365,0.8039185404777527,0.042203810065984726,0.06752002984285355,0.06658846139907837,0.31927815079689026,0.9429043531417847
59.044284000003245,-0.4598318934440613,0.8039222359657288,0.042245518416166306,0.06774374842643738,0.06663676351308823,0.3191792368888855,0.9429183602333069
59.04847370000789,-0.4597904682159424,0.8039381504058838,0.042276039719581604,0.06786206364631653,0.06673338264226913,0.3190377950668335,0.9429509043693542
59.05262930000026,-0.4597395658493042,0.8039509654045105,0.04228433221578598,0.06776029616594315,0.06689015030860901,0.31867608428001404,0.9430693984031677
59.05673450000177,-0.45968058705329895,0.8039677143096924,0.04232635349035263,0.06766661256551743,0.0669160783290863,0.3185969591140747,0.9431009888648987
59.060834000003524,-0.45963722467422485,0.8039854168891907,0.042349155992269516,0.06769632548093796,0.06686101853847504,0.3185870051383972,0.9431061148643494
59.06483620000654,-0.4596030116081238,0.8039979934692383,0.04236675426363945,0.06747350841760635,0.06679490953683853,0.3186500370502472,0.9431054592132568
59.06961260001117,-0.45956918597221375,0.8040157556533813,0.042376674711704254,0.06714766472578049,0.06678411364555359,0.3187064528465271,0.9431104063987732
59.07362080000166,-0.45954084396362305,0.8040288686752319,0.042392339557409286,0.0669952929019928,0.06677598506212234,0.3187284767627716,0.9431144595146179
59.07755590000306,-0.45950233936309814,0.8040536642074585,0.04243190959095955,0.0671541690826416,0.06711795926094055,0.3182511627674103,0.9432400465011597
59.082027199998265,-0.459468811750412,0.8040750026702881,0.04244507849216461,0.06682375818490982,0.06734183430671692,0.3181881308555603,0.9432687759399414
59.08591760000854,-0.4594424366950989,0.8040940761566162,0.04246148094534874,0.06647844612598419,0.06731529533863068,0.3184244930744171,0.9432153105735779
59.09020330000203,-0.459416002035141,0.8041195869445801,0.04248518496751785,0.06631100922822952,0.06729838997125626,0.3185253143310547,0.9431943297386169
59.094111300000804,-0.45939189195632935,0.8041455745697021,0.042507585138082504,0.06608927249908447,0.06748715043067932,0.31830036640167236,0.9432722926139832
59.0983702000085,-0.4593643844127655,0.8041778206825256,0.04253128543496132,0.06588488817214966,0.06760556250810623,0.31825026869773865,0.9432950615882874
59.10259629999928,-0.4593423008918762,0.8042187690734863,0.04257582500576973,0.06533727049827576,0.06768529117107391,0.31839823722839355,0.9432774782180786
59.10656369999924,-0.4593186676502228,0.8042550086975098,0.04260338470339775,0.06511450558900833,0.0676516443490982,0.31865862011909485,0.9432073831558228
59.1109781999985,-0.45929306745529175,0.8042828440666199,0.04262328892946243,0.0649581253528595,0.06770697236061096,0.3185174763202667,0.9432618618011475
59.11516330001177,-0.4592738449573517,0.8043245077133179,0.04263988509774208,0.06495721638202667,0.06774663180112839,0.3184192478656769,0.9432922005653381
59.11920510001073,-0.4592515528202057,0.8043627738952637,0.04266870766878128,0.06478751450777054,0.06763800978660583,0.31867802143096924,0.943224310874939
59.12344010001107,-0.45922529697418213,0.8043967485427856,0.0426955483853817,0.06468307226896286,0.06769360601902008,0.3186394274234772,0.9432404637336731
59.12769950000802,-0.4592081308364868,0.8044257164001465,0.04272235557436943,0.06462355703115463,0.0677807629108429,0.31865885853767395,0.9432317614555359
59.132155300001614,-0.45917627215385437,0.8044485449790955,0.042754046618938446,0.0648222267627716,0.06799639016389847,0.3186003863811493,0.9432222843170166
59.13645080001152,-0.45915937423706055,0.8044753074645996,0.042779404670000076,0.06494582444429398,0.06808298081159592,0.3185904026031494,0.9432109594345093
59.14016690000426,-0.4591420888900757,0.8045021891593933,0.04281014949083328,0.0649070218205452,0.06809312105178833,0.3187125623226166,0.9431716203689575
59.144453800006886,-0.4591141641139984,0.8045236468315125,0.04283309727907181,0.06495825201272964,0.06828559190034866,0.3187393248081207,0.943145215511322
59.148529099998996,-0.45909619331359863,0.8045496940612793,0.04286111891269684,0.06496474146842957,0.0684073269367218,0.3186514675617218,0.9431656002998352
59.152720600002795,-0.4590720534324646,0.8045939207077026,0.042892199009656906,0.06427659839391708,0.06840197741985321,0.3189154863357544,0.9431238770484924
59.156732200004626,-0.45905056595802307,0.8046202063560486,0.04292235150933266,0.06420998275279999,0.06835886836051941,0.3188764154911041,0.9431447982788086
59.16121330000169,-0.45902687311172485,0.8046485185623169,0.04296083748340607,0.0641588419675827,0.06837998330593109,0.31894898414611816,0.9431220889091492
59.16531609999947,-0.45899850130081177,0.8046720623970032,0.04298980161547661,0.06400424987077713,0.06837885826826096,0.3188829720020294,0.94315505027771
59.16918420000002,-0.4589730501174927,0.8046941757202148,0.04301731288433075,0.06398000568151474,0.06845472007989883,0.3188993036746979,0.9431456327438354
59.17379480000818,-0.45894667506217957,0.8047130107879639,0.04303976520895958,0.06392718106508255,0.06851381063461304,0.3187747001647949,0.9431871175765991
59.17815210000845,-0.4589184820652008,0.8047540187835693,0.04304886236786842,0.06376294046640396,0.06855446100234985,0.31877371668815613,0.9431955814361572
59.18184970000584,-0.4588913917541504,0.8047816753387451,0.043086472898721695,0.0637931153178215,0.0688164234161377,0.31823375821113586,0.9433568120002747
59.186042300003464,-0.45886537432670593,0.8048187494277954,0.04309834539890289,0.06351114064455032,0.06875493377447128,0.31852269172668457,0.9432827830314636
59.1901196000108,-0.45883774757385254,0.8048520684242249,0.04312518611550331,0.0633373036980629,0.06899186968803406,0.3185245096683502,0.9432766437530518
59.19427250001172,-0.4588152766227722,0.804874062538147,0.04314010217785835,0.06310159713029861,0.069043830037117,0.31856393814086914,0.9432752132415771
59.198320000010426,-0.4588070809841156,0.8049007058143616,0.04315946251153946,0.06298816204071045,0.06917747110128403,0.3185456395149231,0.9432792663574219
59.20252020000771,-0.45878854393959045,0.8049354553222656,0.04318544268608093,0.0628635585308075,0.06937192380428314,0.31870007514953613,0.9432210326194763
59.20682040000975,-0.4587739109992981,0.8049586415290833,0.04321004077792168,0.06257275491952896,0.06933915615081787,0.3189987242221832,0.9431419372558594
59.210955500006094,-0.45877233147621155,0.8049901127815247,0.043226469308137894,0.06223105266690254,0.0693528801202774,0.31903502345085144,0.9431511759757996
59.21510890001082,-0.45876309275627136,0.8050214648246765,0.04324689134955406,0.06233986094594002,0.06938870996236801,0.3190608024597168,0.9431326985359192
59.21937760000583,-0.45874908566474915,0.8050482869148254,0.04327436164021492,0.062247902154922485,0.06931585818529129,0.31943634152412415,0.9430169463157654
59.223391000006814,-0.4587315618991852,0.8051047325134277,0.043345771729946136,0.06199193000793457,0.06952313333749771,0.319217324256897,0.9430927038192749
59.22737560000678,-0.45871803164482117,0.8051327466964722,0.043375931680202484,0.061835046857595444,0.06953157484531403,0.31932395696640015,0.9430662989616394
59.23172830000112,-0.45870667695999146,0.8051618337631226,0.0434005931019783,0.06184706464409828,0.06958458572626114,0.3193734884262085,0.9430447816848755
59.23648740000499,-0.4586908519268036,0.805189311504364,0.043429017066955566,0.06180543452501297,0.06956159323453903,0.3195251226425171,0.9429978728294373
59.24060509999981,-0.45867201685905457,0.8052107691764832,0.043449096381664276,0.06187057867646217,0.0696670338511467,0.3195297122001648,0.9429842829704285
59.24445040000137,-0.45865362882614136,0.8052303194999695,0.043473295867443085,0.06188401207327843,0.06964637339115143,0.31956592202186584,0.942972719669342
59.249283500001184,-0.458635538816452,0.8052650094032288,0.04348708316683769,0.061586104333400726,0.06971941888332367,0.31976696848869324,0.9429186582565308
59.25268560000404,-0.458615779876709,0.8052807450294495,0.0435074046254158,0.061513904482126236,0.0699833557009697,0.31985193490982056,0.9428749084472656
59.25675980000233,-0.45859256386756897,0.8052986264228821,0.04351941496133804,0.06142767146229744,0.06994270533323288,0.3199165165424347,0.9428616166114807
59.26076570000441,-0.4585787057876587,0.8053064346313477,0.0435117706656456,0.06126311048865318,0.07007919251918793,0.3198348879814148,0.942889928817749
59.26501730000018,-0.458557665348053,0.8053240776062012,0.04351598024368286,0.06113641709089279,0.06993406265974045,0.3199223577976227,0.9428792595863342
59.269540500012226,-0.45854660868644714,0.8053374886512756,0.043512649834156036,0.06100234389305115,0.06992658972740173,0.31993576884269714,0.9428839087486267
59.27339210000355,-0.4585358202457428,0.8053527474403381,0.04351160302758217,0.06084679812192917,0.06991700828075409,0.3200424909591675,0.9428584575653076
59.27767229999881,-0.4585248529911041,0.8053635358810425,0.04350809007883072,0.06076941266655922,0.06999731063842773,0.32001155614852905,0.9428679943084717
59.2817561999982,-0.4585161805152893,0.8053775429725647,0.04349852353334427,0.06061386317014694,0.07003612071275711,0.31998488306999207,0.9428842067718506
59.285864400007995,-0.45851239562034607,0.8053797483444214,0.04349055141210556,0.06069321185350418,0.0701427236199379,0.3201204240322113,0.942825198173523
59.29048760001024,-0.4585088789463043,0.8053830862045288,0.0434931181371212,0.06072930991649628,0.07022276520729065,0.3201253116130829,0.9428152441978455
59.29415220000374,-0.45851200819015503,0.8053866624832153,0.04350478947162628,0.06061236560344696,0.07008741050958633,0.32046589255332947,0.9427171349525452
59.29858420000528,-0.45850664377212524,0.8053889870643616,0.043508466333150864,0.060584887862205505,0.07009376585483551,0.3206189274787903,0.9426663517951965
59.302504899998894,-0.45850667357444763,0.8053835034370422,0.043502699583768845,0.06058404967188835,0.0700869932770729,0.3206164836883545,0.9426677227020264
59.306718799998634,-0.45850202441215515,0.8053879737854004,0.04348750412464142,0.060530200600624084,0.07027790695428848,0.32044827938079834,0.9427141547203064
59.31086320000759,-0.45850086212158203,0.8053844571113586,0.04348817840218544,0.060366787016391754,0.06999284774065018,0.32076704502105713,0.9426374435424805
59.31517330001225,-0.45849835872650146,0.8053920269012451,0.04348890855908394,0.06047583743929863,0.07002297788858414,0.320722758769989,0.9426432847976685
59.31944680000015,-0.4584936499595642,0.8053999543190002,0.043471042066812515,0.06043171510100365,0.07014065235853195,0.32052725553512573,0.942703902721405
59.32327829999849,-0.45848673582077026,0.8053964376449585,0.04345931485295296,0.06032588332891464,0.07027202099561691,0.320343554019928,0.9427633285522461
59.32741100000567,-0.4584890305995941,0.8054016828536987,0.04345029592514038,0.06024353578686714,0.07022850960493088,0.3203847110271454,0.9427579045295715
59.33178800001042,-0.4584897756576538,0.8054070472717285,0.04344307631254196,0.06029343977570534,0.07020863890647888,0.3202299177646637,0.9428086876869202
59.33586410000862,-0.45849302411079407,0.805408775806427,0.04343477264046669,0.06017197668552399,0.07022450119256973,0.32020682096481323,0.9428231716156006
59.34010630000557,-0.4585011303424835,0.8054093718528748,0.04342873394489288,0.060080207884311676,0.07021293044090271,0.3201735317707062,0.9428412318229675
59.344117300002836,-0.45851248502731323,0.8054048418998718,0.04341923072934151,0.060191117227077484,0.07033456861972809,0.32004088163375854,0.9428701400756836
59.34835490000842,-0.45853307843208313,0.8054080605506897,0.04342421516776085,0.05987926200032234,0.07015269994735718,0.32023221254348755,0.9428385496139526
59.35793650000414,-0.45857590436935425,0.8054018020629883,0.04339916631579399,0.05993780493736267,0.07008645683526993,0.32027238607406616,0.9428260326385498
59.36176010000054,-0.45859456062316895,0.8053942918777466,0.04338366910815239,0.060287583619356155,0.07010547071695328,0.3203268349170685,0.9427838921546936
59.36555010000302,-0.4586237072944641,0.8053914308547974,0.04338434338569641,0.06005694717168808,0.07006294280290604,0.32044368982315063,0.942762017250061
59.36918030001107,-0.4586452543735504,0.8053818345069885,0.043364934623241425,0.06007619574666023,0.07001591473817825,0.32036828994750977,0.9427899122238159
59.3737739000062,-0.4586678147315979,0.8053694367408752,0.04334405064582825,0.060200922191143036,0.07002735882997513,0.3204841911792755,0.9427416920661926
59.38017070000933,-0.45869848132133484,0.8053653836250305,0.043324682861566544,0.06015339493751526,0.06995709240436554,0.3206177055835724,0.9427044987678528
59.38393530000758,-0.4587288796901703,0.8053606152534485,0.04329447075724602,0.060324858874082565,0.0701083168387413,0.3203788995742798,0.94276362657547
59.38839610001014,-0.45876118540763855,0.8053573369979858,0.04326597601175308,0.060268670320510864,0.0700799897313118,0.32041341066360474,0.9427576065063477
59.39201830000093,-0.45879116654396057,0.8053496479988098,0.04323837161064148,0.060150425881147385,0.06998414546251297,0.3205201029777527,0.9427359700202942
59.39701159999822,-0.45882853865623474,0.8053532242774963,0.04322507604956627,0.06020405888557434,0.0698639526963234,0.3206811845302582,0.9426866173744202
59.403419700000086,-0.4588946998119354,0.8053423166275024,0.0431448295712471,0.05942581593990326,0.0695912316441536,0.3211636245250702,0.9425920248031616
59.406914500010316,-0.45894548296928406,0.8053527474403381,0.043132323771715164,0.059260234236717224,0.06920143961906433,0.3212532103061676,0.9426006078720093
59.410917100001825,-0.45898833870887756,0.8053556084632874,0.04311726242303848,0.05937058478593826,0.06885886192321777,0.3213776648044586,0.9425763487815857
59.415009300006204,-0.45902183651924133,0.8053610920906067,0.043096963316202164,0.05927424132823944,0.06886269152164459,0.3211240768432617,0.9426684975624084
59.41913010001008,-0.45905640721321106,0.8053690791130066,0.04308537393808365,0.059321001172065735,0.06869710981845856,0.3211044669151306,0.9426842927932739
59.42365399999835,-0.4590955078601837,0.8053746223449707,0.04307203367352486,0.059274766594171524,0.06859862804412842,0.3210900127887726,0.9426993131637573
59.42756360000931,-0.4591367840766907,0.8053719401359558,0.043052129447460175,0.059699513018131256,0.06838316470384598,0.32077881693840027,0.9427940249443054
59.43153919999895,-0.45917052030563354,0.805372416973114,0.043037157505750656,0.0597291924059391,0.06837450712919235,0.32060107588768005,0.9428532719612122
59.436080800005584,-0.45920655131340027,0.805368185043335,0.043025318533182144,0.05978986248373985,0.0683654323220253,0.320526659488678,0.9428754448890686
59.44008159999794,-0.4592379629611969,0.805366575717926,0.043010663241147995,0.059736933559179306,0.06822812557220459,0.32051607966423035,0.9428923726081848
59.44429530001071,-0.45927390456199646,0.8053577542304993,0.04299497231841087,0.05980170890688896,0.068220354616642,0.3204793930053711,0.9429011940956116
59.44856710000022,-0.4593117833137512,0.8053537607192993,0.042978473007678986,0.05989518016576767,0.06822226941585541,0.3202976882457733,0.9429569244384766
59.45267369999783,-0.45935389399528503,0.8053423762321472,0.04295795038342476,0.059920817613601685,0.06827481091022491,0.3201484680175781,0.9430021047592163
59.4568442000018,-0.45939019322395325,0.8053324222564697,0.04293955862522125,0.05990450084209442,0.06825901567935944,0.3202677369117737,0.9429638385772705
59.46079900000768,-0.45943716168403625,0.8053103685379028,0.04291895404458046,0.06003323942422867,0.06805724650621414,0.3204260468482971,0.9429164528846741
59.46496090000437,-0.4594945013523102,0.8053137063980103,0.042908284813165665,0.0601310133934021,0.06810438632965088,0.32099449634552,0.9427133798599243
59.46967880000011,-0.4595332443714142,0.8053135275840759,0.04289642348885536,0.06007194146513939,0.06794701516628265,0.32119980454444885,0.9426586627960205
59.47333750000689,-0.4595693051815033,0.8053051829338074,0.04287637397646904,0.06005483120679855,0.06800154596567154,0.3211499750614166,0.9426727294921875
59.47749509999994,-0.45960384607315063,0.8053044080734253,0.042858924716711044,0.05986025184392929,0.06792793422937393,0.3212811350822449,0.9426457285881042
59.481629200003226,-0.45964059233665466,0.8052998781204224,0.042842622846364975,0.05986209586262703,0.06784683465957642,0.3213411271572113,0.9426310062408447
59.48505830000795,-0.45964059233665466,0.8052998781204224,0.042842622846364975,0.05986209586262703,0.06784683465957642,0.3213411271572113,0.9426310062408447
59.48872080000001,-0.4596867859363556,0.8052871823310852,0.042803678661584854,0.05972056835889816,0.0683090016245842,0.3211846947669983,0.9426599144935608
59.49299460000475,-0.45972561836242676,0.8052852749824524,0.04278096184134483,0.0595620833337307,0.06835789233446121,0.3211873173713684,0.9426655173301697
59.496491500001866,-0.459765762090683,0.805275022983551,0.04276277497410774,0.05966256558895111,0.06824289262294769,0.3212489187717438,0.9426465630531311
59.50039450000622,-0.45980244874954224,0.8052635788917542,0.04273051396012306,0.059482116252183914,0.0684228166937828,0.3211376965045929,0.9426828026771545
59.504424700004165,-0.45983898639678955,0.8052592277526855,0.04271303117275238,0.059309761971235275,0.06851186603307724,0.32112380862236023,0.9426919221878052
59.5085773000028,-0.45986902713775635,0.8052586317062378,0.042694900184869766,0.05922894924879074,0.06857795268297195,0.3210790753364563,0.942707359790802
59.51300560000527,-0.4599016010761261,0.8052597045898438,0.042678724974393845,0.05914082005620003,0.06860733777284622,0.3210325539112091,0.9427266716957092
59.51698390000092,-0.4599322974681854,0.8052602410316467,0.042665641754865646,0.05914759263396263,0.06868067383766174,0.32099559903144836,0.9427335262298584
59.522297800009255,-0.4599624574184418,0.8052628636360168,0.042657993733882904,0.05909354239702225,0.06871670484542847,0.3210058808326721,0.9427307844161987
59.5258804000041,-0.45998746156692505,0.8052679896354675,0.04265711084008217,0.05905557796359062,0.06873542070388794,0.3210776746273041,0.942707359790802
59.533728900001734,-0.4600440263748169,0.8052888512611389,0.04266367852687836,0.05886300653219223,0.06869654357433319,0.3210080862045288,0.9427459239959717
59.537685000002966,-0.46006762981414795,0.8053014874458313,0.042669933289289474,0.05900924280285835,0.06869728863239288,0.32098689675331116,0.9427438378334045
59.542125600011786,-0.46009787917137146,0.8053064942359924,0.0426664762198925,0.05902744084596634,0.06858129054307938,0.32107001543045044,0.9427228569984436
59.54596529999981,-0.4601204991340637,0.8053159713745117,0.042667847126722336,0.059153638780117035,0.06863100081682205,0.320997029542923,0.9427362084388733
59.549646800005576,-0.46014922857284546,0.8053117394447327,0.04264144226908684,0.0589660182595253,0.06902027875185013,0.3208560645580292,0.9427675604820251
59.55828370001109,-0.46017763018608093,0.8053172826766968,0.04264216497540474,0.05905164033174515,0.0689779594540596,0.3209747076034546,0.9427248239517212
59.56270520000544,-0.4601970314979553,0.8053178191184998,0.04263374209403992,0.05905500426888466,0.06893536448478699,0.3209954798221588,0.9427207112312317
59.56691560000763,-0.4602108895778656,0.805322527885437,0.04262296482920647,0.058993149548769,0.06886780261993408,0.3209914565086365,0.9427309036254883
59.571087400006945,-0.4602261185646057,0.805329442024231,0.04260856658220291,0.05890525132417679,0.06892130523920059,0.3209465444087982,0.9427478313446045
59.574568900003214,-0.4602411389350891,0.8053285479545593,0.042592182755470276,0.05880678817629814,0.0689646452665329,0.3207951486110687,0.9428023099899292
59.5782171000028,-0.46026018261909485,0.8053364753723145,0.042579978704452515,0.058663710951805115,0.06900021433830261,0.32081761956214905,0.9428009390830994
59.582062700006645,-0.46027716994285583,0.8053510785102844,0.042581502348184586,0.05860824137926102,0.06900888681411743,0.32078835368156433,0.9428137540817261
59.58580939999956,-0.4602993130683899,0.8053692579269409,0.042577680200338364,0.05855253338813782,0.06905507296323776,0.32077664136886597,0.942817747592926
59.590250200009905,-0.4603213667869568,0.8053883910179138,0.042585015296936035,0.058601412922143936,0.06906742602586746,0.32072725892066956,0.9428306221961975
59.59428910000133,-0.4603447914123535,0.8054059743881226,0.04259346425533295,0.05852543190121651,0.06909050047397614,0.32092714309692383,0.9427656531333923
59.59834399999818,-0.46037089824676514,0.8054309487342834,0.04260152950882912,0.05857738479971886,0.06909722089767456,0.32085293531417847,0.9427871704101562
59.602644400001736,-0.4603998064994812,0.8054673671722412,0.04262450709939003,0.05860816314816475,0.06893466413021088,0.32121893763542175,0.942672610282898
59.60610109999834,-0.4603998064994812,0.8054673671722412,0.04262450709939003,0.05860816314816475,0.06893466413021088,0.32121893763542175,0.942672610282898
59.610774000000674,-0.4604504406452179,0.8055256605148315,0.04265635088086128,0.0584234893321991,0.06895124167203903,0.32125958800315857,0.9426689147949219
59.61499810000532,-0.4604710340499878,0.8055489659309387,0.042675286531448364,0.05846426263451576,0.06899862736463547,0.32129180431365967,0.9426519870758057
59.61928880000778,-0.4604986310005188,0.8055634498596191,0.042684298008680344,0.058369237929582596,0.06910452991724014,0.3213241994380951,0.9426390528678894
59.62340019999829,-0.46051591634750366,0.8055902123451233,0.04270782321691513,0.05845398083329201,0.06894382834434509,0.3217568099498749,0.942497968673706
59.62753180001164,-0.46054404973983765,0.8056163787841797,0.04273287206888199,0.058407388627529144,0.06882022321224213,0.3223162591457367,0.9423187375068665
59.63182270000107,-0.46056318283081055,0.8056390285491943,0.04275084286928177,0.05838334560394287,0.06883938610553741,0.32244762778282166,0.9422739744186401
59.63666280001053,-0.46057024598121643,0.8056553602218628,0.042766962200403214,0.05834907293319702,0.06884511560201645,0.3224851191043854,0.9422628283500671
59.64098670000385,-0.4605821669101715,0.8056793808937073,0.04277963563799858,0.05833816155791283,0.06885595619678497,0.3225427567958832,0.9422429203987122
59.64516510000976,-0.4605868458747864,0.8057172298431396,0.0427955761551857,0.05813225731253624,0.06892866641283035,0.32262659072875977,0.9422216415405273
59.648565299998154,-0.4605967700481415,0.8057472109794617,0.042809683829545975,0.05822071060538292,0.06894990801811218,0.32246118783950806,0.9422711730003357
59.65270810000948,-0.4606049358844757,0.8057804107666016,0.04283040761947632,0.058293040841817856,0.06910110265016556,0.3221963346004486,0.9423462748527527
59.6609146999981,-0.46062299609184265,0.8058393597602844,0.04287124425172806,0.05816090106964111,0.06920458376407623,0.32221081852912903,0.9423419237136841
59.66496700000425,-0.4606284499168396,0.8058632016181946,0.042892616242170334,0.058032020926475525,0.06913066655397415,0.322270005941391,0.9423350095748901
59.669177300005686,-0.46063825488090515,0.8058926463127136,0.04291103407740593,0.0580451600253582,0.06917688995599747,0.322217732667923,0.9423486590385437
59.67341880001186,-0.46065232157707214,0.8059406876564026,0.042941294610500336,0.057990673929452896,0.0689689889550209,0.32271185517311096,0.9421981573104858
59.67744430000312,-0.4606555104255676,0.8059741258621216,0.04297356680035591,0.0578547865152359,0.0688675120472908,0.32288268208503723,0.9421554207801819
59.68175260000862,-0.4606415927410126,0.8060720562934875,0.043023474514484406,0.05910303443670273,0.0691399946808815,0.3212790787220001,0.9426060914993286
59.68590500000573,-0.4606424868106842,0.8061219453811646,0.0430583693087101,0.058859989047050476,0.06919708102941513,0.32126712799072266,0.9426211714744568
59.689984100012225,-0.46065714955329895,0.8061653971672058,0.04307735338807106,0.05857938528060913,0.06945851445198059,0.32075849175453186,0.9427926540374756
59.69424290000461,-0.4606603682041168,0.8062141537666321,0.04309593141078949,0.05843904986977577,0.06954508274793625,0.3207172751426697,0.942808985710144
59.69849770001019,-0.46066606044769287,0.806263267993927,0.043116845190525055,0.058424368500709534,0.06952077895402908,0.32061338424682617,0.9428470134735107
59.70344740001019,-0.4606730043888092,0.8063164353370667,0.04314759373664856,0.05857047811150551,0.06955394148826599,0.32055819034576416,0.9428543448448181
59.711808899999596,-0.46069565415382385,0.8064576983451843,0.04323757067322731,0.05912626162171364,0.06976831704378128,0.3200470507144928,0.9429774880409241
59.71552700000757,-0.4607125520706177,0.8065313100814819,0.043268535286188126,0.059162940829992294,0.0698433369398117,0.3202168047428131,0.9429118633270264
59.71976960000757,-0.46073058247566223,0.8066059947013855,0.0433158352971077,0.05926577374339104,0.06993326544761658,0.3201353847980499,0.9429265260696411
59.723403800002416,-0.46074751019477844,0.806685209274292,0.04337571933865547,0.05929014831781387,0.06984291970729828,0.3202105760574341,0.9429060220718384
59.72762380000495,-0.46074730157852173,0.8067637085914612,0.04341544583439827,0.0594608411192894,0.07004880905151367,0.3202686607837677,0.9428603649139404
59.731672599999,-0.46076467633247375,0.8068533539772034,0.043460913002491,0.05945666879415512,0.06994057446718216,0.3203359544277191,0.9428457617759705
59.735224000003655,-0.46076467633247375,0.8068533539772034,0.043460913002491,0.05945666879415512,0.06994057446718216,0.3203359544277191,0.9428457617759705
59.7394123999984,-0.46077847480773926,0.8070465922355652,0.043554097414016724,0.05885584279894829,0.06997577846050262,0.3204723596572876,0.9428344964981079
59.74397750000935,-0.46077775955200195,0.807144045829773,0.04360014200210571,0.05898989364504814,0.07003562897443771,0.3201872706413269,0.942918598651886
59.7486166000017,-0.46077772974967957,0.8072388768196106,0.04364391788840294,0.05880843847990036,0.07007768005132675,0.3200724720954895,0.9429657459259033
59.75250760000199,-0.46075570583343506,0.8073487281799316,0.04370807111263275,0.05869754031300545,0.06988582760095596,0.3199978768825531,0.9430121779441833
59.75686829999904,-0.4607427418231964,0.807477593421936,0.043752215802669525,0.057579413056373596,0.06991518288850784,0.32032710313796997,0.9429671168327332
59.76089720000164,-0.46075332164764404,0.8076002597808838,0.0437832772731781,0.057229045778512955,0.07004669308662415,0.3199367821216583,0.9431113004684448
59.764941900008125,-0.46074050664901733,0.8077509999275208,0.04386688768863678,0.056763943284749985,0.07045658677816391,0.31935977935791016,0.9433044195175171
59.7691640000121,-0.4607456624507904,0.8078790307044983,0.04391704872250557,0.05640024319291115,0.07050026208162308,0.319467693567276,0.9432863593101501
59.773185900005046,-0.4607483148574829,0.8080135583877563,0.04397578909993172,0.056360065937042236,0.07087914645671844,0.31911203265190125,0.9433807730674744
59.778298100005486,-0.46075910329818726,0.808179497718811,0.04406305402517319,0.05656696856021881,0.07083110511302948,0.31894126534461975,0.943429708480835
59.78163830000267,-0.46077850461006165,0.8083351850509644,0.04412716627120972,0.056615494191646576,0.07074315845966339,0.3191550374031067,0.9433611631393433
59.78575210001145,-0.4608074724674225,0.8084983825683594,0.04419581964612007,0.056486450135707855,0.070705346763134,0.3193351924419403,0.9433107972145081
59.789972300000954,-0.4608347415924072,0.8086744546890259,0.04425923526287079,0.05635039508342743,0.07071704417467117,0.31953680515289307,0.9432497024536133
59.79422960001102,-0.46086403727531433,0.8088676333427429,0.04429323598742485,0.05638200417160988,0.07098701596260071,0.31986379623413086,0.9431166648864746
59.79880260000937,-0.4608877897262573,0.809079647064209,0.04436323046684265,0.056140754371881485,0.07125131040811539,0.31966185569763184,0.9431796669960022
59.80254450000939,-0.46092209219932556,0.8093584179878235,0.04448294639587402,0.05673066899180412,0.07160310447216034,0.31918269395828247,0.9432799220085144
59.80674350001209,-0.46095430850982666,0.8095696568489075,0.044587910175323486,0.05651777610182762,0.07168219238519669,0.3192054331302643,0.9432790279388428
59.81085790001089,-0.46100905537605286,0.8098705410957336,0.04469066858291626,0.05589080601930618,0.07217548787593842,0.3193758428096771,0.9432211518287659
59.815166500004125,-0.4610365331172943,0.810112476348877,0.04481491073966026,0.05624939873814583,0.0720384418964386,0.3190426528453827,0.9433230757713318
59.81972769999993,-0.4610610604286194,0.8103380799293518,0.044911328703165054,0.05638029798865318,0.07200395315885544,0.31881746649742126,0.9433939456939697
59.82337300000654,-0.4610610604286194,0.8103380799293518,0.044911328703165054,0.05638029798865318,0.07200395315885544,0.31881746649742126,0.9433939456939697
59.827705700008664,-0.46110105514526367,0.8108519911766052,0.045120835304260254,0.05564066022634506,0.07212314754724503,0.31874048709869385,0.9434548616409302
59.83178420001059,-0.4611310064792633,0.811112105846405,0.045222848653793335,0.05487366393208504,0.07238047569990158,0.31886881589889526,0.9434366226196289
59.83607450001,-0.4611409604549408,0.811397910118103,0.04533959925174713,0.05460327863693237,0.07263871282339096,0.31889888644218445,0.9434223771095276
59.84048130000883,-0.4611760377883911,0.811712920665741,0.04548149183392525,0.05501923710107803,0.07327233999967575,0.3179478049278259,0.9436700940132141
59.84415450000961,-0.4612065255641937,0.8120502829551697,0.045613255351781845,0.0547882542014122,0.07289982587099075,0.31866058707237244,0.9434720277786255
59.84837830001197,-0.46123600006103516,0.812452495098114,0.04574640467762947,0.05555087327957153,0.07309754192829132,0.31754887104034424,0.9437868595123291
59.85272550000809,-0.4612809419631958,0.8128787875175476,0.04586402326822281,0.054370030760765076,0.07295305281877518,0.317467600107193,0.9438941478729248
59.8569576000009,-0.46131959557533264,0.8132808208465576,0.04599437490105629,0.05367595702409744,0.07322322577238083,0.3167809844017029,0.9441435933113098
59.860943700012285,-0.4613586664199829,0.8136730194091797,0.046133920550346375,0.05377267301082611,0.07391322404146194,0.31511589884757996,0.9446414709091187
59.86509210000804,-0.4613761305809021,0.8140692114830017,0.04625410959124565,0.053425565361976624,0.07364439964294434,0.3153987228870392,0.944587767124176
59.869822900000145,-0.4613964557647705,0.8144921660423279,0.04639069363474846,0.052214544266462326,0.07389908283948898,0.31575798988342285,0.9445155262947083
59.87341460000607,-0.46142667531967163,0.8149555325508118,0.04656580090522766,0.051950376480817795,0.07410745322704315,0.31504347920417786,0.9447523355484009
59.87746990000596,-0.4614337086677551,0.815541684627533,0.046742212027311325,0.05193130671977997,0.07545757293701172,0.31293153762817383,0.9453482627868652
59.88186760000826,-0.4614490866661072,0.8160227537155151,0.04688762128353119,0.051464978605508804,0.0753304660320282,0.31278476119041443,0.9454324245452881
59.88622000000032,-0.461469441652298,0.8165262937545776,0.04705527424812317,0.05040844529867172,0.07534662634134293,0.3129189610481262,0.9454435706138611
59.89426430000458,-0.46150854229927063,0.8174965381622314,0.04742967337369919,0.05039658397436142,0.0761454701423645,0.31150469183921814,0.9458472728729248
59.8985190000094,-0.46152520179748535,0.8181814551353455,0.047650404274463654,0.04968743398785591,0.07742642611265182,0.3095181882381439,0.9464327096939087
59.902593100006925,-0.4615718722343445,0.8187779784202576,0.0478459931910038,0.04954228177666664,0.07773952186107635,0.31024301052093506,0.9461772441864014
59.90664800000377,-0.4615614712238312,0.8193876147270203,0.04804641008377075,0.04965105652809143,0.07791679352521896,0.30959469079971313,0.9463692903518677
59.91086170000199,-0.4615989923477173,0.8199881315231323,0.04822561517357826,0.04892986640334129,0.07816912978887558,0.31008052825927734,0.9462270140647888
59.914919000002556,-0.4616256654262543,0.8206779360771179,0.04845033586025238,0.05009440332651138,0.07930246740579605,0.30689606070518494,0.9471095204353333
59.9190096000093,-0.46159887313842773,0.8213629126548767,0.04869949817657471,0.04891051724553108,0.07999424636363983,0.306873619556427,0.9471205472946167
59.923297700006515,-0.46159493923187256,0.8220149278640747,0.04891302064061165,0.04796937480568886,0.07972612231969833,0.3079473376274109,0.9468427896499634
59.92805240000598,-0.46159812808036804,0.8226894736289978,0.04911302030086517,0.04868554323911667,0.08017516881227493,0.30667823553085327,0.9471800923347473
59.93174350001209,-0.4616086781024933,0.8234730958938599,0.049380019307136536,0.04880709946155548,0.0810796469449997,0.30475759506225586,0.9477166533470154
59.935766599999624,-0.46159544587135315,0.8242477178573608,0.049596164375543594,0.048096150159835815,0.08178078383207321,0.30374830961227417,0.9480167627334595
59.942408700007945,-0.4615345895290375,0.824944794178009,0.04983404278755188,0.046983446925878525,0.08163997530937195,0.30513015389442444,0.9476407766342163
59.9463989000069,-0.4615030288696289,0.8256723284721375,0.05000242218375206,0.04621412232518196,0.08170118927955627,0.30565181374549866,0.9475052952766418
59.95085900000413,-0.46151116490364075,0.826553463935852,0.05030588060617447,0.04720589891076088,0.08303232491016388,0.30225735902786255,0.9484291076660156
59.95433560000674,-0.4614579677581787,0.8273482322692871,0.05056626349687576,0.04582971706986427,0.08333554118871689,0.30245792865753174,0.9484061002731323
59.95851440000115,-0.46140068769454956,0.8281158804893494,0.05074075236916542,0.0456954725086689,0.08357051014900208,0.30355653166770935,0.948040783405304
59.96281579999777,-0.46140772104263306,0.8290184736251831,0.050956204533576965,0.04532123729586601,0.08461587876081467,0.3010627031326294,0.9487610459327698
59.96665000000212,-0.46137163043022156,0.8298535943031311,0.051190897822380066,0.04510003700852394,0.08524048328399658,0.30013924837112427,0.9490081667900085
59.97086630000558,-0.46134069561958313,0.8307317495346069,0.05145357921719551,0.043881118297576904,0.08588702231645584,0.2994486093521118,0.9492251873016357
59.97495570000319,-0.4613264799118042,0.8316018581390381,0.051666662096977234,0.04381309822201729,0.08564074337482452,0.30063191056251526,0.9488765001296997
59.9786327000038,-0.46127477288246155,0.8325474858283997,0.051891788840293884,0.04241000488400459,0.08702176064252853,0.29910191893577576,0.949298083782196
59.98196080001071,-0.4612436890602112,0.8334107398986816,0.052078090608119965,0.04238037392497063,0.08799952268600464,0.2986010015010834,0.9493669271469116
59.99017220000678,-0.46113988757133484,0.8353208303451538,0.05258074775338173,0.04038996249437332,0.08931663632392883,0.29796430468559265,0.9495307207107544
59.99427150000702,-0.46105095744132996,0.8362675905227661,0.05285738408565521,0.04054523631930351,0.08982197195291519,0.2969842255115509,0.949783444404602
59.998360700003104,-0.46101635694503784,0.8372464179992676,0.05305541679263115,0.03899705410003662,0.09009448438882828,0.2979695498943329,0.949513852596283
60.00242440000875,-0.46093711256980896,0.838276743888855,0.053316760808229446,0.03810513764619827,0.09084145724773407,0.2970089912414551,0.9497796893119812
60.0070759000082,-0.4608542323112488,0.839197039604187,0.053550299257040024,0.03748152405023575,0.0916864350438118,0.296354204416275,0.9499278664588928
60.01124210000853,-0.46078571677207947,0.8402395248413086,0.053793538361787796,0.037555936723947525,0.0915532037615776,0.2965981960296631,0.9498616456985474
60.015064200008055,-0.4607027471065521,0.8412903547286987,0.054007790982723236,0.036069609224796295,0.09246823936700821,0.2957805395126343,0.9500855207443237
60.01938160001009,-0.46060648560523987,0.8422970175743103,0.054233402013778687,0.0367588996887207,0.09295394271612167,0.29441094398498535,0.950437068939209
60.02348570000322,-0.4605312943458557,0.8433628678321838,0.0544835589826107,0.03470420092344284,0.09297776967287064,0.2955158054828644,0.9501690864562988
60.02761109999847,-0.4604349136352539,0.8443893194198608,0.05472232773900032,0.03453638777136803,0.09315185993909836,0.2948966324329376,0.9503504037857056
60.03156350000063,-0.4603078067302704,0.8454720377922058,0.05492357909679413,0.035320840775966644,0.09479446709156036,0.29297515749931335,0.950753390789032
60.03582030000689,-0.46020475029945374,0.8465791344642639,0.055174972862005234,0.033191535621881485,0.09480426460504532,0.29423248767852783,0.9504408240318298
60.04008980000799,-0.4600745439529419,0.847663938999176,0.05537363886833191,0.03317238762974739,0.09582576900720596,0.29332345724105835,0.9506200551986694
60.0441514000122,-0.45997655391693115,0.848779559135437,0.0555662140250206,0.032879769802093506,0.09631910175085068,0.2938210368156433,0.9504266381263733
60.0485628000024,-0.4598753750324249,0.8499150276184082,0.055747516453266144,0.032514363527297974,0.09765197336673737,0.29333043098449707,0.9504547715187073
60.0528653000074,-0.45974987745285034,0.8510329723358154,0.055928412824869156,0.031655531376600266,0.09744250029325485,0.29367825388908386,0.950397789478302
60.05680289999873,-0.4596024453639984,0.8521885275840759,0.0561290942132473,0.03092845343053341,0.09815420210361481,0.2944229245185852,0.9501181244850159
60.06097690000024,-0.4594697952270508,0.8533396124839783,0.05625808238983154,0.03002936579287052,0.09904742240905762,0.2933977246284485,0.9503713846206665
60.0651033000031,-0.45930859446525574,0.8544740676879883,0.056435272097587585,0.02938752993941307,0.09966336935758591,0.2934364974498749,0.950314998626709
60.06931550000445,-0.4591580629348755,0.8556296825408936,0.056553829461336136,0.029281433671712875,0.10049954056739807,0.2933644950389862,0.9502525329589844
60.07363550001173,-0.4589812159538269,0.8568060994148254,0.05669713020324707,0.02766568586230278,0.10020581632852554,0.29441019892692566,0.9500084519386292
60.077505500012194,-0.4588143229484558,0.8579509258270264,0.05683530867099762,0.02759070135653019,0.10104971379041672,0.29434847831726074,0.9499403834342957
60.08178630001203,-0.4586232006549835,0.8591899275779724,0.05696882680058479,0.027852902188897133,0.10197389125823975,0.29331979155540466,0.9501521587371826
60.08584120000887,-0.4584328532218933,0.8603512644767761,0.05706678330898285,0.02575463242828846,0.1018567606806755,0.29430049657821655,0.9499205946922302
60.09131499999785,-0.4581992030143738,0.8615725636482239,0.05718306452035904,0.026583075523376465,0.10240135341882706,0.29310342669487,0.9502093195915222
60.09477799999877,-0.4579881727695465,0.8627628684043884,0.05728911980986595,0.02589995786547661,0.10274514555931091,0.29370662569999695,0.9500048160552979
60.10291220000363,-0.4575280249118805,0.8652365803718567,0.057445406913757324,0.024938475340604782,0.10493765026330948,0.2930501699447632,0.9499936103820801
60.10738549999951,-0.45728883147239685,0.8664581775665283,0.05750850588083267,0.024428224191069603,0.105406753718853,0.29275956749916077,0.9500445127487183
60.11108640000748,-0.4570222795009613,0.8677308559417725,0.05763663351535797,0.023160114884376526,0.10582711547613144,0.2933501899242401,0.9498472809791565
60.11555180000141,-0.4567510783672333,0.8689493536949158,0.057614706456661224,0.02407810650765896,0.10692103207111359,0.2926185429096222,0.9499276280403137
60.11942880001152,-0.4564734995365143,0.8702187538146973,0.05770663172006607,0.02307300828397274,0.10722152888774872,0.2928480803966522,0.9498479962348938
60.123523800008115,-0.4561896026134491,0.8714514374732971,0.05769868195056915,0.02284870855510235,0.10895082354545593,0.29153987765312195,0.9500591158866882
60.12755950000428,-0.45587119460105896,0.8727104663848877,0.05775899812579155,0.022791162133216858,0.10896573960781097,0.29151493310928345,0.950066328048706
60.131678600009764,-0.4555516242980957,0.873979389667511,0.05778820067644119,0.0220697820186615,0.10933133959770203,0.2922385334968567,0.949819028377533
60.13614640000742,-0.45521649718284607,0.8752092123031616,0.05774029716849327,0.0218333937227726,0.10994372516870499,0.29224666953086853,0.9497513175010681
60.13960120000411,-0.45521649718284607,0.8752092123031616,0.05774029716849327,0.0218333937227726,0.10994372516870499,0.29224666953086853,0.9497513175010681
60.14714670000831,-0.4545811116695404,0.8777456283569336,0.057688578963279724,0.01908670738339424,0.11129581183195114,0.2934316396713257,0.9492875337600708
60.15063980000559,-0.45425212383270264,0.8789281249046326,0.05769556015729904,0.020677439868450165,0.11212293058633804,0.29206809401512146,0.9495773315429688
60.154437200006214,-0.4539235234260559,0.8802365660667419,0.05758701637387276,0.01926122047007084,0.11305870115756989,0.29299941658973694,0.9492092728614807
60.1586665000068,-0.45356979966163635,0.8815135955810547,0.057547349482774734,0.017526719719171524,0.11289461702108383,0.2943543493747711,0.9488431215286255
60.1655088999978,-0.45283377170562744,0.8840282559394836,0.05736883357167244,0.017463000491261482,0.11512183398008347,0.29428428411483765,0.9485983848571777
60.16994780000823,-0.45242926478385925,0.8852953314781189,0.057261161506175995,0.01672377996146679,0.11543895304203033,0.2959039807319641,0.948069155216217
60.178062300008605,-0.45165228843688965,0.8878772854804993,0.057062964886426926,0.015585293993353844,0.1174732893705368,0.2963965833187103,0.947684645652771
60.18245649999881,-0.45165228843688965,0.8878772854804993,0.057062964886426926,0.015585293993353844,0.1174732893705368,0.2963965833187103,0.947684645652771
60.18712870001036,-0.4508087933063507,0.8904052376747131,0.05679209530353546,0.01547256950289011,0.11891867965459824,0.29675883054733276,0.9473928213119507
60.19202670000959,-0.45039206743240356,0.8916938900947571,0.05663051828742027,0.014876993373036385,0.11981183290481567,0.29597216844558716,0.9475359916687012
60.19583200001216,-0.44994285702705383,0.8930016160011292,0.056501686573028564,0.01433152798563242,0.12068338692188263,0.2968654930591583,0.9471542239189148
60.19967010000255,-0.44951075315475464,0.8942949175834656,0.056357491761446,0.013203312642872334,0.12161470949649811,0.2965865731239319,0.9471389055252075
60.20394550000492,-0.4490518569946289,0.8956332206726074,0.05618626996874809,0.013574250042438507,0.12208852916955948,0.2968730628490448,0.9469828605651855
60.207674800010864,-0.4486182630062103,0.8969370126724243,0.056050729006528854,0.01336617674678564,0.12255311757326126,0.296475350856781,0.9470503926277161
60.21104860000196,-0.44818705320358276,0.8982720375061035,0.05586539953947067,0.011316721327602863,0.12343564629554749,0.2982628345489502,0.9464010000228882
60.21507050000946,-0.4477255344390869,0.8995552062988281,0.05567028000950813,0.011046971194446087,0.12381843477487564,0.2980964481830597,0.9464066624641418
60.219406900010654,-0.44727733731269836,0.900854229927063,0.05547032877802849,0.011344547383487225,0.12526561319828033,0.2970079481601715,0.9465548992156982
60.22337150000385,-0.446811705827713,0.9021724462509155,0.05529429763555527,0.01043555699288845,0.12584814429283142,0.2980653643608093,0.9461556077003479
60.22745289999875,-0.4463717043399811,0.903491199016571,0.05504103749990463,0.009870198555290699,0.12731744349002838,0.29755908250808716,0.9461244940757751
60.231523800001014,-0.44594621658325195,0.9048217535018921,0.0549013651907444,0.009817773476243019,0.12778151035308838,0.2974480390548706,0.9460973143577576
60.236106100011966,-0.4455256760120392,0.9060996770858765,0.0546177439391613,0.009113084524869919,0.12837935984134674,0.2983406186103821,0.9457423686981201
60.240066400001524,-0.445069283246994,0.9074023962020874,0.05444340780377388,0.008441501297056675,0.12885905802249908,0.2981789708137512,0.9457343816757202
60.24423820000084,-0.4446299970149994,0.9087066650390625,0.05421055853366852,0.007987960241734982,0.12987151741981506,0.29783836007118225,0.9457070827484131
60.24841900001047,-0.44416508078575134,0.9100297093391418,0.05397352576255798,0.007912283763289452,0.1302383542060852,0.29864174127578735,0.9454039335250854
60.252590100004454,-0.4437241554260254,0.9112310409545898,0.05378855764865875,0.007177648600190878,0.13048617541790009,0.29914504289627075,0.9452164769172668
60.25695390001056,-0.44325071573257446,0.9125805497169495,0.053548820316791534,0.007420118898153305,0.13213849067687988,0.29961711168289185,0.9448354244232178
60.26094639999792,-0.4427608251571655,0.9138306975364685,0.053310420364141464,0.006610369775444269,0.13256773352622986,0.30027106404304504,0.944573700428009
60.26533590001054,-0.4422999322414398,0.9151103496551514,0.05301692709326744,0.006718242075294256,0.13371950387954712,0.3005630075931549,0.944317638874054
60.26930270000594,-0.44182729721069336,0.9163845181465149,0.052828554064035416,0.006253744009882212,0.1338840126991272,0.3007509112358093,0.9442377090454102
60.27327210000658,-0.44133660197257996,0.9176559448242188,0.05250220745801926,0.005652463063597679,0.13424257934093475,0.30197933316230774,0.9437984824180603
60.277565000011236,-0.4408423602581024,0.9189386367797852,0.05223848670721054,0.005674903281033039,0.13500133156776428,0.30282777547836304,0.9434181451797485
60.28178730000218,-0.4403432011604309,0.9201899766921997,0.05196163058280945,0.004123138263821602,0.13601219654083252,0.3036452829837799,0.9430181980133057
60.28581680000934,-0.43980950117111206,0.9214496612548828,0.05169983208179474,0.005609935615211725,0.13688848912715912,0.3033106327056885,0.9429913759231567
60.28985850000754,-0.43980950117111206,0.9214496612548828,0.05169983208179474,0.005609935615211725,0.13688848912715912,0.3033106327056885,0.9429913759231567
60.29434910000418,-0.43870651721954346,0.9239805340766907,0.05112612992525101,0.0035345947835594416,0.13824135065078735,0.3053240180015564,0.942154049873352
60.29857820000325,-0.4381824731826782,0.925194501876831,0.050790805369615555,0.0031204952392727137,0.13927538692951202,0.304696649312973,0.9422062039375305
60.3025384000066,-0.43763861060142517,0.9264987707138062,0.05045942962169647,0.0031095873564481735,0.1399555802345276,0.3062220513820648,0.9416108131408691
60.30665450000379,-0.4371250569820404,0.9277040362358093,0.05018012598156929,0.0018911545630544424,0.1405831277370453,0.3072053790092468,0.9412001371383667
60.3110338000115,-0.43653377890586853,0.9289706945419312,0.04982948675751686,0.0020321321208029985,0.1418362408876419,0.30665117502212524,0.941192626953125
60.31540390000737,-0.43596065044403076,0.9302074909210205,0.04948507249355316,0.0020406406838446856,0.14307284355163574,0.30788469314575195,0.9406025409698486
60.31941570001072,-0.4353695809841156,0.9314773678779602,0.04922144114971161,0.0011066963197663426,0.1432216614484787,0.3082253932952881,0.9404698014259338
60.32334329999867,-0.4347883462905884,0.9326661229133606,0.048837680369615555,0.0018322140676900744,0.14408114552497864,0.30753791332244873,0.9405624866485596
60.32761990001018,-0.4342273473739624,0.93388831615448,0.048487670719623566,0.001678640954196453,0.14360633492469788,0.30925729870796204,0.9400715231895447
60.33187429999816,-0.4336096942424774,0.9351091980934143,0.048050884157419205,0.0009683870011940598,0.1460118144750595,0.30882927775382996,0.9398426413536072
60.33581230000709,-0.43300026655197144,0.9363634586334229,0.04777417331933975,3.26127337757498e-05,0.14574116468429565,0.310438871383667,0.9393547177314758
60.3415146000043,-0.4324166476726532,0.937583327293396,0.04743624106049538,0.0003600042255129665,0.1466934233903885,0.31068694591522217,0.939124345779419
60.3450950000115,-0.43177804350852966,0.9387816190719604,0.04707157984375954,0.0009291776805184782,0.14883263409137726,0.30946457386016846,0.9391909837722778
60.3487790000072,-0.4311803877353668,0.9400300979614258,0.046793803572654724,0.0006205412792041898,0.14965106546878815,0.3100171685218811,0.9388788342475891
60.35264260000258,-0.430467426776886,0.9412242770195007,0.046412982046604156,0.0005757897743023932,0.15015244483947754,0.3106825053691864,0.9385789036750793
60.35636280001199,-0.430467426776886,0.9412242770195007,0.046412982046604156,0.0005757897743023932,0.15015244483947754,0.3106825053691864,0.9385789036750793
60.36254230000486,-0.42922845482826233,0.9435321092605591,0.04565633088350296,-0.00033430493203923106,0.152628555893898,0.3109370768070221,0.9380951523780823
60.36616669999785,-0.42858582735061646,0.94474858045578,0.045344118028879166,0.0001692316000116989,0.1528501659631729,0.3117608428001404,0.9377857446670532
60.370331400001305,-0.42787542939186096,0.9459036588668823,0.044965047389268875,0.00031970490817911923,0.15427647531032562,0.3133277893066406,0.9370295405387878
60.374242100006086,-0.42721298336982727,0.9470704793930054,0.04457886144518852,-0.0007549959700554609,0.15573686361312866,0.31338053941726685,0.9367700815200806
60.37772530000075,-0.4265565872192383,0.9482345581054688,0.04416879639029503,-0.0007244636653922498,0.1561964452266693,0.31316399574279785,0.9367659687995911
60.38193719999981,-0.425878643989563,0.9494039416313171,0.04384206607937813,4.280028406355996e-06,0.15745294094085693,0.31321531534194946,0.9365386962890625
60.38646360000712,-0.4251868426799774,0.950481116771698,0.04343220964074135,-0.00016533391317352653,0.15882523357868195,0.3142028748989105,0.9359760284423828
60.390622300008545,-0.42451217770576477,0.9516487717628479,0.04307333752512932,-0.000360548438038677,0.1609279066324234,0.31427106261253357,0.935593843460083
60.394072000010055,-0.42451217770576477,0.9516487717628479,0.04307333752512932,-0.000360548438038677,0.1609279066324234,0.31427106261253357,0.935593843460083
60.39811110000301,-0.4231678545475006,0.9539701342582703,0.04233305901288986,-0.0010278912959620357,0.16209110617637634,0.3159576654434204,0.9348241686820984
60.402545700009796,-0.4225150942802429,0.955053985118866,0.04188407212495804,-0.0003140764601994306,0.16359609365463257,0.31563347578048706,0.9346719980239868
60.406573600004776,-0.4218467175960541,0.9562235474586487,0.04155031591653824,-0.0007696803077124059,0.16506196558475494,0.3160243332386017,0.9342818856239319
60.41070820001187,-0.42117151618003845,0.9574412703514099,0.04116218164563179,-0.0006430645589716733,0.16582004725933075,0.31683349609375,0.9338735342025757
60.41496390000975,-0.4205124080181122,0.9585678577423096,0.040793970227241516,-0.0018956662388518453,0.16688206791877747,0.31712278723716736,0.933584451675415
60.419450800007326,-0.41984906792640686,0.9596987366676331,0.04036188870668411,-0.00162671715952456,0.16846178472042084,0.31673017144203186,0.9334345459938049
60.42302159999963,-0.41984906792640686,0.9596987366676331,0.04036188870668411,-0.00162671715952456,0.16846178472042084,0.31673017144203186,0.9334345459938049
60.42780390000553,-0.41860538721084595,0.9620668888092041,0.03957708925008774,-0.0024943994358181953,0.16967211663722992,0.3174766004085541,0.9329596757888794
60.43167170000379,-0.4180079400539398,0.9632413387298584,0.039164189249277115,-0.0035768751986324787,0.1702568084001541,0.31835806369781494,0.9325491786003113
60.43616300000576,-0.4173750579357147,0.9643443822860718,0.0388249047100544,-0.003792794421315193,0.1710774302482605,0.319042444229126,0.932164192199707
60.43994650000241,-0.41676804423332214,0.965556800365448,0.0384378582239151,-0.003773886477574706,0.1721862256526947,0.31934043765068054,0.9318580031394958
60.44408159999875,-0.41621124744415283,0.9666193723678589,0.038039982318878174,-0.00463702529668808,0.17382588982582092,0.3188062906265259,0.9317325949668884
60.44813850001083,-0.4156571328639984,0.9677760601043701,0.037631213665008545,-0.00546772126108408,0.1739250272512436,0.3200281858444214,0.9312906265258789
60.45244230001117,-0.415098637342453,0.9688998460769653,0.03726958855986595,-0.0063241226598620415,0.1743716597557068,0.32031506299972534,0.9311030507087708
60.456737600005,-0.41457030177116394,0.9699495434761047,0.03686399757862091,-0.006323964800685644,0.17555102705955505,0.3205890357494354,0.9307870268821716
60.46103099999891,-0.414031058549881,0.9710391163825989,0.036482904106378555,-0.006865047384053469,0.17677156627178192,0.32121309638023376,0.9303368926048279
60.465057599998545,-0.414031058549881,0.9710391163825989,0.036482904106378555,-0.006865047384053469,0.17677156627178192,0.32121309638023376,0.9303368926048279
60.46967489999952,-0.41305097937583923,0.9731835126876831,0.035726312547922134,-0.008556840009987354,0.17776302993297577,0.32313257455825806,0.9294688701629639
60.473352500004694,-0.4125562608242035,0.9742202162742615,0.03534546121954918,-0.008275231346487999,0.17856790125370026,0.3234827518463135,0.9291952848434448
60.47759000000951,-0.4120253622531891,0.9753112196922302,0.03496841341257095,-0.008623025380074978,0.17893636226654053,0.32428503036499023,0.9288415908813477
60.481669100001454,-0.4115474224090576,0.9763437509536743,0.034632112830877304,-0.010015384294092655,0.17943039536476135,0.32547688484191895,0.9283152222633362
60.48572760001116,-0.41099750995635986,0.9773551821708679,0.03423000127077103,-0.009702444076538086,0.17960824072360992,0.32679975032806396,0.9278193712234497
60.489918200008105,-0.4105193316936493,0.978385865688324,0.03391653299331665,-0.00976363755762577,0.18065236508846283,0.3252885043621063,0.9281469583511353
60.494052800000645,-0.4100477993488312,0.9793736934661865,0.033497635275125504,-0.010580050759017467,0.18108072876930237,0.3271460235118866,0.9274013638496399
60.49906750000082,-0.4095931351184845,0.9803512096405029,0.03310533985495567,-0.011142471805214882,0.18181589245796204,0.32588866353034973,0.9276936054229736
60.50268980000692,-0.4091564416885376,0.9813686013221741,0.0327824205160141,-0.011043025180697441,0.1824827343225479,0.3272841274738312,0.9270724654197693
60.50684890001139,-0.4086959958076477,0.9823314547538757,0.0323944017291069,-0.011489075608551502,0.18227845430374146,0.328512579202652,0.9266725778579712
60.51094480000029,-0.40824636816978455,0.9833148717880249,0.032031916081905365,-0.011573839001357555,0.18332917988300323,0.32845383882522583,0.9264850616455078
60.515053800001624,-0.40779760479927063,0.9842613935470581,0.031655553728342056,-0.012235195375978947,0.1834295690059662,0.32946643233299255,0.9260970950126648
60.51924460000009,-0.4073195159435272,0.9851956367492676,0.03130211681127548,-0.012838179245591164,0.183305561542511,0.330058753490448,0.9259026050567627
60.52347379999992,-0.4068647623062134,0.9861218929290771,0.03096121922135353,-0.012330571189522743,0.18391039967536926,0.32867980003356934,0.9262799620628357
60.528698300011456,-0.40642476081848145,0.9870795607566833,0.03054925985634327,-0.01370062492787838,0.18434888124465942,0.3303396999835968,0.9255828261375427
60.532388100007665,-0.40602245926856995,0.9880179762840271,0.03023470565676689,-0.013316774740815163,0.18485315144062042,0.33028462529182434,0.9255074262619019
60.54062929999782,-0.4051540791988373,0.9898192286491394,0.029500577598810196,-0.014174526557326317,0.18586303293704987,0.33043172955513,0.9252399206161499
60.54434750000655,-0.40474212169647217,0.9907057285308838,0.02912878431379795,-0.01387149840593338,0.18691386282444,0.3295609951019287,0.92534339427948
60.548622400005115,-0.40435707569122314,0.9915939569473267,0.028733406215906143,-0.014988698065280914,0.1869250386953354,0.33076557517051697,0.9248937964439392
60.55258190000313,-0.4039529263973236,0.9924184083938599,0.028378678485751152,-0.015530322678387165,0.18708524107933044,0.33110368251800537,0.924731433391571
60.557105700005195,-0.40354302525520325,0.9932428002357483,0.027924638241529465,-0.015971185639500618,0.18861736357212067,0.329065203666687,0.9251403212547302
60.56113880001067,-0.403168261051178,0.9940887093544006,0.027581851929426193,-0.016449494287371635,0.1885271966457367,0.3293409049510956,0.9250521659851074
60.56507650000276,-0.4028222858905792,0.9949670433998108,0.027253540232777596,-0.01691514253616333,0.18841637670993805,0.33101481199264526,0.9244686961174011
60.569983000008506,-0.4024338722229004,0.9957587122917175,0.02685290202498436,-0.017806217074394226,0.1888500303030014,0.33092397451400757,0.9243959784507751
60.57355070000631,-0.40209129452705383,0.9964981079101562,0.026497481390833855,-0.017604883760213852,0.1898079812526703,0.33025339245796204,0.9244434833526611
60.57763569999952,-0.40174463391304016,0.997346818447113,0.0261126346886158,-0.017793787643313408,0.190908744931221,0.33063507080078125,0.9240766763687134
60.58163670000795,-0.401400089263916,0.9980848431587219,0.025747543200850487,-0.018957985565066338,0.1907685250043869,0.3322274088859558,0.9235112071037292
60.58566340000834,-0.4010709822177887,0.9988641142845154,0.025334550067782402,-0.01896580122411251,0.19182780385017395,0.33108749985694885,0.9237009882926941
60.590122900001006,-0.4007393419742584,0.9995694756507874,0.024989524856209755,-0.01925688609480858,0.1920887678861618,0.3313073217868805,0.9235618710517883
60.594154300008086,-0.4003828465938568,1.0003681182861328,0.02461204119026661,-0.01999841444194317,0.19243302941322327,0.33166438341140747,0.9233463406562805
60.59824750000553,-0.4000706672668457,1.0010663270950317,0.024243628606200218,-0.020227937027812004,0.19241173565387726,0.3326966166496277,0.9229742884635925
60.60235169999942,-0.39974889159202576,1.0018166303634644,0.0238681398332119,-0.021114740520715714,0.19303078949451447,0.33179304003715515,0.9231504201889038
60.60670200000459,-0.3993963897228241,1.002516269683838,0.02352566085755825,-0.021390428766608238,0.19274106621742249,0.33169957995414734,0.923238217830658
60.61141399999906,-0.3990432918071747,1.003211259841919,0.023112475872039795,-0.021612294018268585,0.19403572380542755,0.3313015103340149,0.9231048226356506
60.615369500010274,-0.3987415134906769,1.003819227218628,0.022764375433325768,-0.022086117416620255,0.19432160258293152,0.33138763904571533,0.9230024218559265
60.619422500007204,-0.39842987060546875,1.0045535564422607,0.022365547716617584,-0.02294084057211876,0.1940809041261673,0.3321499526500702,0.9227582812309265
60.623498600005405,-0.39810189604759216,1.0052334070205688,0.02200249768793583,-0.02233615331351757,0.19548115134239197,0.33085036277770996,0.9229443669319153
60.627498200003174,-0.3977850675582886,1.0058777332305908,0.021646196022629738,-0.023015571758151054,0.19524870812892914,0.3321710228919983,0.9225024580955505
60.631600900000194,-0.39746928215026855,1.0064876079559326,0.021269291639328003,-0.02313242107629776,0.19552141427993774,0.3318728506565094,0.9225490093231201
60.63584860000992,-0.3971503674983978,1.0070431232452393,0.020863179117441177,-0.023849640041589737,0.1961781531572342,0.3318876326084137,0.9223859906196594
60.64001790000475,-0.39683592319488525,1.0077011585235596,0.020499955862760544,-0.023386025801301003,0.196309432387352,0.33070728182792664,0.9227938055992126
60.644771799998125,-0.3965335786342621,1.0083390474319458,0.020179271697998047,-0.02491658739745617,0.19708198308944702,0.33153679966926575,0.9222912788391113
60.64832860000024,-0.3962271809577942,1.008890151977539,0.019807986915111542,-0.02535800077021122,0.1968829333782196,0.33260440826416016,0.9219374060630798
60.652688000001945,-0.3958812952041626,1.00944185256958,0.019407980144023895,-0.02430255524814129,0.1971086859703064,0.3312012851238251,0.922422468662262
60.65675550000742,-0.3955676257610321,1.0100159645080566,0.01901448704302311,-0.025267943739891052,0.19745874404907227,0.33210888504981995,0.921995222568512
60.66130730000441,-0.395268052816391,1.0105763673782349,0.018689997494220734,-0.024572208523750305,0.19812554121017456,0.33050352334976196,0.9224478006362915
60.665279200009536,-0.3949963450431824,1.0111781358718872,0.018345525488257408,-0.025186266750097275,0.19918258488178253,0.33002519607543945,0.9223748445510864
60.66924509999808,-0.39471855759620667,1.0117180347442627,0.017940832301974297,-0.026201950386166573,0.1994294971227646,0.3305702209472656,0.9220980405807495
60.67346210000687,-0.3944520950317383,1.0122652053833008,0.017590880393981934,-0.025677859783172607,0.2002587914466858,0.3297959268093109,0.9222102761268616
60.681444600006216,-0.39397844672203064,1.0133471488952637,0.016809947788715363,-0.026253243908286095,0.20069795846939087,0.3292846977710724,0.9222812056541443
60.685852599999635,-0.39372876286506653,1.013850450515747,0.01642478071153164,-0.027183720842003822,0.20116020739078522,0.32953187823295593,0.9220653176307678
60.68994989999919,-0.39348846673965454,1.014344334602356,0.01608424261212349,-0.028321482241153717,0.2013169378042221,0.33012038469314575,0.921786367893219
60.694264600009774,-0.3932921290397644,1.0149729251861572,0.015723295509815216,-0.028590330854058266,0.20185790956020355,0.3288137912750244,0.9221266508102417
60.6984960000118,-0.39309608936309814,1.0154513120651245,0.015365516766905785,-0.028790296986699104,0.20130038261413574,0.32963189482688904,0.9219501614570618
60.702278900003876,-0.39309608936309814,1.0154513120651245,0.015365516766905785,-0.028790296986699104,0.20130038261413574,0.32963189482688904,0.9219501614570618
60.707321300011245,-0.3927180767059326,1.0165079832077026,0.014578727073967457,-0.028608040884137154,0.201927050948143,0.3297573924064636,0.9217739105224609
60.71114600000146,-0.3925209939479828,1.016931176185608,0.01422459539026022,-0.029485730454325676,0.20139551162719727,0.33072444796562195,0.9215160608291626
60.715580100004445,-0.3923407793045044,1.017401099205017,0.013882619328796864,-0.03032681718468666,0.2008979171514511,0.33151209354400635,0.9213142991065979
60.71963870000036,-0.39214715361595154,1.0179613828659058,0.01348990760743618,-0.03146584331989288,0.2013341784477234,0.3310391306877136,0.9213510155677795
60.7241337000014,-0.3919958472251892,1.0184412002563477,0.013116041198372841,-0.03105023317039013,0.20141048729419708,0.3307356834411621,0.9214574098587036
60.72838720001164,-0.3918244540691376,1.0189018249511719,0.012746419757604599,-0.03127976506948471,0.20152908563613892,0.33045342564582825,0.9215248823165894
60.731958100004704,-0.39165639877319336,1.019400715827942,0.012371120974421501,-0.03112858161330223,0.20154954493045807,0.3296741247177124,0.9218046069145203
60.7360086000117,-0.39149147272109985,1.0198686122894287,0.01196808647364378,-0.03076356090605259,0.20167572796344757,0.3294536769390106,0.921868085861206
60.740681600000244,-0.391376793384552,1.0203288793563843,0.011596528813242912,-0.03181997686624527,0.2013893723487854,0.32975709438323975,0.921786367893219
60.74437800000305,-0.3912319540977478,1.0208148956298828,0.011162434704601765,-0.03281616047024727,0.20109161734580994,0.3299213647842407,0.921757698059082
60.74871780000103,-0.39109519124031067,1.0212843418121338,0.01076950691640377,-0.032683443278074265,0.20100310444831848,0.32898035645484924,0.9221180081367493
60.753189100010786,-0.3909621238708496,1.021714448928833,0.010397235862910748,-0.033480726182460785,0.2013404369354248,0.3288460671901703,0.9220635890960693
60.756915100006154,-0.3908507525920868,1.022202491760254,0.009998571127653122,-0.03363291546702385,0.20094610750675201,0.3291058838367462,0.9220514297485352
60.76084430000628,-0.3907506763935089,1.0226411819458008,0.009588456712663174,-0.03384166583418846,0.20050497353076935,0.3289421796798706,0.9221982955932617
60.76474210000015,-0.3906317949295044,1.023062825202942,0.009187418967485428,-0.03582033887505531,0.1999579668045044,0.33086323738098145,0.9215548038482666
60.769168400001945,-0.3905212879180908,1.0234748125076294,0.008813602849841118,-0.03611072897911072,0.20007295906543732,0.3302229046821594,0.921748161315918
60.77339430000575,-0.3904261291027069,1.023843765258789,0.008384816348552704,-0.036814697086811066,0.20019997656345367,0.3299733102321625,0.9217821955680847
60.77756519999821,-0.39034947752952576,1.0243083238601685,0.007985328324139118,-0.03641153872013092,0.2009686380624771,0.3288799822330475,0.9220216274261475
60.78156030000537,-0.390261173248291,1.0246992111206055,0.007566963322460651,-0.03665005415678024,0.20035642385482788,0.3291935622692108,0.9220334887504578
60.78565450001042,-0.39018815755844116,1.0250848531723022,0.007138559594750404,-0.03740149363875389,0.19990535080432892,0.32962265610694885,0.9219479560852051
60.78986530000111,-0.3901374042034149,1.0254476070404053,0.006758819799870253,-0.038713082671165466,0.1998349279165268,0.33023801445961,0.9216887950897217
60.79398560000118,-0.39006221294403076,1.0258365869522095,0.006297524087131023,-0.038433972746133804,0.2000633031129837,0.3299618661403656,0.9217497706413269
60.79823900001065,-0.38999131321907043,1.0261818170547485,0.005859792698174715,-0.038262274116277695,0.2001815289258957,0.32900145649909973,0.9220744967460632
60.80231540001114,-0.3898959457874298,1.0265171527862549,0.005442836321890354,-0.039378613233566284,0.1998300403356552,0.3296659588813782,0.9218664765357971
60.807084200001555,-0.3898131847381592,1.0268757343292236,0.004999799653887749,-0.04064810648560524,0.199246346950531,0.33096104860305786,0.9214735627174377
60.811163800011855,-0.3897891640663147,1.0272303819656372,0.004576404113322496,-0.040881406515836716,0.19932791590690613,0.33092042803764343,0.9214602112770081
60.81499040000199,-0.3897540271282196,1.027594804763794,0.0041291192173957825,-0.04100872948765755,0.19901390373706818,0.3301772475242615,0.9217888712882996
60.81928799999878,-0.3896813690662384,1.0279136896133423,0.003712666453793645,-0.0418277271091938,0.19887833297252655,0.3303559720516205,0.9217172861099243
60.8233223999996,-0.3896186351776123,1.028243064880371,0.003252499271184206,-0.042987316846847534,0.19887150824069977,0.3309125006198883,0.9214658141136169
60.8276668000035,-0.3895531892776489,1.0285589694976807,0.0028275379445403814,-0.04296520724892616,0.19864507019519806,0.33077603578567505,0.9215646982192993
60.83219290000852,-0.38953450322151184,1.0288622379302979,0.0023793757427483797,-0.042926233261823654,0.1984304040670395,0.3305935263633728,0.9216781854629517
60.83680489999824,-0.3894766569137573,1.0291146039962769,0.001955814193934202,-0.04310733824968338,0.19830045104026794,0.3302282989025116,0.9218286275863647
60.84114060000866,-0.38938966393470764,1.0294067859649658,0.001481355051510036,-0.04451299086213112,0.1978902369737625,0.3312520980834961,0.9214826226234436
60.84506170000532,-0.38936710357666016,1.029678463935852,0.00101956888101995,-0.04555673897266388,0.1972893625497818,0.33189746737480164,0.9213281273841858
60.84874750000017,-0.3893238306045532,1.0299901962280273,0.0005730717675760388,-0.04476884379982948,0.19765198230743408,0.3300327658653259,0.9219586849212646
60.85319490000256,-0.38928741216659546,1.030215859413147,0.00012249697465449572,-0.04548806697130203,0.19801484048366547,0.32967275381088257,0.9219744205474854
60.85678750000079,-0.3892437517642975,1.0304622650146484,-0.0003118072636425495,-0.04685501009225845,0.1980455070734024,0.33044466376304626,0.9216229915618896
60.861185300003854,-0.3891970217227936,1.0306874513626099,-0.0008009602315723896,-0.04655246064066887,0.19768692553043365,0.33080482482910156,0.9215860366821289
60.86543289999827,-0.38915589451789856,1.0308886766433716,-0.0012776448857039213,-0.04731342941522598,0.19708454608917236,0.3315829932689667,0.9213966727256775
60.869430700011435,-0.3891485333442688,1.0311076641082764,-0.0017585903406143188,-0.04674861207604408,0.1966138333082199,0.3313816487789154,0.921598494052887
60.87385180000274,-0.38911405205726624,1.0312893390655518,-0.002206202130764723,-0.04732760041952133,0.19662006199359894,0.3312899172306061,0.9216006398200989
60.87771080000675,-0.38912051916122437,1.031520962715149,-0.0026540604885667562,-0.04824347048997879,0.19625449180603027,0.3313247263431549,0.9216185808181763
60.88205949999974,-0.3891160488128662,1.0317331552505493,-0.0031128390692174435,-0.04909103736281395,0.1958758682012558,0.3319694399833679,0.9214222431182861
60.88616130000446,-0.3891496956348419,1.0319138765335083,-0.0035779604222625494,-0.04856550320982933,0.1960921585559845,0.3303333818912506,0.9219918847084045
60.89003720000619,-0.3891749083995819,1.0320639610290527,-0.004064418375492096,-0.04863191768527031,0.19560156762599945,0.33042266964912415,0.9220606088638306
60.89440740000282,-0.38917431235313416,1.032213568687439,-0.004535328131169081,-0.04959795996546745,0.19550035893917084,0.3298625349998474,0.9222312569618225
60.89859000001161,-0.3891863226890564,1.03238046169281,-0.004994061775505543,-0.04984917864203453,0.19520890712738037,0.32965680956840515,0.9223529100418091
60.9029581000068,-0.38921868801116943,1.0325403213500977,-0.005452532321214676,-0.05025412514805794,0.19483178853988647,0.33033835887908936,0.9221668839454651
60.906897400011076,-0.38927194476127625,1.0326824188232422,-0.005902782082557678,-0.05075280740857124,0.1944405734539032,0.3312922418117523,0.9218798875808716
60.91090129999793,-0.38932308554649353,1.0328121185302734,-0.006360504776239395,-0.05070500448346138,0.19406437873840332,0.33116963505744934,0.922005832195282
60.914984100003494,-0.38937893509864807,1.0328919887542725,-0.006843344308435917,-0.05109040439128876,0.19302305579185486,0.3318561911582947,0.9219562411308289
60.91902739999932,-0.38940370082855225,1.0330190658569336,-0.007308026310056448,-0.05174030363559723,0.1925526261329651,0.33157745003700256,0.9221187233924866
60.92337220000627,-0.38944971561431885,1.0331614017486572,-0.007787543348968029,-0.05254385620355606,0.19242869317531586,0.3316439092159271,0.9220752120018005
60.92811849999998,-0.38951924443244934,1.0333081483840942,-0.008220902644097805,-0.052582401782274246,0.19229400157928467,0.3316083550453186,0.9221139550209045
60.93174670000735,-0.3895820677280426,1.0334019660949707,-0.008647505193948746,-0.05307967588305473,0.19168958067893982,0.33222103118896484,0.921990692615509
60.93620640000154,-0.3896707594394684,1.033505916595459,-0.00908927246928215,-0.05284455046057701,0.19089297950267792,0.33144617080688477,0.9224482774734497
60.93997780000791,-0.38976341485977173,1.0335631370544434,-0.009555750526487827,-0.052728697657585144,0.19016088545322418,0.3308749496936798,0.9228110313415527
60.9442190000118,-0.3898189067840576,1.0336509943008423,-0.010013583116233349,-0.052206795662641525,0.18990881741046906,0.3298861086368561,0.9232465624809265
60.948291000007885,-0.38990524411201477,1.0337821245193481,-0.010438528843224049,-0.053031522780656815,0.18906669318675995,0.3301568627357483,0.9232755899429321
60.95248380000703,-0.3899964988231659,1.0338876247406006,-0.010934576392173767,-0.05408838391304016,0.18858963251113892,0.33038052916526794,0.9232318997383118
60.956808400005684,-0.3900933265686035,1.0339446067810059,-0.011352150700986385,-0.054691288620233536,0.18795500695705414,0.33098262548446655,0.9231101274490356
60.960854100005236,-0.3902140259742737,1.0339925289154053,-0.011787138879299164,-0.0547686330974102,0.1869630366563797,0.3309139013290405,0.923331618309021
60.96500730000844,-0.3903358578681946,1.034091830253601,-0.012233654968440533,-0.05504994094371796,0.1863974928855896,0.3310154378414154,0.9233927726745605
60.96908850000182,-0.3904239237308502,1.0341665744781494,-0.012640958651900291,-0.05510254204273224,0.18555255234241486,0.3314778208732605,0.9233940243721008
60.97360009999829,-0.3905448317527771,1.0342479944229126,-0.013071944937109947,-0.05544774979352951,0.18447166681289673,0.33176347613334656,0.9234873056411743
60.977946099999826,-0.390655517578125,1.0343114137649536,-0.0135123236104846,-0.055677760392427444,0.1839018166065216,0.3324597179889679,0.9233366847038269
60.981721700009075,-0.39079710841178894,1.0343190431594849,-0.01401673723012209,-0.05577462539076805,0.1837717890739441,0.3312512934207916,0.9237909317016602
60.986309300002176,-0.39095303416252136,1.0343610048294067,-0.01445601973682642,-0.0552031546831131,0.1835494488477707,0.33069419860839844,0.9240690469741821
60.990444600000046,-0.3910878300666809,1.0343856811523438,-0.01490751188248396,-0.0554945282638073,0.18228086829185486,0.3314772844314575,0.9240221381187439
60.99455350000062,-0.39123523235321045,1.0344434976577759,-0.015270854346454144,-0.05588503181934357,0.18216711282730103,0.33167311549186707,0.923950731754303
60.9984783000109,-0.3914112448692322,1.0345039367675781,-0.015708670020103455,-0.05658813193440437,0.18142540752887726,0.33192935585975647,0.9239619374275208
61.00250800000504,-0.391604483127594,1.0345298051834106,-0.016188770532608032,-0.05661705136299133,0.18095624446868896,0.33070018887519836,0.9244926571846008
61.006758700008504,-0.3917916715145111,1.0345659255981445,-0.01662047952413559,-0.05723506584763527,0.17968013882637024,0.33102747797966003,0.9245864152908325
61.01098930000444,-0.39192622900009155,1.0345799922943115,-0.017017122358083725,-0.056987058371305466,0.1794539839029312,0.33134716749191284,0.924531102180481
61.01984490000177,-0.3922281265258789,1.0346025228500366,-0.017825759947299957,-0.05811043456196785,0.1771608591079712,0.33269211649894714,0.9244204163551331
61.02341590001015,-0.3924258053302765,1.0345982313156128,-0.018297404050827026,-0.057887960225343704,0.17648863792419434,0.3317483067512512,0.9249021410942078
61.0275973000098,-0.3925752639770508,1.0345672369003296,-0.018697908148169518,-0.05773918703198433,0.17608511447906494,0.3312929570674896,0.9251514077186584
61.03159660000529,-0.39272773265838623,1.0345654487609863,-0.019072679802775383,-0.05779115483164787,0.17569264769554138,0.3315989673137665,0.9251132011413574
61.03581020000274,-0.39288270473480225,1.0345667600631714,-0.0194377601146698,-0.05805541202425957,0.17486806213855743,0.33198070526123047,0.9251159429550171
61.04013570000825,-0.3930264413356781,1.0345462560653687,-0.019820140674710274,-0.058648113161325455,0.17390313744544983,0.3328913450241089,0.9249332547187805
61.04413000000932,-0.3932481110095978,1.0345255136489868,-0.02022920362651348,-0.05840389057993889,0.17261838912963867,0.33215299248695374,0.9254546761512756
61.0482544000115,-0.3934134244918823,1.0345057249069214,-0.020627493038773537,-0.05766696482896805,0.172650545835495,0.33053261041641235,0.9260748624801636
61.05242530000396,-0.39355549216270447,1.0345008373260498,-0.02096625603735447,-0.05766551196575165,0.17221826314926147,0.3302225172519684,0.9262659549713135
61.05686960001185,-0.39371195435523987,1.0344963073730469,-0.02132394351065159,-0.05742239952087402,0.17204776406288147,0.3298204839229584,0.9264560341835022
61.06127340000239,-0.39388608932495117,1.0344712734222412,-0.021697433665394783,-0.057665932923555374,0.17090004682540894,0.33011677861213684,0.9265477061271667
61.06522610000684,-0.3940749764442444,1.0344688892364502,-0.02204849384725094,-0.05661843344569206,0.17057432234287262,0.32827436923980713,0.9273266792297363
61.06932940000843,-0.3942309021949768,1.0344566106796265,-0.022367406636476517,-0.05610989034175873,0.17010925710201263,0.32743459939956665,0.9277397394180298
61.07351519999793,-0.3943902850151062,1.0344172716140747,-0.02274440787732601,-0.056428518146276474,0.16996581852436066,0.3277067542076111,0.9276506900787354
61.07752950000577,-0.3945724666118622,1.0343960523605347,-0.02308967150747776,-0.05688312649726868,0.16949163377285004,0.3273269534111023,0.9278436899185181
61.081861200000276,-0.3947988748550415,1.0343899726867676,-0.023488840088248253,-0.05855121836066246,0.16878637671470642,0.3278423547744751,0.9276865124702454
61.08595390000846,-0.39499175548553467,1.034389615058899,-0.023820407688617706,-0.058940812945365906,0.16792696714401245,0.32731541991233826,0.9280038475990295
61.090100600005826,-0.3951700031757355,1.0343674421310425,-0.02413155324757099,-0.0587473064661026,0.16734148561954498,0.32712045311927795,0.9281905889511108
61.09411760000512,-0.39534181356430054,1.0343265533447266,-0.02451510727405548,-0.05907098948955536,0.16718928515911102,0.3266332745552063,0.9283690452575684
61.098262100000284,-0.39556884765625,1.0343215465545654,-0.024890609085559845,-0.05886460468173027,0.16687701642513275,0.32522961497306824,0.9289309978485107
61.10288270001183,-0.39578914642333984,1.0342435836791992,-0.025278344750404358,-0.05969274416565895,0.1654961258172989,0.32606273889541626,0.9288331270217896
61.10664880000695,-0.396005243062973,1.034183144569397,-0.025626860558986664,-0.05890798196196556,0.16506034135818481,0.3252129852771759,0.9292585253715515
61.11074970000482,-0.3962169587612152,1.0341453552246094,-0.025937382131814957,-0.05855363979935646,0.16481107473373413,0.3237128257751465,0.929848849773407
61.11506250000093,-0.3964417576789856,1.0341025590896606,-0.026257211342453957,-0.0589342825114727,0.16448695957660675,0.3228852152824402,0.9301698207855225
61.11921260000963,-0.39667779207229614,1.0340304374694824,-0.02657829225063324,-0.059537194669246674,0.16298936307430267,0.3234021067619324,0.9302154779434204
61.123343600003864,-0.39694198966026306,1.0339819192886353,-0.02690184861421585,-0.059795673936605453,0.16249121725559235,0.3229791224002838,0.9304330945014954
61.12750320001214,-0.3971584737300873,1.0339246988296509,-0.027193838730454445,-0.05970947444438934,0.1621425598859787,0.3225192129611969,0.9306588768959045
61.132434200000716,-0.3974100947380066,1.0338813066482544,-0.02747802995145321,-0.059475403279066086,0.16199487447738647,0.3220241069793701,0.9308710694313049
61.136040800003684,-0.39765918254852295,1.0338276624679565,-0.02779199555516243,-0.06023554876446724,0.16135230660438538,0.3221019208431244,0.9309068322181702
61.14043160001165,-0.397936075925827,1.0337847471237183,-0.02811596542596817,-0.06025094911456108,0.16055363416671753,0.3217993378639221,0.9311485290527344
61.14452549999987,-0.3982032537460327,1.0337300300598145,-0.028406964614987373,-0.06023282930254936,0.15966567397117615,0.3221071660518646,0.9311959743499756
61.14845760000753,-0.3984295427799225,1.0336902141571045,-0.028656059876084328,-0.06048443168401718,0.15916655957698822,0.3219507336616516,0.9313191771507263
61.15662150000571,-0.39889955520629883,1.0336140394210815,-0.029156867414712906,-0.06047847494482994,0.15784196555614471,0.321153849363327,0.9318199753761292
61.16105510000489,-0.3991449773311615,1.0335142612457275,-0.029468921944499016,-0.060038212686777115,0.15690107643604279,0.32064464688301086,0.9321827292442322
61.16519790000166,-0.39935243129730225,1.0334444046020508,-0.0297124981880188,-0.059871140867471695,0.1562468260526657,0.3206064701080322,0.9323164820671082
61.16932369999995,-0.3995583653450012,1.0334043502807617,-0.029933644458651543,-0.06027361378073692,0.15546424686908722,0.3206641972064972,0.9324014782905579
61.17359330000181,-0.39978134632110596,1.0333677530288696,-0.030202405527234077,-0.060631703585386276,0.1549118310213089,0.32129257917404175,0.9322537779808044
61.17809080000734,-0.40001559257507324,1.0333009958267212,-0.030460825189948082,-0.060385577380657196,0.1541053205728531,0.32128337025642395,0.9324066638946533
61.182034600002225,-0.4002891480922699,1.0331904888153076,-0.030739370733499527,-0.05919911339879036,0.15331417322158813,0.32040640711784363,0.9329147934913635
61.18676160000905,-0.40050241351127625,1.0331696271896362,-0.031000658869743347,-0.06006677821278572,0.1531655639410019,0.3205781579017639,0.9328247904777527
61.19044950000534,-0.40050241351127625,1.0331696271896362,-0.031000658869743347,-0.06006677821278572,0.1531655639410019,0.3205781579017639,0.9328247904777527
61.194560500007356,-0.4007018506526947,1.0331439971923828,-0.031211430206894875,-0.060207776725292206,0.1523907631635666,0.32042422890663147,0.9329953789710999
61.1984480000101,-0.40111255645751953,1.0330471992492676,-0.031586695462465286,-0.06007027626037598,0.15092049539089203,0.3195233643054962,0.933552086353302
61.20709330000682,-0.40151819586753845,1.0329973697662354,-0.032008569687604904,-0.059991590678691864,0.1505635678768158,0.31796059012413025,0.9341481328010559
61.21087429999898,-0.4017103612422943,1.0329594612121582,-0.03221520408987999,-0.059113096445798874,0.15026623010635376,0.31685757637023926,0.9346266984939575
61.21505550001166,-0.4019230902194977,1.0329499244689941,-0.03241094574332237,-0.059883832931518555,0.149616077542305,0.3167591989040375,0.934715211391449
61.21927050000522,-0.4021013677120209,1.0329344272613525,-0.03255843371152878,-0.060044266283512115,0.148966446518898,0.3165476620197296,0.9348803758621216
61.22326630000316,-0.40226277709007263,1.032922387123108,-0.03269457072019577,-0.0597938597202301,0.1485915631055832,0.3161095380783081,0.9351043701171875
61.227482600006624,-0.40243974328041077,1.0329172611236572,-0.032830074429512024,-0.05957692489027977,0.14836378395557404,0.3151821196079254,0.9354672431945801
61.23164560001169,-0.4025970697402954,1.032906413078308,-0.032954487949609756,-0.059449002146720886,0.14811885356903076,0.3149181604385376,0.9356030821800232
61.23610049999843,-0.4027639329433441,1.03287935256958,-0.03308706358075142,-0.05906404182314873,0.14770765602588654,0.3145475387573242,0.9358171820640564
61.24016680000932,-0.40294504165649414,1.0328781604766846,-0.03324174880981445,-0.0584455281496048,0.14728042483329773,0.31378382444381714,0.9361796975135803
61.244176600012,-0.4031282961368561,1.032874345779419,-0.03339577093720436,-0.058432310819625854,0.1466107815504074,0.31355923414230347,0.9363608956336975
61.24825160000182,-0.4032958745956421,1.0328844785690308,-0.03352491930127144,-0.05814012140035629,0.14663054049015045,0.31368204951286316,0.9363347291946411
61.25252239999827,-0.403457373380661,1.0329010486602783,-0.03360816463828087,-0.05789068713784218,0.14642788469791412,0.3132350444793701,0.9365316033363342
61.2566547000024,-0.40361690521240234,1.0329463481903076,-0.03371092304587364,-0.05802261084318161,0.1461227834224701,0.3133567273616791,0.936530351638794
61.26081570000679,-0.4037584364414215,1.0329811573028564,-0.033791981637477875,-0.05812413617968559,0.14556385576725006,0.3132157325744629,0.9366583228111267
61.265265800000634,-0.40392830967903137,1.0330581665039062,-0.033888839185237885,-0.058915067464113235,0.14489543437957764,0.313362181186676,0.9366634488105774
61.26986630000465,-0.40407538414001465,1.0331096649169922,-0.03397122398018837,-0.05911818519234657,0.14445935189723969,0.31316906213760376,0.9367825984954834
61.27326970000286,-0.40423524379730225,1.0331975221633911,-0.03402310609817505,-0.05909867212176323,0.1442786008119583,0.3119587004184723,0.9372154474258423
61.277468000000226,-0.40440839529037476,1.0332627296447754,-0.03413812071084976,-0.05957191437482834,0.1434101015329361,0.3116455376148224,0.937423050403595
61.28216610000527,-0.40457016229629517,1.0333330631256104,-0.03423331305384636,-0.05914627015590668,0.1436454951763153,0.3097705841064453,0.9380351305007935
61.28593080000428,-0.40470248460769653,1.0334161520004272,-0.03429533168673515,-0.0592181570827961,0.14331361651420593,0.3093019425868988,0.9382359385490417
61.29039809999813,-0.4048273265361786,1.0334975719451904,-0.03435425087809563,-0.0592765174806118,0.14300663769245148,0.308865487575531,0.9384228587150574
61.29431680000562,-0.4049634635448456,1.0335911512374878,-0.03442329168319702,-0.05947493016719818,0.14286652207374573,0.3085631728172302,0.9385311007499695
61.29869150000741,-0.4051131308078766,1.033690094947815,-0.03446530923247337,-0.05976589396595955,0.1422317922115326,0.3086450695991516,0.9385821223258972
61.30280710000079,-0.4052591621875763,1.0338106155395508,-0.034512002021074295,-0.06074334681034088,0.1416313499212265,0.3086116909980774,0.9386211037635803
61.306749200011836,-0.40541091561317444,1.0339277982711792,-0.034566864371299744,-0.0614333413541317,0.1410759538412094,0.30853596329689026,0.9386847615242004
61.310905100006494,-0.4055628180503845,1.0340454578399658,-0.03463221713900566,-0.06160857900977135,0.14046812057495117,0.30851179361343384,0.9387723803520203
61.31504600000335,-0.40572622418403625,1.034168004989624,-0.03469759598374367,-0.062218669801950455,0.13980919122695923,0.308430552482605,0.9388571381568909
61.31924710000749,-0.4059228003025055,1.0343047380447388,-0.03476903587579727,-0.06212367117404938,0.14003202319145203,0.30779632925987244,0.9390384554862976
61.32336990001204,-0.40607255697250366,1.0344609022140503,-0.034805215895175934,-0.062150366604328156,0.13973748683929443,0.3067485988140106,0.9394232630729675
61.32739200000651,-0.406239777803421,1.0346276760101318,-0.03476802632212639,-0.06246151775121689,0.13932810723781586,0.306039959192276,0.9396945238113403
61.331568200010224,-0.4063982665538788,1.0347731113433838,-0.0347660593688488,-0.06268595904111862,0.1390901803970337,0.30579614639282227,0.9397942423820496
61.33562789999996,-0.40654370188713074,1.034921407699585,-0.03477160632610321,-0.0630788579583168,0.13840025663375854,0.3060038387775421,0.9398021101951599
61.340482300001895,-0.4066861569881439,1.0350431203842163,-0.03477613627910614,-0.06329478323459625,0.13792356848716736,0.30582869052886963,0.9399147033691406
61.344398900007945,-0.4068637788295746,1.0351938009262085,-0.03479141741991043,-0.06321730464696884,0.13736534118652344,0.30456823110580444,0.9404107928276062
61.34834250000131,-0.40701958537101746,1.0353388786315918,-0.034795090556144714,-0.06391660124063492,0.13694767653942108,0.3044101893901825,0.9404756426811218
61.352596100012306,-0.4071885645389557,1.0354735851287842,-0.03477352485060692,-0.06394165009260178,0.13661828637123108,0.3036525845527649,0.9407666921615601
61.35669670000789,-0.40733808279037476,1.0356254577636719,-0.0347670279443264,-0.06511947512626648,0.1363898664712906,0.3039734959602356,0.9406154751777649
61.360792500010575,-0.4075247049331665,1.0357693433761597,-0.034762632101774216,-0.06571690738201141,0.13564416766166687,0.3035438060760498,0.9408204555511475
61.36522410000907,-0.40768980979919434,1.0359159708023071,-0.034717969596385956,-0.06663547456264496,0.1350814402103424,0.3034844398498535,0.9408559799194336
61.369612499998766,-0.40786969661712646,1.0360468626022339,-0.034698277711868286,-0.06656962633132935,0.13473378121852875,0.30321362614631653,0.9409977197647095
61.37377790000755,-0.4080341160297394,1.036172866821289,-0.03465761989355087,-0.06688003987073898,0.13432855904102325,0.30279916524887085,0.9411671757698059
61.377688000007765,-0.40824827551841736,1.0363328456878662,-0.03461474925279617,-0.06642947345972061,0.13452781736850739,0.30174916982650757,0.9415077567100525
61.382224300003145,-0.4084247648715973,1.0364856719970703,-0.034551315009593964,-0.0669487714767456,0.13416936993598938,0.30150046944618225,0.9416018128395081
61.385954199999105,-0.40858474373817444,1.0366437435150146,-0.034471530467271805,-0.0669143870472908,0.133689284324646,0.3015883266925812,0.9416443705558777
61.390674200010835,-0.4087551236152649,1.0367953777313232,-0.03441149741411209,-0.06732019037008286,0.1331830471754074,0.30189135670661926,0.9415900707244873
61.39483140000084,-0.4089300334453583,1.0369558334350586,-0.03434137627482414,-0.0682748481631279,0.13271471858024597,0.30205512046813965,0.9415349960327148
61.398580100008985,-0.40910810232162476,1.0371099710464478,-0.03426073491573334,-0.06903226673603058,0.13219642639160156,0.30212870240211487,0.9415290951728821
61.40385850000894,-0.4092952609062195,1.0372755527496338,-0.03420224040746689,-0.0689910352230072,0.13210731744766235,0.30096498131752014,0.9419171810150146
61.40775530000974,-0.4094737470149994,1.0374369621276855,-0.0341133289039135,-0.06972473859786987,0.13173818588256836,0.30051863193511963,0.9420573115348816
61.411378200005856,-0.40967750549316406,1.0375889539718628,-0.034054387360811234,-0.07033146917819977,0.13041159510612488,0.30037903785705566,0.942241370677948
61.41515290000825,-0.40987280011177063,1.0377416610717773,-0.033969778567552567,-0.06991131603717804,0.12996579706668854,0.29920727014541626,0.9427069425582886
61.41914300000644,-0.4100607633590698,1.0378952026367188,-0.03388327732682228,-0.06970319896936417,0.12993837893009186,0.2979385256767273,0.9431278109550476
61.42542780000076,-0.41023749113082886,1.0380536317825317,-0.03378444164991379,-0.07011369615793228,0.12922777235507965,0.29826128482818604,0.9430930614471436
61.42945840000175,-0.41044196486473083,1.0382161140441895,-0.03369150683283806,-0.07105960696935654,0.12911809980869293,0.29859888553619385,0.9429304003715515
61.433710400000564,-0.41064003109931946,1.0383551120758057,-0.03363125026226044,-0.07189223170280457,0.12904739379882812,0.2986185550689697,0.9428707361221313
61.437736899999436,-0.4108532965183258,1.038526177406311,-0.033528368920087814,-0.07181868702173233,0.12881121039390564,0.29846930503845215,0.9429559707641602
61.44171680000727,-0.41104885935783386,1.0386810302734375,-0.03344285860657692,-0.07235176861286163,0.1281014084815979,0.29860204458236694,0.9429698586463928
61.445137100003194,-0.41123542189598083,1.0388379096984863,-0.033336181193590164,-0.07309659570455551,0.12772725522518158,0.298500120639801,0.9429954290390015
61.448749800008954,-0.411411851644516,1.0390080213546753,-0.03321869671344757,-0.07298151403665543,0.12758848071098328,0.2978910505771637,0.9432157278060913
61.452567200001795,-0.4115946292877197,1.0391898155212402,-0.03310737386345863,-0.07278498262166977,0.12720276415348053,0.29687103629112244,0.9436044692993164
61.460727300000144,-0.41195306181907654,1.0395374298095703,-0.032893106341362,-0.07265563309192657,0.12720715999603271,0.29572251439094543,0.9439744353294373
61.464927000008174,-0.4121336340904236,1.0396946668624878,-0.03281634673476219,-0.07319503277540207,0.12646371126174927,0.29580917954444885,0.94400554895401
61.46913520000817,-0.4123271405696869,1.039869785308838,-0.03273806720972061,-0.07310231029987335,0.12635856866836548,0.29471254348754883,0.9443696737289429
61.473268200003076,-0.41249319911003113,1.0400358438491821,-0.03264984115958214,-0.07373890280723572,0.12593652307987213,0.29459649324417114,0.9444128274917603
61.477993400010746,-0.4126812517642975,1.0401959419250488,-0.032581694424152374,-0.07435684651136398,0.1256558895111084,0.29528161883354187,0.9441877007484436
61.48217930000101,-0.41283556818962097,1.040360689163208,-0.032485850155353546,-0.0748407319188118,0.12539611756801605,0.29540467262268066,0.9441455006599426
61.48591509999824,-0.4129914343357086,1.0405511856079102,-0.03239788860082626,-0.0751885324716568,0.12520182132720947,0.29561200737953186,0.9440788626670837
61.48996540000371,-0.41313719749450684,1.0407522916793823,-0.03231003135442734,-0.07606363296508789,0.12508165836334229,0.2960815727710724,0.9438774585723877
61.49423039999965,-0.41328778862953186,1.0409592390060425,-0.032244231551885605,-0.07663048058748245,0.12483155727386475,0.296548068523407,0.9437181949615479
61.498342999999295,-0.4134403467178345,1.0411604642868042,-0.03217106685042381,-0.07642199099063873,0.1252320259809494,0.29534462094306946,0.944059431552887
61.50670430000173,-0.4137405753135681,1.041562795639038,-0.03203503042459488,-0.07631458342075348,0.12551003694534302,0.29296326637268066,0.9447729587554932
61.51071820000652,-0.41389042139053345,1.0417245626449585,-0.03195817768573761,-0.07670468091964722,0.12548670172691345,0.29242926836013794,0.944909930229187
61.51514840000891,-0.41403937339782715,1.0419142246246338,-0.03189876675605774,-0.07717073708772659,0.12548816204071045,0.29200443625450134,0.945003092288971
61.51968769999803,-0.4141872823238373,1.0420962572097778,-0.03181886672973633,-0.07794089615345001,0.12533654272556305,0.29222241044044495,0.9448925852775574
61.52326820000599,-0.4143352806568146,1.042264699935913,-0.031725917011499405,-0.07879438996315002,0.12490309774875641,0.29239073395729065,0.944827139377594
61.52765490001184,-0.41446906328201294,1.0424202680587769,-0.03164135664701462,-0.07904719561338425,0.12492912262678146,0.29206928610801697,0.9449020624160767
61.53163090000453,-0.4146161675453186,1.042582392692566,-0.031544964760541916,-0.0796734094619751,0.12490023672580719,0.29310908913612366,0.9445311427116394
61.53568570000061,-0.4147360920906067,1.0427521467208862,-0.031461331993341446,-0.07990044355392456,0.12459105253219604,0.29373735189437866,0.9443576335906982
61.54369950000546,-0.41500407457351685,1.0430614948272705,-0.03132518008351326,-0.0805264562368393,0.12422563880681992,0.29331812262535095,0.9444829821586609
61.548900200010394,-0.41512376070022583,1.043207049369812,-0.031235842034220695,-0.08053639531135559,0.12436867505311966,0.2928417921066284,0.9446110725402832
61.552626500008046,-0.41524556279182434,1.0433549880981445,-0.031146442517638206,-0.08028621971607208,0.12451643496751785,0.2920023798942566,0.9448726773262024
61.55674680000811,-0.4153800904750824,1.043508529663086,-0.031060704961419106,-0.07995650172233582,0.12468274682760239,0.29081714153289795,0.9452442526817322
61.56110360000457,-0.41549062728881836,1.043631911277771,-0.030986882746219635,-0.08000431209802628,0.12444276362657547,0.29056793451309204,0.9453484416007996
61.56514030000835,-0.41559863090515137,1.043752670288086,-0.030892787501215935,-0.08043579012155533,0.12436681985855103,0.290588915348053,0.9453153014183044
61.56945340000675,-0.41569435596466064,1.0438700914382935,-0.030822981148958206,-0.08064723014831543,0.12435680627822876,0.2904597222805023,0.9453384280204773
61.57404010000755,-0.4158020615577698,1.0440106391906738,-0.030733149498701096,-0.08084525913000107,0.12390962988138199,0.2906792461872101,0.9453126192092896
61.57756299999892,-0.4158814251422882,1.0441211462020874,-0.03066156804561615,-0.08100637048482895,0.12391237914562225,0.29052734375,0.9453452229499817
61.58183930000814,-0.41597530245780945,1.044236183166504,-0.03056757152080536,-0.0810110941529274,0.12370608001947403,0.2908382713794708,0.9452762007713318
61.58575080000446,-0.41606131196022034,1.0443525314331055,-0.030482765287160873,-0.0812247097492218,0.12387318164110184,0.2904737889766693,0.9453481435775757
61.590373300001374,-0.4161483943462372,1.0444549322128296,-0.030422043055295944,-0.08147747814655304,0.123921237885952,0.29036030173301697,0.9453549385070801
61.595699700003024,-0.41623130440711975,1.0445507764816284,-0.030354591086506844,-0.08176407963037491,0.1239403635263443,0.29039686918258667,0.9453163743019104
61.599229400002514,-0.4163147807121277,1.0446404218673706,-0.030281882733106613,-0.08200731873512268,0.12405242770910263,0.29051533341407776,0.9452442526817322
61.602916200004984,-0.41639575362205505,1.0447360277175903,-0.03020431660115719,-0.0823901817202568,0.12410622090101242,0.2904931604862213,0.9452106952667236
61.60665240000526,-0.41647961735725403,1.0448328256607056,-0.03012632578611374,-0.08246980607509613,0.1244208812713623,0.29077965021133423,0.9450743198394775
61.612153400012176,-0.4165639281272888,1.0449243783950806,-0.030054638162255287,-0.08196930587291718,0.1246405616402626,0.28986963629722595,0.9453683495521545
61.619932500005234,-0.41669490933418274,1.0450584888458252,-0.029925938695669174,-0.08200553804636002,0.12462448328733444,0.2902175486087799,0.9452605843544006
61.6242387000093,-0.4167587459087372,1.0451350212097168,-0.02983674965798855,-0.08236227929592133,0.12471656501293182,0.2903110682964325,0.9451887607574463
61.62761670000327,-0.41681867837905884,1.045197606086731,-0.02977139502763748,-0.08236443251371384,0.12474311143159866,0.2901340126991272,0.9452393651008606
61.63180160000047,-0.41689619421958923,1.045258641242981,-0.0297126155346632,-0.08188328891992569,0.12503819167613983,0.2893095016479492,0.9454949498176575
61.635891199999605,-0.41697338223457336,1.0453200340270996,-0.029645856469869614,-0.08189717680215836,0.12503360211849213,0.28913572430610657,0.9455474615097046
61.64444980000553,-0.4170922040939331,1.045450210571289,-0.029496831819415092,-0.0816727727651596,0.12500517070293427,0.2887091040611267,0.945701003074646
61.648511899998994,-0.4171518385410309,1.0454888343811035,-0.02944539301097393,-0.08161485195159912,0.12503577768802643,0.2885442078113556,0.9457522630691528
61.65274260001024,-0.41720882058143616,1.0455323457717896,-0.02937740460038185,-0.08165447413921356,0.12479088455438614,0.28877267241477966,0.9457114338874817
61.656858200003626,-0.41726842522621155,1.0455766916275024,-0.0293081384152174,-0.08169601857662201,0.1245250329375267,0.2890344560146332,0.9456629157066345
61.660821400000714,-0.4173377752304077,1.0456056594848633,-0.029254546388983727,-0.08193308115005493,0.12423572689294815,0.2890978157520294,0.9456611275672913
61.66508080001222,-0.41739359498023987,1.0456345081329346,-0.029208343476057053,-0.08211386203765869,0.12419065833091736,0.2893843352794647,0.9455636739730835
61.66921120000188,-0.4174598753452301,1.0456510782241821,-0.02915126271545887,-0.08223728090524673,0.1240583062171936,0.2895074486732483,0.9455326795578003
61.673414100005175,-0.41751500964164734,1.045678973197937,-0.029069045558571815,-0.08271095901727676,0.12418857216835022,0.2895876467227936,0.9454496502876282
61.6773763000092,-0.41757044196128845,1.045695424079895,-0.029009180143475533,-0.08282626420259476,0.12415480613708496,0.28970059752464294,0.9454094767570496
61.681791399998474,-0.41761893033981323,1.0457042455673218,-0.028943242505192757,-0.08276430517435074,0.12408636510372162,0.2897911071777344,0.9453960657119751
61.685863700011396,-0.4176732003688812,1.045710802078247,-0.028879771009087563,-0.08279182761907578,0.124095119535923,0.2899792492389679,0.945334792137146
61.694054100007634,-0.41776156425476074,1.0457080602645874,-0.028749369084835052,-0.08282938599586487,0.12412689626216888,0.2901425063610077,0.9452772736549377
61.69848760000605,-0.4178023934364319,1.0457065105438232,-0.028684627264738083,-0.08287500590085983,0.12412206083536148,0.29024738073349,0.9452416896820068
61.702477500002715,-0.41784852743148804,1.045692801475525,-0.028601931408047676,-0.08310984820127487,0.12403953075408936,0.2900158762931824,0.9453029632568359
61.7065874000109,-0.4178825914859772,1.045690655708313,-0.028533868491649628,-0.08299777656793594,0.1240263432264328,0.2899481952190399,0.945335328578949
61.71065280000039,-0.41790637373924255,1.0456782579421997,-0.0284656323492527,-0.08299929648637772,0.12407203763723373,0.2897456884384155,0.9453912973403931
61.71482320000359,-0.4179321825504303,1.0456663370132446,-0.02838270552456379,-0.08300816267728806,0.12403556704521179,0.2894996404647827,0.9454706311225891
61.719023099998594,-0.4179627597332001,1.0456550121307373,-0.028307205066084862,-0.08284550160169601,0.12424272298812866,0.28923165798187256,0.9455398321151733
61.72310529999959,-0.41798341274261475,1.0456459522247314,-0.028243497014045715,-0.0827837735414505,0.12436804175376892,0.28927040100097656,0.94551682472229
61.726745100007975,-0.41798341274261475,1.0456459522247314,-0.028243497014045715,-0.0827837735414505,0.12436804175376892,0.28927040100097656,0.94551682472229
61.73135519999778,-0.4180319905281067,1.0456154346466064,-0.028108196333050728,-0.08279774338006973,0.1244630366563797,0.2897011339664459,0.9453712105751038
61.737705799998366,-0.4180522561073303,1.04560124874115,-0.028051037341356277,-0.08279108256101608,0.1246117353439331,0.28970757126808167,0.9453502297401428
61.74669160001213,-0.41809988021850586,1.045566439628601,-0.02792445570230484,-0.08279873430728912,0.12462031096220016,0.2900967597961426,0.945229172706604
61.750290000010864,-0.41812264919281006,1.0455505847930908,-0.027855880558490753,-0.0826362818479538,0.12479111552238464,0.2898295521736145,0.9453027248382568
61.75424790001125,-0.41814565658569336,1.0455042123794556,-0.02777075581252575,-0.08198405802249908,0.1251542866230011,0.2896045446395874,0.9453805088996887
61.758344900008524,-0.41817745566368103,1.0454670190811157,-0.027703706175088882,-0.08192908763885498,0.12523622810840607,0.28974583745002747,0.9453310966491699
61.762607800003025,-0.4182210862636566,1.0454009771347046,-0.027641765773296356,-0.08225499093532562,0.12509185075759888,0.29046836495399475,0.9451001882553101
61.765956600007485,-0.41824397444725037,1.045355200767517,-0.027578087523579597,-0.081846684217453,0.12529172003269196,0.2905576527118683,0.9450816512107849
61.770046000005095,-0.4182957708835602,1.0453070402145386,-0.027512021362781525,-0.08138759434223175,0.12564273178577423,0.2907741367816925,0.9450080990791321
61.77343380000093,-0.41832640767097473,1.045250415802002,-0.02744017355144024,-0.08167945593595505,0.12580668926239014,0.29144883155822754,0.9447532892227173
61.777538200010895,-0.41836145520210266,1.0452096462249756,-0.02737126499414444,-0.08165177702903748,0.12584127485752106,0.2915709912776947,0.9447134137153625
61.78617000000668,-0.41843801736831665,1.045123815536499,-0.02724733203649521,-0.08154654502868652,0.1260697990655899,0.2918676733970642,0.9446004033088684
61.79026870000234,-0.4184685945510864,1.045089602470398,-0.027182061225175858,-0.08146772533655167,0.12615452706813812,0.2919522821903229,0.9445697665214539
61.79437699999835,-0.4184989333152771,1.045045018196106,-0.027115926146507263,-0.0815010741353035,0.12630635499954224,0.2921200394630432,0.9444946646690369
61.79866880000918,-0.4185275137424469,1.0450024604797363,-0.027046917006373405,-0.08126752823591232,0.12640948593616486,0.2919938564300537,0.9445400238037109
61.80276869999943,-0.4185519516468048,1.0449753999710083,-0.026966547593474388,-0.08106905221939087,0.1266097128391266,0.2918035686016083,0.9445891380310059
61.8069594999979,-0.41857218742370605,1.0449331998825073,-0.026896286755800247,-0.08100290596485138,0.12679961323738098,0.2918183207511902,0.944564700126648
61.81137200001103,-0.4186182916164398,1.0449000597000122,-0.02681482955813408,-0.08091279119253159,0.12691311538219452,0.29165324568748474,0.9446081519126892
61.81510490000073,-0.4186182916164398,1.0449000597000122,-0.02681482955813408,-0.08091279119253159,0.12691311538219452,0.29165324568748474,0.9446081519126892
61.81935040000826,-0.41866204142570496,1.044832468032837,-0.026661913841962814,-0.0807592049241066,0.12697499990463257,0.29156145453453064,0.9446413516998291
61.82362120000471,-0.4186791777610779,1.0447953939437866,-0.02659987471997738,-0.08085491508245468,0.12694858014583588,0.2919973134994507,0.944502055644989
61.82773900000029,-0.4186761677265167,1.0447568893432617,-0.02650757133960724,-0.08067015558481216,0.12734588980674744,0.2915733754634857,0.9445952773094177
61.83253900001,-0.4186975955963135,1.0447237491607666,-0.026454085484147072,-0.08047101646661758,0.1275254786014557,0.2914607524871826,0.9446228742599487
61.83705990000453,-0.41872817277908325,1.0446727275848389,-0.026389019563794136,-0.08031182736158371,0.1274869740009308,0.2911657392978668,0.9447325468063354
61.84108650000417,-0.41874855756759644,1.0446451902389526,-0.026344086974859238,-0.08015040308237076,0.1275440901517868,0.29133525490760803,0.9446863532066345
61.848118499998236,-0.41879260540008545,1.0445905923843384,-0.02623923309147358,-0.08001936972141266,0.1277184933423996,0.2915676534175873,0.9446021318435669
61.85287300001073,-0.4188143312931061,1.0445693731307983,-0.02618885040283203,-0.07999344915151596,0.1278219074010849,0.2916621267795563,0.9445611834526062
61.856964999999036,-0.4188143312931061,1.0445693731307983,-0.02618885040283203,-0.07999344915151596,0.1278219074010849,0.2916621267795563,0.9445611834526062
61.86138080000819,-0.4186099171638489,1.043172001838684,-0.026048358529806137,-0.07994993776082993,0.12885954976081848,0.2919125258922577,0.94434654712677
61.86593830000493,-0.4186363220214844,1.0431748628616333,-0.02599203772842884,-0.08001348376274109,0.12913824617862701,0.2921610474586487,0.9442261457443237
61.87024790000578,-0.41867876052856445,1.0431327819824219,-0.025936400517821312,-0.07967071235179901,0.12894250452518463,0.2923625111579895,0.9442196488380432
61.87481639999896,-0.41870054602622986,1.0431021451950073,-0.02587544545531273,-0.07918962836265564,0.1291406750679016,0.292294979095459,0.9442538619041443
61.87845730000117,-0.41872653365135193,1.0430846214294434,-0.025815606117248535,-0.07909082621335983,0.12922675907611847,0.2925446033477783,0.9441730976104736
61.88228560000425,-0.4187576472759247,1.0430597066879272,-0.02574746124446392,-0.07875670492649078,0.12924352288246155,0.29249200224876404,0.9442149996757507
61.88756800000556,-0.41878727078437805,1.0430454015731812,-0.02566649578511715,-0.07853011786937714,0.12920811772346497,0.2927223742008209,0.9441673755645752
61.89098740000918,-0.41878727078437805,1.0430454015731812,-0.02566649578511715,-0.07853011786937714,0.12920811772346497,0.2927223742008209,0.9441673755645752
61.89504580000357,-0.4188414514064789,1.0430067777633667,-0.025596844032406807,-0.0784202516078949,0.1292765736579895,0.2928890585899353,0.944115400314331
61.89890640000522,-0.4189154803752899,1.0429638624191284,-0.02547142654657364,-0.07838759571313858,0.12948215007781982,0.2931647002696991,0.9440043568611145
61.902819100010674,-0.41895022988319397,1.0429611206054688,-0.025386670604348183,-0.07800211757421494,0.12985534965991974,0.29271572828292847,0.9441243410110474
61.90706320000754,-0.4189736843109131,1.0429474115371704,-0.025310326367616653,-0.07781818509101868,0.13014890253543854,0.29282453656196594,0.9440653920173645
61.91198630000872,-0.41901054978370667,1.042930245399475,-0.025229614228010178,-0.07747506350278854,0.13023415207862854,0.2929207384586334,0.94405198097229
61.91620479999983,-0.41904231905937195,1.0429097414016724,-0.02516309730708599,-0.07732536643743515,0.13035807013511658,0.293101042509079,0.9439911842346191
61.92044909999822,-0.419071763753891,1.0428835153579712,-0.025095395743846893,-0.07724997401237488,0.13054998219013214,0.29325148463249207,0.9439241886138916
61.92913160000171,-0.419136106967926,1.0428415536880493,-0.024947144091129303,-0.07689090073108673,0.13096070289611816,0.29338976740837097,0.9438535571098328
61.93439059999946,-0.41917088627815247,1.0428273677825928,-0.024859439581632614,-0.07697088271379471,0.13120390474796295,0.2935129702091217,0.9437749981880188
61.938822700001765,-0.41919174790382385,1.0427964925765991,-0.02478260174393654,-0.07706369459629059,0.13122104108333588,0.2941500246524811,0.9435666799545288
61.94281890000275,-0.41921666264533997,1.0427762269973755,-0.02470524236559868,-0.07683791220188141,0.13143205642700195,0.2943269610404968,0.9435004591941833
61.948128700008965,-0.4192708432674408,1.042729139328003,-0.024555999785661697,-0.07624837756156921,0.13193978369235992,0.29397082328796387,0.9435885548591614
61.95225460000802,-0.41930708289146423,1.0427180528640747,-0.02447301149368286,-0.07581549882888794,0.13235099613666534,0.2934306561946869,0.9437339901924133
61.95666890000575,-0.419329434633255,1.0426976680755615,-0.02439785934984684,-0.07552696019411087,0.13267752528190613,0.2931467890739441,0.9437993764877319
61.96077309999964,-0.4193539619445801,1.0426783561706543,-0.024325968697667122,-0.07538142055273056,0.13287462294101715,0.29311373829841614,0.943793535232544
61.96492450000369,-0.4193821847438812,1.0426630973815918,-0.024248071014881134,-0.07528407871723175,0.13304287195205688,0.29308363795280457,0.9437869787216187
61.969064600009006,-0.4194100499153137,1.042649507522583,-0.024175569415092468,-0.07524901628494263,0.13325074315071106,0.2931148409843445,0.94375079870224
61.97381150000729,-0.4194445013999939,1.0426433086395264,-0.024104494601488113,-0.07514972984790802,0.13334137201309204,0.2931692600250244,0.9437289834022522
61.977921600002446,-0.4194796681404114,1.0426396131515503,-0.02403288707137108,-0.07525485754013062,0.13346713781356812,0.2932521104812622,0.9436770677566528
61.98163470000145,-0.4195301830768585,1.0426167249679565,-0.023967353627085686,-0.07530330121517181,0.13367538154125214,0.29318544268608093,0.9436644315719604
61.985753300003125,-0.419593870639801,1.0425714254379272,-0.023902220651507378,-0.07504092901945114,0.13380329310894012,0.29278063774108887,0.9437929391860962
61.99000550000346,-0.4196511209011078,1.042548656463623,-0.023818712681531906,-0.07465138286352158,0.13385160267353058,0.29237133264541626,0.9439438581466675
61.994117900001584,-0.41972532868385315,1.0425570011138916,-0.02375118061900139,-0.07455608993768692,0.1339855194091797,0.2931481897830963,0.9436914324760437
61.99903390000691,-0.419803649187088,1.0425174236297607,-0.023684274405241013,-0.0742502510547638,0.13411901891231537,0.2933686673641205,0.9436280727386475
62.00269900000421,-0.41988348960876465,1.0425105094909668,-0.023634344339370728,-0.07451344281435013,0.13391588628292084,0.29361939430236816,0.9435582160949707
62.00681489999988,-0.41994979977607727,1.0425046682357788,-0.023569932207465172,-0.07444735616445541,0.13399532437324524,0.29358112812042236,0.9435640573501587
62.010877100008656,-0.42002740502357483,1.0425081253051758,-0.023492176085710526,-0.07401823252439499,0.13430464267730713,0.2929813861846924,0.9437401294708252
62.01500530001067,-0.4200933873653412,1.0425043106079102,-0.023439722135663033,-0.07413966208696365,0.13435949385166168,0.29310211539268494,0.9436854124069214
62.01949140000215,-0.4201723337173462,1.042494297027588,-0.023388775065541267,-0.07416452467441559,0.1343657225370407,0.29325634241104126,0.9436346292495728
62.023473300010664,-0.4202638864517212,1.0424575805664062,-0.023333663120865822,-0.07496226578950882,0.13430559635162354,0.29409146308898926,0.9433202147483826
62.0280819000036,-0.42035189270973206,1.0424586534500122,-0.02327594719827175,-0.07529740780591965,0.13432557880878448,0.2942565679550171,0.943239152431488
62.03172420000192,-0.4204467535018921,1.0424635410308838,-0.023231353610754013,-0.07555985450744629,0.13396817445755005,0.2943792939186096,0.9432306885719299
62.03601390001131,-0.42053404450416565,1.0424673557281494,-0.023183215409517288,-0.07559626549482346,0.13400191068649292,0.29437315464019775,0.9432248473167419
62.040167300001485,-0.42061761021614075,1.042473554611206,-0.02313222736120224,-0.07561478018760681,0.1340726613998413,0.29429465532302856,0.9432379007339478
62.04415750000044,-0.4207034707069397,1.042478084564209,-0.023085864260792732,-0.07560322433710098,0.1340964436531067,0.29427018761634827,0.9432429671287537
62.04861530000926,-0.4207954704761505,1.0424747467041016,-0.02303517982363701,-0.07570962607860565,0.13416273891925812,0.29433557391166687,0.9432047009468079
62.052918600005796,-0.42089807987213135,1.042482852935791,-0.022975008934736252,-0.0754690021276474,0.13429833948612213,0.29410719871520996,0.9432758688926697
62.05686880000576,-0.4210152328014374,1.042475700378418,-0.02293555624783039,-0.07517214864492416,0.13448666036128998,0.2937133014202118,0.9433955550193787
62.061145400002715,-0.4211333394050598,1.042461633682251,-0.02290043607354164,-0.07515094429254532,0.13452397286891937,0.29359665513038635,0.9434282183647156
62.06516170001123,-0.4212386906147003,1.0424482822418213,-0.02286553755402565,-0.07520981878042221,0.1345679610967636,0.29366785287857056,0.9433950185775757
62.06933420000132,-0.42134642601013184,1.0424344539642334,-0.022826749831438065,-0.07533053308725357,0.13449722528457642,0.2938084602355957,0.9433517456054688
62.073429800002486,-0.42145681381225586,1.0424171686172485,-0.02278158627450466,-0.0754365473985672,0.134433314204216,0.29394084215164185,0.9433110952377319
62.077588600004674,-0.42158302664756775,1.0424044132232666,-0.022736160084605217,-0.07568243145942688,0.13435712456703186,0.29415392875671387,0.9432358741760254
62.082218200011994,-0.42170462012290955,1.0423810482025146,-0.022704264149069786,-0.07582086324691772,0.1343184858560562,0.2943706512451172,0.9431626200675964
62.08611740000197,-0.4218556582927704,1.0423579216003418,-0.022683005779981613,-0.07582320272922516,0.1345413625240326,0.2948594093322754,0.942978024482727
62.091824500006624,-0.4220000207424164,1.0423272848129272,-0.022654132917523384,-0.07619564980268478,0.13446924090385437,0.2952536642551422,0.9428348541259766
62.09598560001177,-0.42213836312294006,1.042315125465393,-0.022621119394898415,-0.07626368850469589,0.13400579988956451,0.29591822624206543,0.9426870346069336
62.10009830001218,-0.4222830533981323,1.0422883033752441,-0.022583167999982834,-0.07639908045530319,0.1335606873035431,0.2963685393333435,0.9425977468490601
62.10422140000446,-0.42247554659843445,1.0422134399414062,-0.022560857236385345,-0.07644941657781601,0.13265104591846466,0.2964802086353302,0.9426870346069336
62.1080312999984,-0.42261192202568054,1.0421818494796753,-0.022544071078300476,-0.07619894295930862,0.1323922723531723,0.2962706983089447,0.942809522151947
62.11148800000956,-0.4227522909641266,1.0421415567398071,-0.022512277588248253,-0.07626035809516907,0.1324652135372162,0.2964766323566437,0.9427295327186584
62.11511009999958,-0.4228898584842682,1.0421043634414673,-0.022483162581920624,-0.07648825645446777,0.132444828748703,0.2966127395629883,0.9426710605621338
62.11929250000685,-0.42302635312080383,1.0420606136322021,-0.022455785423517227,-0.07661019265651703,0.13226023316383362,0.29679179191589355,0.9426307678222656
62.12338060000911,-0.42316868901252747,1.04202139377594,-0.02239474467933178,-0.07671963423490524,0.13233935832977295,0.2967126667499542,0.9426356554031372
62.12793820000661,-0.42333656549453735,1.0419764518737793,-0.022372370585799217,-0.07615731656551361,0.1324143409729004,0.2963675558567047,0.9427793025970459
62.131815200002166,-0.4234819710254669,1.0419116020202637,-0.022341657429933548,-0.07671615481376648,0.1320219337940216,0.29709315299987793,0.9425606727600098
62.139950099997805,-0.4237663447856903,1.0418113470077515,-0.0222880020737648,-0.07621884346008301,0.13186511397361755,0.296591579914093,0.9427809119224548
62.144064600011916,-0.4239017069339752,1.0417474508285522,-0.022233998402953148,-0.0754251778125763,0.13185888528823853,0.2961268723011017,0.9429916143417358
62.14818129999912,-0.4240461587905884,1.04170560836792,-0.022199902683496475,-0.07530906796455383,0.1316480189561844,0.295958548784256,0.9430831670761108
62.152584900002694,-0.42420494556427,1.0416656732559204,-0.022193850949406624,-0.0753294825553894,0.13180863857269287,0.296405553817749,0.9429187774658203
62.15691550000338,-0.42434459924697876,1.041616439819336,-0.022181900218129158,-0.0753326416015625,0.13164180517196655,0.2964898645877838,0.9429152607917786
62.16088260000106,-0.42448094487190247,1.041560173034668,-0.022175364196300507,-0.07494116574525833,0.1313086301088333,0.296267569065094,0.9430628418922424
62.164917500005686,-0.4246518313884735,1.0415095090866089,-0.02215683087706566,-0.07536636292934418,0.13073505461215973,0.2963973581790924,0.9430677890777588
62.16900809999788,-0.42480355501174927,1.041416883468628,-0.022124728187918663,-0.07534867525100708,0.13032740354537964,0.296943336725235,0.9429539442062378
62.173438600002555,-0.4249359667301178,1.0413587093353271,-0.022108161821961403,-0.075251005589962,0.13035880029201508,0.2970266342163086,0.9429311752319336
62.17750020000676,-0.4250779151916504,1.041303277015686,-0.022094551473855972,-0.07525057345628738,0.1304245889186859,0.29730433225631714,0.9428344964981079
62.18171640000946,-0.4252111613750458,1.04124116897583,-0.022082218900322914,-0.0753646269440651,0.13054151833057404,0.2970952093601227,0.9428752064704895
62.18575220000639,-0.42535147070884705,1.0411977767944336,-0.0220663920044899,-0.07492079585790634,0.13056451082229614,0.2965239882469177,0.943087100982666
62.19013590000395,-0.42548492550849915,1.0411417484283447,-0.022044697776436806,-0.0746200904250145,0.13021902740001678,0.296558141708374,0.9431479573249817
62.19442800000252,-0.4256424605846405,1.0410723686218262,-0.02201787382364273,-0.07439950853586197,0.13029435276985168,0.2961885929107666,0.9432712197303772
62.19970110000577,-0.4257677495479584,1.0410120487213135,-0.022016240283846855,-0.07425599545240402,0.1302689015865326,0.295975923538208,0.9433526992797852
62.20323030000145,-0.42588159441947937,1.0409594774246216,-0.02200322039425373,-0.07425238937139511,0.13026487827301025,0.29592037200927734,0.9433709979057312
62.20721370000683,-0.42599692940711975,1.0409083366394043,-0.02199738286435604,-0.07413828372955322,0.1302056610584259,0.2958242893218994,0.9434182643890381
62.21115040000586,-0.42612791061401367,1.0408586263656616,-0.021980665624141693,-0.07426061481237411,0.13002240657806396,0.2959408760070801,0.9433973431587219
62.21510760000092,-0.4262542426586151,1.0408018827438354,-0.021975891664624214,-0.07411341369152069,0.13004323840141296,0.2958521544933319,0.943433940410614
62.21936170000117,-0.42640310525894165,1.0407309532165527,-0.021978506818413734,-0.0743144303560257,0.12961912155151367,0.2962144911289215,0.9433627724647522
62.22349220000615,-0.42653706669807434,1.0406755208969116,-0.021967511624097824,-0.07414527982473373,0.12946774065494537,0.2961602210998535,0.9434139132499695
62.227017299999716,-0.42653706669807434,1.0406755208969116,-0.021967511624097824,-0.07414527982473373,0.12946774065494537,0.2961602210998535,0.9434139132499695
62.23223550000694,-0.42683035135269165,1.040586233139038,-0.021955590695142746,-0.07457984238862991,0.12923669815063477,0.2969091832637787,0.9431758522987366
62.2360478000046,-0.4269525706768036,1.0405066013336182,-0.02195238508284092,-0.07376489043235779,0.12877793610095978,0.2966245114803314,0.9433922171592712
62.23931660001108,-0.4269525706768036,1.0405066013336182,-0.02195238508284092,-0.07376489043235779,0.12877793610095978,0.2966245114803314,0.9433922171592712
62.24394369999936,-0.42719754576683044,1.0404258966445923,-0.021862570196390152,-0.0731993019580841,0.12824195623397827,0.29691240191459656,0.9434188008308411
62.248365999999805,-0.4273233115673065,1.0403904914855957,-0.021837512031197548,-0.07248736917972565,0.1284307986497879,0.2960374057292938,0.9437229633331299
62.25278999999864,-0.42742660641670227,1.0403308868408203,-0.021805061027407646,-0.07192389667034149,0.12870848178863525,0.29580891132354736,0.9437998533248901
62.25707510000211,-0.4275549650192261,1.0402543544769287,-0.02178305946290493,-0.0719461664557457,0.12858185172080994,0.29623091220855713,0.9436831474304199
62.26231180000468,-0.42767003178596497,1.0402026176452637,-0.02174490876495838,-0.07190677523612976,0.12852580845355988,0.2956354320049286,0.9438804388046265
62.265987899998436,-0.42777976393699646,1.0401486158370972,-0.021721506491303444,-0.07190404087305069,0.12856246531009674,0.2955896854400635,0.9438899755477905
62.273824100004276,-0.42801281809806824,1.0400242805480957,-0.021681703627109528,-0.07198961079120636,0.12851376831531525,0.2958660125732422,0.9438035488128662
62.27761940000346,-0.4281172454357147,1.03998601436615,-0.02166963368654251,-0.07201980799436569,0.12839742004871368,0.29606375098228455,0.943755030632019
62.281885500007775,-0.4282132685184479,1.039951205253601,-0.0216501634567976,-0.07175444811582565,0.12838469445705414,0.29597118496894836,0.943805992603302
62.2862790000072,-0.42832815647125244,1.0399247407913208,-0.02162107825279236,-0.07191125303506851,0.12809781730175018,0.2961190342903137,0.9437866806983948
62.290382100007264,-0.4284646809101105,1.0399070978164673,-0.021618371829390526,-0.0716669112443924,0.12797847390174866,0.2953786849975586,0.9440533518791199
62.294274400002905,-0.42858025431632996,1.03988516330719,-0.021607372909784317,-0.07160130143165588,0.12783604860305786,0.2952905595302582,0.9441052079200745
62.29862560000038,-0.428689569234848,1.0398695468902588,-0.021587524563074112,-0.0715872272849083,0.12767861783504486,0.29535919427871704,0.9441061615943909
62.30305400000361,-0.4288330376148224,1.039855718612671,-0.021575091406702995,-0.07161673158407211,0.127947598695755,0.295676052570343,0.9439682960510254
62.30663099999947,-0.42897120118141174,1.0398448705673218,-0.02157304808497429,-0.07210724800825119,0.12762930989265442,0.2959069609642029,0.9439016580581665
62.31102480000118,-0.42909011244773865,1.0398271083831787,-0.02155926637351513,-0.07206225395202637,0.1273469179868698,0.29594656825065613,0.9439308643341064
62.31508220000251,-0.4292028248310089,1.039817452430725,-0.021530596539378166,-0.0723283514380455,0.12711358070373535,0.29603826999664307,0.9439131617546082
62.31939689999854,-0.4293108284473419,1.039791464805603,-0.021518319845199585,-0.07190442085266113,0.12682482600212097,0.29587581753730774,0.9440354108810425
62.32341000001179,-0.42941686511039734,1.039777159690857,-0.02151734009385109,-0.07206711173057556,0.126532182097435,0.2959429919719696,0.9440411329269409
62.327490900002886,-0.42950424551963806,1.0397590398788452,-0.02149653248488903,-0.07252238690853119,0.12638162076473236,0.29652148485183716,0.9438449740409851
62.3316332000104,-0.42959368228912354,1.0397716760635376,-0.021463975310325623,-0.07229277491569519,0.12665005028247833,0.2960723042488098,0.9439675211906433
62.335650100008934,-0.4296843409538269,1.0397567749023438,-0.021457938477396965,-0.07236459851264954,0.12653915584087372,0.2964007556438446,0.9438738226890564
62.339949400004116,-0.42977872490882874,1.0397592782974243,-0.021458720788359642,-0.07220451533794403,0.12654288113117218,0.29627516865730286,0.9439250230789185
62.344127600008505,-0.42986854910850525,1.039764404296875,-0.021450068801641464,-0.07222580909729004,0.12661771476268768,0.296330988407135,0.9438958168029785
62.34828820000985,-0.4299481213092804,1.03977370262146,-0.021441765129566193,-0.07225895673036575,0.12666605412960052,0.2964057922363281,0.9438633322715759
62.352380500000436,-0.4300331473350525,1.039777398109436,-0.021447475999593735,-0.07208377122879028,0.12651191651821136,0.29635289311408997,0.943913996219635
62.356557200007956,-0.4301297068595886,1.039795160293579,-0.02142958901822567,-0.07166299223899841,0.12655016779899597,0.29588082432746887,0.9440890550613403
62.36076460000186,-0.43020355701446533,1.0398228168487549,-0.02140655368566513,-0.07189720124006271,0.12664619088172913,0.29593244194984436,0.9440420866012573
62.36495790000481,-0.4302774965763092,1.0398460626602173,-0.021384932100772858,-0.07202019542455673,0.12667594850063324,0.29592812061309814,0.9440301060676575
62.36922150000464,-0.4303629696369171,1.0398759841918945,-0.0213728416711092,-0.07156999409198761,0.1267777532339096,0.2953159511089325,0.9442424178123474
62.37366660000407,-0.4304465651512146,1.0398846864700317,-0.021361274644732475,-0.07108049094676971,0.12675680220127106,0.2948364019393921,0.9444319605827332
62.37746990000596,-0.4305213391780853,1.039911150932312,-0.021332286298274994,-0.0715770423412323,0.12649714946746826,0.29509639739990234,0.9443480968475342
62.38159520000045,-0.43059056997299194,1.0399259328842163,-0.021305512636899948,-0.07165857404470444,0.12645897269248962,0.2951435446739197,0.9443323612213135
62.385745999999926,-0.4306541383266449,1.039955496788025,-0.021265536546707153,-0.0715547502040863,0.1259557157754898,0.295524537563324,0.9442883133888245
62.39062479999848,-0.43072372674942017,1.0399806499481201,-0.021231533959507942,-0.07168698310852051,0.1257166564464569,0.29591888189315796,0.9441866278648376
62.39439110000967,-0.4307882487773895,1.039986491203308,-0.021213456988334656,-0.07186366617679596,0.12561412155628204,0.2959767282009125,0.9441686272621155
62.39844540000195,-0.43085429072380066,1.039975881576538,-0.021199800074100494,-0.07153786718845367,0.12558522820472717,0.2958320379257202,0.9442425966262817
62.40274869999848,-0.43092963099479675,1.0399866104125977,-0.021185297518968582,-0.07186685502529144,0.1252434253692627,0.29603397846221924,0.944199800491333
62.407160200004,-0.43099817633628845,1.0400009155273438,-0.021153198555111885,-0.07206151634454727,0.12523558735847473,0.29607391357421875,0.9441734552383423
62.41094739999971,-0.4310574233531952,1.0399998426437378,-0.021130945533514023,-0.07186545431613922,0.12534435093402863,0.2959734797477722,0.9442054033279419
62.414918100010254,-0.4311426877975464,1.040005087852478,-0.02111392468214035,-0.07200513780117035,0.12572112679481506,0.2964804172515869,0.9439855813980103
62.41924110001128,-0.43121519684791565,1.0400086641311646,-0.021087773144245148,-0.07212535291910172,0.12580613791942596,0.29634425044059753,0.9440078735351562
62.42358770000283,-0.43127313256263733,1.0400207042694092,-0.02105647698044777,-0.07209303975105286,0.12580034136772156,0.29634618759155273,0.9440105557441711
62.428019300001324,-0.4313333332538605,1.0400277376174927,-0.021029705181717873,-0.07214504480361938,0.1257595717906952,0.2962905168533325,0.9440294504165649
62.43194530000619,-0.431397944688797,1.0400370359420776,-0.02099943906068802,-0.07218772172927856,0.12571758031845093,0.2962781488895416,0.9440356492996216
62.436360200008494,-0.4314611852169037,1.0400404930114746,-0.020970052108168602,-0.0723426342010498,0.12556712329387665,0.2964201867580414,0.9439992904663086
62.44048090001161,-0.43151575326919556,1.0400454998016357,-0.02094690501689911,-0.07236750423908234,0.1254672259092331,0.2965325117111206,0.9439753890037537
62.44427190000715,-0.43158289790153503,1.0400562286376953,-0.020897753536701202,-0.07272003591060638,0.12540709972381592,0.29704874753952026,0.9437938928604126
62.44831680000061,-0.4316404163837433,1.0400669574737549,-0.020862799137830734,-0.07310646027326584,0.1254032999277115,0.29698219895362854,0.9437854886054993
62.45252520000213,-0.431696355342865,1.0400699377059937,-0.020833486691117287,-0.07318699359893799,0.12532861530780792,0.29697999358177185,0.9437899589538574
62.45706739999878,-0.4317564368247986,1.04005765914917,-0.020821573212742805,-0.07277703285217285,0.12513306736946106,0.2968459725379944,0.9438896775245667
62.46041960000002,-0.4317564368247986,1.04005765914917,-0.020821573212742805,-0.07277703285217285,0.12513306736946106,0.2968459725379944,0.9438896775245667
62.46517640000093,-0.43186983466148376,1.0400490760803223,-0.020768405869603157,-0.07264026999473572,0.12502403557300568,0.2966046631336212,0.9439905881881714
62.47048380000342,-0.43192416429519653,1.0400437116622925,-0.020747210830450058,-0.0725153237581253,0.12493453919887543,0.29652151465415955,0.9440381526947021
62.473914500005776,-0.43197739124298096,1.0400488376617432,-0.020705198869109154,-0.07274498045444489,0.12477155029773712,0.2967418134212494,0.9439727067947388
62.47776639999938,-0.4320307672023773,1.0400416851043701,-0.020679360255599022,-0.07288289070129395,0.12464196979999542,0.296985387802124,0.9439026117324829
62.48164140000881,-0.4321071207523346,1.0400370359420776,-0.02065756358206272,-0.07259199768304825,0.12465782463550568,0.29655319452285767,0.944058895111084
62.485855500010075,-0.432158499956131,1.0400253534317017,-0.020632175728678703,-0.07247907668352127,0.12457491457462311,0.2964612543582916,0.9441073536872864
62.492168500000844,-0.43220409750938416,1.0400363206863403,-0.02057831734418869,-0.07202525436878204,0.12474171072244644,0.2959291338920593,0.9442869424819946
62.496311100010644,-0.4322485625743866,1.0400229692459106,-0.020539185032248497,-0.0720079094171524,0.12470249831676483,0.2960679829120636,0.9442499279975891
62.500104700011434,-0.43228814005851746,1.0400075912475586,-0.020505573600530624,-0.07195104658603668,0.12465596944093704,0.2961725890636444,0.9442276358604431
62.504160100012086,-0.43233153223991394,1.0399911403656006,-0.020472044125199318,-0.07183357328176498,0.12470114976167679,0.2960917055606842,0.9442560076713562
62.507604500002344,-0.4323781430721283,1.0399675369262695,-0.020435575395822525,-0.07172124832868576,0.1245969608426094,0.29605337977409363,0.9442902207374573
62.51121960001183,-0.43241119384765625,1.0399543046951294,-0.02039632759988308,-0.07167700678110123,0.12448365986347198,0.2960783839225769,0.9443007707595825
62.51520700000401,-0.4324426054954529,1.039929747581482,-0.02034928649663925,-0.07124531269073486,0.12436950951814651,0.2959687411785126,0.9443828463554382
62.51936020000721,-0.4324817359447479,1.0398917198181152,-0.020314600318670273,-0.07076413184404373,0.12414591759443283,0.29586613178253174,0.9444805383682251
62.526212199998554,-0.43251103162765503,1.039871335029602,-0.020282721146941185,-0.07065056264400482,0.12405329197645187,0.2958309054374695,0.9445122480392456
62.52986609999789,-0.43254393339157104,1.0398523807525635,-0.0202495064586401,-0.07075854390859604,0.12402074038982391,0.29590514302253723,0.9444852471351624
62.533720000006724,-0.4325747489929199,1.039835810661316,-0.0202183835208416,-0.07076071947813034,0.12396761029958725,0.2959389388561249,0.944481372833252
62.53766130001168,-0.43261316418647766,1.0398128032684326,-0.02019127644598484,-0.07065985351800919,0.12375609576702118,0.29588553309440613,0.9445334076881409
62.54107790000853,-0.4326496124267578,1.0397974252700806,-0.020151227712631226,-0.07084573060274124,0.1237279400229454,0.29603254795074463,0.9444771409034729
62.544671700001345,-0.4326871335506439,1.0397838354110718,-0.02012479119002819,-0.07092976570129395,0.1236393079161644,0.2959882616996765,0.9444962739944458
62.54869020001206,-0.4327456057071686,1.0397608280181885,-0.020100062713027,-0.07127068191766739,0.12320132553577423,0.2961490750312805,0.9444774389266968
62.55271280001034,-0.43278631567955017,1.0397580862045288,-0.020047644153237343,-0.0712662786245346,0.1227174699306488,0.2965151369571686,0.9444260001182556
62.55701800000679,-0.4328272342681885,1.0397305488586426,-0.019991086795926094,-0.0712730661034584,0.12242192029953003,0.29656118154525757,0.9444493055343628
62.56095810000261,-0.43286630511283875,1.0397002696990967,-0.019959986209869385,-0.07135231792926788,0.12234235554933548,0.29656797647476196,0.9444515109062195
62.56496329999936,-0.43290409445762634,1.0396616458892822,-0.019924316555261612,-0.07149221748113632,0.12227851897478104,0.29618701338768005,0.9445688128471375
62.56920120000723,-0.4329478144645691,1.039625883102417,-0.019896134734153748,-0.07162640243768692,0.12218128144741058,0.2963089644908905,0.9445328712463379
62.57394000000204,-0.43298956751823425,1.0395874977111816,-0.019864318892359734,-0.07164806127548218,0.12219773977994919,0.29626935720443726,0.9445415735244751
62.57774030001019,-0.4330379068851471,1.0395539999008179,-0.019821105524897575,-0.07203921675682068,0.12206373363733292,0.296409010887146,0.9444853067398071
62.58390150000923,-0.4330842196941376,1.0395106077194214,-0.019773665815591812,-0.0720066949725151,0.12215562909841537,0.2961294949054718,0.944563627243042
62.58823150000535,-0.4331219494342804,1.0394662618637085,-0.01973518170416355,-0.07202669233083725,0.12208422273397446,0.2962152063846588,0.9445444345474243
62.59227320000355,-0.43316084146499634,1.039421796798706,-0.019700128585100174,-0.07201774418354034,0.12201901525259018,0.29625850915908813,0.9445400238037109
62.59637230000226,-0.43320420384407043,1.0393760204315186,-0.01966232806444168,-0.07209097594022751,0.12195111811161041,0.2962745428085327,0.9445380568504333
62.600202700006776,-0.43325385451316833,1.0393143892288208,-0.019613536074757576,-0.07242492586374283,0.12171658128499985,0.29684725403785706,0.9443629384040833
62.60440340000787,-0.43329206109046936,1.0392619371414185,-0.01957375928759575,-0.07243890315294266,0.12164615094661713,0.29688283801078796,0.9443597793579102
62.608709000007366,-0.433331161737442,1.0391838550567627,-0.019517622888088226,-0.072618268430233,0.12171429395675659,0.29721587896347046,0.9442325234413147
62.613203800006886,-0.43336597084999084,1.0391309261322021,-0.01947655901312828,-0.07249128818511963,0.12169372290372849,0.29741182923316956,0.9441832304000854
62.617845700006,-0.4334067404270172,1.0390795469284058,-0.019439244642853737,-0.07266081869602203,0.12158462405204773,0.2975890636444092,0.9441283941268921
62.62311330001103,-0.43347877264022827,1.038968563079834,-0.01935765892267227,-0.0727415606379509,0.1215268075466156,0.2976069152355194,0.9441239237785339
62.627386200008914,-0.4335426092147827,1.0388984680175781,-0.019323328509926796,-0.07214846462011337,0.12153232842683792,0.2978903353214264,0.9440793991088867
62.6317851000058,-0.433564156293869,1.0388303995132446,-0.019289253279566765,-0.07178527861833572,0.12099940329790115,0.29735925793647766,0.944342851638794
62.6375437000097,-0.43359145522117615,1.038771629333496,-0.019256044179201126,-0.07174300402402878,0.12085101008415222,0.2971731722354889,0.9444236755371094
62.64182930000243,-0.433647096157074,1.0387054681777954,-0.019245246425271034,-0.07197586447000504,0.12133283913135529,0.2972579598426819,0.9443174600601196
62.64541120000649,-0.433685302734375,1.0386440753936768,-0.019221695140004158,-0.07203637063503265,0.12142255902290344,0.29727816581726074,0.9442950487136841
62.649180400010664,-0.43371906876564026,1.038586139678955,-0.019195979461073875,-0.07212693244218826,0.12127023190259933,0.2973034381866455,0.9442996978759766
62.653050400011125,-0.4337460696697235,1.0385185480117798,-0.019156966358423233,-0.07170919328927994,0.1212887316942215,0.2972310483455658,0.9443519115447998
62.6587537000014,-0.43375661969184875,1.0384371280670166,-0.019122431054711342,-0.07200232148170471,0.12119612097740173,0.29720261693000793,0.94435054063797
62.66257570000016,-0.43378761410713196,1.0383858680725098,-0.019094381481409073,-0.07212015986442566,0.1211099699139595,0.2972298860549927,0.9443439245223999
62.66667479999887,-0.4338250756263733,1.0383473634719849,-0.01906418986618519,-0.07210782170295715,0.1208990141749382,0.29736602306365967,0.944329023361206
62.67017230000056,-0.4338551461696625,1.0383126735687256,-0.01904209703207016,-0.07207834720611572,0.12079507857561111,0.297255277633667,0.944379448890686
62.67436670001189,-0.43388286232948303,1.0382834672927856,-0.01899712160229683,-0.07202024757862091,0.12033552676439285,0.29748860001564026,0.9443691372871399
62.67895529999805,-0.43390992283821106,1.0382440090179443,-0.018974602222442627,-0.07210393995046616,0.12013225257396698,0.2975100874900818,0.9443818926811218
62.68243369999982,-0.4339525103569031,1.038207769393921,-0.018949924036860466,-0.07239934802055359,0.11994029581546783,0.2975998818874359,0.944355309009552
62.68607029999839,-0.43398943543434143,1.0381618738174438,-0.018920067697763443,-0.07258713990449905,0.11978750675916672,0.2971619665622711,0.9444981813430786
62.68996920000063,-0.4340262711048126,1.0381180047988892,-0.018895233049988747,-0.07261484116315842,0.11971894651651382,0.29692575335502625,0.944579005241394
62.69421790000342,-0.43406498432159424,1.0380851030349731,-0.018880970776081085,-0.07267331331968307,0.11966493725776672,0.2968880236148834,0.9445933103561401
62.69898220000323,-0.43410825729370117,1.0380568504333496,-0.018868476152420044,-0.07280392199754715,0.11954960227012634,0.2970120310783386,0.9445587992668152
62.702545799998916,-0.4341496527194977,1.0380265712738037,-0.018842173740267754,-0.07282336801290512,0.11951277405023575,0.2968035638332367,0.9446275234222412
62.70690800000739,-0.4341829717159271,1.0379966497421265,-0.01882130838930607,-0.07280918955802917,0.11948583275079727,0.29660311341285706,0.944694995880127
62.710900000005495,-0.4342273771762848,1.0379655361175537,-0.018800929188728333,-0.07287813723087311,0.11933649331331253,0.29671522974967957,0.9446732997894287
62.715517800010275,-0.4342699944972992,1.0379345417022705,-0.018784023821353912,-0.07299051433801651,0.11919623613357544,0.29675039649009705,0.9446712732315063
62.71920669999963,-0.4343263804912567,1.0379047393798828,-0.018761878833174706,-0.07325167208909988,0.11885698139667511,0.29699981212615967,0.9446154236793518
62.72259030000714,-0.4343263804912567,1.0379047393798828,-0.018761878833174706,-0.07325167208909988,0.11885698139667511,0.29699981212615967,0.9446154236793518
62.72756189999927,-0.4344162940979004,1.0378403663635254,-0.01871412992477417,-0.07294932007789612,0.1186809167265892,0.2967729866504669,0.9447323083877563
62.731563100009225,-0.43445947766304016,1.0378153324127197,-0.01868300512433052,-0.07300679385662079,0.11851420998573303,0.2968747019767761,0.9447168111801147
62.735742900011246,-0.434495747089386,1.037795901298523,-0.018649253994226456,-0.07311929017305374,0.11839074641466141,0.29698753356933594,0.944688081741333
62.739882699999725,-0.4345336854457855,1.0377893447875977,-0.018608031794428825,-0.0733485147356987,0.11819762736558914,0.2971736192703247,0.9446360468864441
62.745189900000696,-0.43457967042922974,1.0377721786499023,-0.018571075052022934,-0.07337132841348648,0.11784141510725021,0.2973001003265381,0.9446389079093933
62.748709000006784,-0.43457967042922974,1.0377721786499023,-0.018571075052022934,-0.07337132841348648,0.11784141510725021,0.2973001003265381,0.9446389079093933
62.75276329999906,-0.4346678853034973,1.0376991033554077,-0.018519526347517967,-0.073033407330513,0.11743225157260895,0.297446608543396,0.9446699619293213
62.75696680000692,-0.43470439314842224,1.0376874208450317,-0.018496746197342873,-0.07322174310684204,0.11724957078695297,0.29749050736427307,0.9446642398834229
62.7612797000038,-0.4347366690635681,1.0376825332641602,-0.018475811928510666,-0.073345847427845,0.11711589992046356,0.2975400984287262,0.9446555972099304
62.76502600000822,-0.4347871243953705,1.0376861095428467,-0.018458634614944458,-0.07367360591888428,0.1166696771979332,0.29759201407432556,0.9446690082550049
62.76931260000856,-0.43482035398483276,1.037689447402954,-0.018440965563058853,-0.07381759583950043,0.11651740968227386,0.29752954840660095,0.9446962475776672
62.773316200007685,-0.434848427772522,1.0376936197280884,-0.018418513238430023,-0.07397311925888062,0.11644791811704636,0.2975679039955139,0.9446805119514465
62.777824300006614,-0.4348863363265991,1.0376989841461182,-0.018381377682089806,-0.0740705206990242,0.11630316823720932,0.2977428138256073,0.9446356296539307
62.781768400003784,-0.4349305033683777,1.0377116203308105,-0.018345369026064873,-0.07427120208740234,0.11650075018405914,0.2976374924182892,0.9446287155151367
62.785809500011965,-0.4349640905857086,1.0377181768417358,-0.018318498507142067,-0.07448063790798187,0.11644411087036133,0.2976378798484802,0.9446191191673279
62.790423700003885,-0.4350084960460663,1.037731409072876,-0.018280593678355217,-0.07483304291963577,0.11614768207073212,0.29784753918647766,0.9445616006851196
62.79448570001114,-0.43504220247268677,1.0377424955368042,-0.018251176923513412,-0.07493369281291962,0.1159905418753624,0.29800671339035034,0.9445227384567261
62.7985236000095,-0.43507444858551025,1.037752389907837,-0.018218526616692543,-0.07502759248018265,0.11595090478658676,0.29808464646339417,0.9444955587387085
62.80267570000433,-0.4351213574409485,1.0377544164657593,-0.018170498311519623,-0.07501552999019623,0.11598265171051025,0.29811981320381165,0.9444814920425415
62.806695799998124,-0.43515273928642273,1.037768006324768,-0.01813499443233013,-0.0751180425286293,0.11584369093179703,0.2984216511249542,0.9443950653076172
62.81080260001181,-0.4351764917373657,1.0377819538116455,-0.018096620216965675,-0.07514242082834244,0.1157374456524849,0.2982104420661926,0.9444729089736938
62.81475840001076,-0.4352017939090729,1.0378018617630005,-0.018056366592645645,-0.07524048537015915,0.11568357050418854,0.29837748408317566,0.9444189667701721
62.81967440000153,-0.4352174699306488,1.0378293991088867,-0.017968250438570976,-0.07512233406305313,0.11503925174474716,0.29881224036216736,0.9443695545196533
62.824623799999245,-0.435239315032959,1.037874698638916,-0.017904145643115044,-0.0745452269911766,0.11511669307947159,0.29808279871940613,0.944636344909668
62.828293600003235,-0.4352596700191498,1.0378830432891846,-0.017859691753983498,-0.07470600306987762,0.11515672504901886,0.2979986369609833,0.9446452856063843
62.833478500004276,-0.4352789521217346,1.0378881692886353,-0.017823640257120132,-0.0746724009513855,0.11525119096040726,0.2978140115737915,0.9446946382522583
62.83754839999892,-0.4352957010269165,1.0378955602645874,-0.017776815220713615,-0.07487839460372925,0.11528614908456802,0.2977727949619293,0.9446871280670166
62.841703099998995,-0.43531566858291626,1.0379072427749634,-0.017724331468343735,-0.07493561506271362,0.115434430539608,0.29752543568611145,0.9447424411773682
62.84588610001083,-0.43532660603523254,1.0379222631454468,-0.017668528482317924,-0.0748288556933403,0.11546886712312698,0.2971954047679901,0.9448505640029907
62.85027419999824,-0.43533268570899963,1.0379317998886108,-0.01760157197713852,-0.0750952810049057,0.11546076834201813,0.29726848006248474,0.9448073506355286
62.854487700009486,-0.43534770607948303,1.0379329919815063,-0.017549891024827957,-0.07512543350458145,0.11545003950595856,0.29697856307029724,0.944897472858429
62.85850020000362,-0.4353637099266052,1.0379257202148438,-0.017492199316620827,-0.07519124448299408,0.11552078276872635,0.29661625623703003,0.9449974298477173
62.86265510000521,-0.43538880348205566,1.0379319190979004,-0.01743849366903305,-0.07523626834154129,0.11549143493175507,0.29695576429367065,0.9448907971382141
62.86706860001141,-0.4354076683521271,1.0379363298416138,-0.01738729514181614,-0.07532727718353271,0.11548604816198349,0.2969146966934204,0.9448970556259155
62.870906500000274,-0.4354288876056671,1.0379194021224976,-0.01733005978167057,-0.0753931775689125,0.11556919664144516,0.29649636149406433,0.9450129866600037
62.875044100001105,-0.4354567527770996,1.037926197052002,-0.017272157594561577,-0.07540709525346756,0.11550814658403397,0.29664862155914307,0.9449715614318848
62.8792814000044,-0.4354775846004486,1.0379176139831543,-0.017204245552420616,-0.07546021044254303,0.11557597666978836,0.2963216006755829,0.9450616240501404
62.88353140000254,-0.4355051517486572,1.0379091501235962,-0.017135869711637497,-0.07543294876813889,0.11551561206579208,0.2963505685329437,0.9450621604919434
62.887918300009915,-0.43553677201271057,1.0379234552383423,-0.017070217058062553,-0.07558373361825943,0.11548969894647598,0.296600341796875,0.9449748396873474
62.89179360000708,-0.43557190895080566,1.0378953218460083,-0.016996299847960472,-0.0752069503068924,0.11553166806697845,0.296517938375473,0.945025622844696
62.899618700001156,-0.43563413619995117,1.0378742218017578,-0.016875868663191795,-0.07515572756528854,0.11537792533636093,0.29652032256126404,0.9450477957725525
62.9031687000097,-0.43567150831222534,1.037880301475525,-0.01679564267396927,-0.07546567916870117,0.11523670703172684,0.2966967821121216,0.9449848532676697
62.907240000000456,-0.43570196628570557,1.0378813743591309,-0.016722969710826874,-0.07551870495080948,0.11514970660209656,0.29677072167396545,0.944968044757843
62.915933700001915,-0.43575865030288696,1.037874698638916,-0.016596229746937752,-0.0754391998052597,0.11493248492479324,0.29669418931007385,0.9450249075889587
62.91938800000935,-0.4357926547527313,1.037854552268982,-0.01652166061103344,-0.07548414915800095,0.11491991579532623,0.2963629961013794,0.9451267123222351
62.923321599999326,-0.43581923842430115,1.0378410816192627,-0.016447175294160843,-0.07548806071281433,0.11467943340539932,0.2961968183517456,0.9452077150344849
62.92765940001118,-0.43584293127059937,1.0378350019454956,-0.01639343984425068,-0.07554368674755096,0.11455933749675751,0.2961679995059967,0.9452269077301025
62.93168560000777,-0.4358711242675781,1.0378338098526,-0.016341067850589752,-0.07562170922756195,0.1144937053322792,0.29616788029670715,0.9452286958694458
62.93585220001114,-0.4359080493450165,1.0378354787826538,-0.01629948988556862,-0.07586005330085754,0.11426785588264465,0.29616475105285645,0.9452378749847412
62.939886200008914,-0.4359348714351654,1.0378353595733643,-0.016258077695965767,-0.07597904652357101,0.11418396979570389,0.29594701528549194,0.9453065991401672
62.94450959999813,-0.43596699833869934,1.0378382205963135,-0.01620904542505741,-0.07599324733018875,0.11408305168151855,0.2959118187427521,0.9453286528587341
62.94832999999926,-0.4359869658946991,1.0378704071044922,-0.016125934198498726,-0.07581222057342529,0.11332546919584274,0.2964150607585907,0.9452766180038452
62.95235450001201,-0.43601319193840027,1.0379005670547485,-0.01603834144771099,-0.07548501342535019,0.11330325901508331,0.2959102988243103,0.9454637169837952
62.95714040000166,-0.43604782223701477,1.0379072427749634,-0.01598614640533924,-0.07542157173156738,0.1134386658668518,0.29553526639938354,0.9455697536468506
62.960820699998294,-0.43609189987182617,1.0379078388214111,-0.015945324674248695,-0.07559096813201904,0.11325796693563461,0.2956274747848511,0.9455490708351135
62.96914450000622,-0.4361603558063507,1.0379005670547485,-0.01586136780679226,-0.07608203589916229,0.11305350065231323,0.2960070073604584,0.9454154968261719
62.973338900003,-0.4361884593963623,1.037901759147644,-0.015817370265722275,-0.07620958238840103,0.11293268948793411,0.2960797846317291,0.9453967809677124
62.977527000010014,-0.43621519207954407,1.0378998517990112,-0.015774745494127274,-0.0762108862400055,0.11295073479413986,0.2960178256034851,0.9454138875007629
62.98114970000461,-0.43621519207954407,1.0378998517990112,-0.015774745494127274,-0.0762108862400055,0.11295073479413986,0.2960178256034851,0.9454138875007629
62.98576370000956,-0.4362700581550598,1.037899374961853,-0.015676142647862434,-0.0762120708823204,0.11301147937774658,0.29554784297943115,0.9455536603927612
62.990016000010655,-0.43634578585624695,1.0378891229629517,-0.015641961246728897,-0.07637309283018112,0.11297153681516647,0.2960840165615082,0.9453776478767395
62.996015600001556,-0.4363832473754883,1.0378620624542236,-0.015602903440594673,-0.0761232003569603,0.11286421865224838,0.29603615403175354,0.9454255700111389
62.999573100009,-0.43639856576919556,1.0378549098968506,-0.015557104721665382,-0.07592292875051498,0.11276803910732269,0.29592588543891907,0.9454876780509949
63.004103100000066,-0.4364106357097626,1.0378291606903076,-0.015528853051364422,-0.07607617974281311,0.11302834004163742,0.29532894492149353,0.9456309676170349
63.00767960000667,-0.43642932176589966,1.0378180742263794,-0.015487547032535076,-0.07614236325025558,0.11305127292871475,0.2952372431755066,0.9456515312194824
63.01099580001028,-0.4364486634731293,1.0377999544143677,-0.015449976548552513,-0.07625185698270798,0.11296775192022324,0.29554280638694763,0.945557177066803
63.01497509999899,-0.4364669620990753,1.0377925634384155,-0.015399345196783543,-0.07663112133741379,0.11285997182130814,0.2953745722770691,0.9455920457839966
63.020092000006116,-0.43648478388786316,1.037787675857544,-0.015354265458881855,-0.07675550132989883,0.11284232139587402,0.29536324739456177,0.9455875754356384
63.02369909999834,-0.4364921450614929,1.037790298461914,-0.015277165919542313,-0.07665971666574478,0.1123233214020729,0.2955203056335449,0.9456080198287964
63.02803230000427,-0.4365043342113495,1.037797212600708,-0.01522376760840416,-0.07691187411546707,0.11206018179655075,0.29559677839279175,0.9455949068069458
63.031716600002255,-0.4365296959877014,1.0377894639968872,-0.015183543786406517,-0.07706313580274582,0.1119861975312233,0.2955886721611023,0.9455938339233398
63.03582100001222,-0.43656209111213684,1.0377659797668457,-0.015152066014707088,-0.07711756229400635,0.11220929026603699,0.2953706979751587,0.9456310272216797
63.04005039999902,-0.43658608198165894,1.037745475769043,-0.015114804729819298,-0.0771862342953682,0.11215435713529587,0.29546383023262024,0.9456028938293457
63.04399230000854,-0.4366103410720825,1.0377100706100464,-0.01506735198199749,-0.07771740853786469,0.11211171746253967,0.29601967334747314,0.9453906416893005
63.04743540000345,-0.4366103410720825,1.0377100706100464,-0.01506735198199749,-0.07771740853786469,0.11211171746253967,0.29601967334747314,0.9453906416893005
63.05235110000649,-0.43665263056755066,1.0376615524291992,-0.0149866733700037,-0.0777033269405365,0.1121802031993866,0.29615262150764465,0.9453420639038086
63.056655899999896,-0.4366748332977295,1.0376379489898682,-0.01494989637285471,-0.07768209278583527,0.11215557903051376,0.29626694321632385,0.9453108310699463
63.06396410000161,-0.4367004632949829,1.037621259689331,-0.014894247055053711,-0.0775211825966835,0.11207347363233566,0.2963736355304718,0.945300281047821
63.06920730001002,-0.43674957752227783,1.0375723838806152,-0.014813480898737907,-0.07739416509866714,0.11204744130373001,0.2963695228099823,0.9453151226043701
63.07337800000096,-0.43677932024002075,1.0375434160232544,-0.01476720068603754,-0.07738351076841354,0.11206471174955368,0.2965286672115326,0.9452639818191528
63.077453800011426,-0.43679913878440857,1.0375183820724487,-0.014728298410773277,-0.07722065597772598,0.1121193990111351,0.29646506905555725,0.9452908039093018
63.08228230000532,-0.43682458996772766,1.0374997854232788,-0.014680955559015274,-0.07724156975746155,0.11203686147928238,0.29655760526657104,0.9452698230743408
63.08572129999811,-0.43684253096580505,1.0374653339385986,-0.01462837215512991,-0.0766746923327446,0.11208570748567581,0.2963184714317322,0.945385217666626
63.08992959999887,-0.4368663430213928,1.0374317169189453,-0.014589115977287292,-0.07644777745008469,0.11187899112701416,0.29640889167785645,0.9453997015953064
63.09426670000539,-0.43688732385635376,1.0374075174331665,-0.014549573883414268,-0.07645848393440247,0.11180971562862396,0.2964463233947754,0.945395290851593
63.0986441999994,-0.4369075894355774,1.037386178970337,-0.0145005714148283,-0.0763382613658905,0.11182112991809845,0.2961958944797516,0.9454821348190308
63.10268450000149,-0.4369259178638458,1.0373674631118774,-0.014460386708378792,-0.07627149671316147,0.11179143935441971,0.29611533880233765,0.9455162882804871
63.1066889000067,-0.4369381368160248,1.0373468399047852,-0.014421600848436356,-0.07622826099395752,0.11171378940343857,0.29600977897644043,0.9455620050430298
63.11091090000991,-0.4369474947452545,1.0373127460479736,-0.014376782812178135,-0.07620441168546677,0.11158234626054764,0.29555100202560425,0.9457229375839233
63.11500280001201,-0.43696075677871704,1.0372790098190308,-0.014333320781588554,-0.07615269720554352,0.11150745302438736,0.2952156066894531,0.9458407759666443
63.11899699999776,-0.43697407841682434,1.0372605323791504,-0.014305969700217247,-0.07614348828792572,0.11152078211307526,0.2950877249240875,0.9458798170089722
63.123190600003,-0.43697088956832886,1.0372347831726074,-0.014256175607442856,-0.07650268822908401,0.1114751547574997,0.29554852843284607,0.9457122683525085
63.12760740000522,-0.436975359916687,1.037217617034912,-0.014219429343938828,-0.07644765824079514,0.11144884675741196,0.2954725921154022,0.9457435607910156
63.13194350000413,-0.43698251247406006,1.0372371673583984,-0.014131762087345123,-0.07610330730676651,0.11072910577058792,0.2960491180419922,0.9456756114959717
63.13725410000188,-0.4369911551475525,1.0372343063354492,-0.01408728864043951,-0.07600101083517075,0.11052168160676956,0.2960008680820465,0.9457231760025024
63.14171029999852,-0.4370022118091583,1.0372297763824463,-0.014039677567780018,-0.07614769041538239,0.11065314710140228,0.29595720767974854,0.9457096457481384
63.14515690000553,-0.437019407749176,1.0372258424758911,-0.014005523175001144,-0.07613176107406616,0.11074236780405045,0.2958166301250458,0.945744514465332
63.14859380001144,-0.4370480477809906,1.0372108221054077,-0.013962797820568085,-0.0761650875210762,0.11065157502889633,0.29566770792007446,0.9457989931106567
63.152626600000076,-0.4370875954627991,1.0372055768966675,-0.013937221840023994,-0.07592659443616867,0.11082734912633896,0.2950705289840698,0.9459841251373291
63.15736120000656,-0.4371119737625122,1.0372122526168823,-0.013892965391278267,-0.07623352110385895,0.11100810766220093,0.2949097752571106,0.9459882974624634
63.16172899999947,-0.4371505379676819,1.03721284866333,-0.013847731053829193,-0.07654871046543121,0.11082514375448227,0.2951889634132385,0.9458972215652466
63.16523700000835,-0.4371749758720398,1.0372040271759033,-0.013813464902341366,-0.0766175389289856,0.11088345944881439,0.29520681500434875,0.9458792805671692
63.16913230001228,-0.43720555305480957,1.0372258424758911,-0.013755965046584606,-0.0760459154844284,0.11122611165046692,0.2943059504032135,0.9461658596992493
63.17365419999987,-0.4372345805168152,1.0372042655944824,-0.01371205784380436,-0.07548423111438751,0.11113472282886505,0.2940520644187927,0.9463004469871521
63.17905210000754,-0.43725883960723877,1.0372065305709839,-0.013678617775440216,-0.07540325075387955,0.11117658764123917,0.29397711157798767,0.9463253021240234
63.18253669999831,-0.4372895359992981,1.0371896028518677,-0.01363596972078085,-0.07556241750717163,0.11121701449155807,0.2943112552165985,0.9462040662765503
63.18622730000061,-0.4373053312301636,1.0371990203857422,-0.013604533858597279,-0.07549897581338882,0.11119972914457321,0.29405441880226135,0.9462910294532776
63.19022000000405,-0.4373369514942169,1.0371824502944946,-0.013568743132054806,-0.07559026032686234,0.11123032867908478,0.29424160718917847,0.9462218880653381
63.1943098000047,-0.43735361099243164,1.0371637344360352,-0.013526162132620811,-0.07614149898290634,0.11110785603523254,0.2950122654438019,0.9459520578384399
63.198377100008656,-0.43737637996673584,1.037168025970459,-0.0134924640879035,-0.07621381431818008,0.11111453920602798,0.29499486088752747,0.9459508657455444
63.2024276000011,-0.43740445375442505,1.0371766090393066,-0.013441660441458225,-0.07620137929916382,0.11089985072612762,0.29508212208747864,0.945949912071228
63.207144300002255,-0.4374283254146576,1.0371843576431274,-0.013397752307355404,-0.07627934962511063,0.11088386923074722,0.29512208700180054,0.945932924747467
63.21088720000989,-0.43747198581695557,1.0372039079666138,-0.01336354948580265,-0.0759463757276535,0.11102209985256195,0.2944001853466034,0.9461685419082642
63.21510840000701,-0.4375067353248596,1.0372140407562256,-0.013312687166035175,-0.07603321969509125,0.11108113825321198,0.2942068874835968,0.9462147355079651
63.22075400000904,-0.4375438392162323,1.0372140407562256,-0.013270806521177292,-0.07605727761983871,0.1110694408416748,0.29415959119796753,0.9462289214134216
63.224308100005146,-0.43758073449134827,1.0372031927108765,-0.013227340765297413,-0.07642456889152527,0.11097172647714615,0.29444006085395813,0.946123480796814
63.22850160000962,-0.4376218020915985,1.0372052192687988,-0.013185159303247929,-0.07655790448188782,0.1109776720404625,0.2945351004600525,0.9460824131965637
63.231958100004704,-0.43766283988952637,1.037203311920166,-0.013146167621016502,-0.07665605843067169,0.1108926311135292,0.2945513427257538,0.946079432964325
63.235975100004,-0.437701016664505,1.0372098684310913,-0.013093577697873116,-0.07695313543081284,0.1109134703874588,0.29469403624534607,0.9460083842277527
63.24145880001015,-0.4377417266368866,1.0372202396392822,-0.013043168000876904,-0.07689832150936127,0.11096438020467758,0.29431870579719543,0.9461237192153931
63.244911200003116,-0.4377955496311188,1.037210464477539,-0.012996138073503971,-0.07721813768148422,0.11077877879142761,0.29437270760536194,0.9461026787757874
63.2526394000015,-0.4378848671913147,1.0372058153152466,-0.01290607638657093,-0.07742646336555481,0.11064983159303665,0.2944013178348541,0.9460917711257935
63.25683260000369,-0.4379318058490753,1.0372003316879272,-0.012863514013588428,-0.07753859460353851,0.11054003238677979,0.2946265935897827,0.9460253119468689
63.261282400009804,-0.43798592686653137,1.0372036695480347,-0.012801029719412327,-0.07763828337192535,0.11031431704759598,0.29486048221588135,0.9459705948829651
63.26510590000544,-0.43802693486213684,1.037196397781372,-0.012757083401083946,-0.07782117277383804,0.11015225201845169,0.2950367331504822,0.9459195137023926
63.26911240001209,-0.43808332085609436,1.037195086479187,-0.012705247849225998,-0.07796848565340042,0.11001843214035034,0.29506778717041016,0.9459131956100464
63.2734102000104,-0.4381553828716278,1.0371818542480469,-0.012664303183555603,-0.07895834743976593,0.10952670127153397,0.2959105670452118,0.9456248879432678
63.2769655000011,-0.4381553828716278,1.0371818542480469,-0.012664303183555603,-0.07895834743976593,0.10952670127153397,0.2959105670452118,0.9456248879432678
63.28182720000041,-0.43826496601104736,1.0371651649475098,-0.012567197903990746,-0.07925514876842499,0.10950884222984314,0.29616987705230713,0.9455209374427795
63.28586650000943,-0.4383183419704437,1.0371601581573486,-0.012528641149401665,-0.07924507558345795,0.1093936339020729,0.29633140563964844,0.9454845190048218
63.28999470001145,-0.4383697509765625,1.0371792316436768,-0.012435032986104488,-0.07904762774705887,0.10863246768712997,0.2970980703830719,0.9453482031822205
63.29398960000253,-0.43841639161109924,1.037164568901062,-0.012380063533782959,-0.0789538323879242,0.10841839760541916,0.2971688508987427,0.9453583359718323
63.29856039999868,-0.43846508860588074,1.0371413230895996,-0.012333842925727367,-0.07899194210767746,0.10851667076349258,0.29721876978874207,0.9453282952308655
63.30421300001035,-0.4385043978691101,1.0371028184890747,-0.012295368127524853,-0.0788038820028305,0.10877614468336105,0.2972499132156372,0.9453043341636658
63.307550400000764,-0.4385564923286438,1.0370770692825317,-0.012250242754817009,-0.07870429754257202,0.10863517224788666,0.297402560710907,0.9452807903289795
63.311168300002464,-0.43861180543899536,1.0370469093322754,-0.012213308364152908,-0.07858103513717651,0.10837423801422119,0.29720810055732727,0.9453821182250977
63.31501370000478,-0.4386593699455261,1.0370080471038818,-0.012195821851491928,-0.07862785458564758,0.10842669010162354,0.29669174551963806,0.9455344080924988
63.31952109999838,-0.43871933221817017,1.036987066268921,-0.012140537612140179,-0.07872092723846436,0.10822722315788269,0.296894907951355,0.9454857707023621
63.32354060000216,-0.43877387046813965,1.0369722843170166,-0.012064372189342976,-0.07833210378885269,0.10859986394643784,0.2958540916442871,0.9458015561103821
63.327832499999204,-0.4388463497161865,1.0369335412979126,-0.01204777043312788,-0.07842835783958435,0.10895471274852753,0.29576781392097473,0.9457798004150391
63.33196140000655,-0.438910573720932,1.03690767288208,-0.012014860287308693,-0.07827097177505493,0.10913550108671188,0.29544204473495483,0.9458737373352051
63.336137800011784,-0.43896469473838806,1.036880373954773,-0.011988796293735504,-0.07829916477203369,0.10903248935937881,0.2953929603099823,0.9458985924720764
63.340311100007966,-0.43901342153549194,1.0368562936782837,-0.01196243055164814,-0.07839593291282654,0.10899902880191803,0.29533445835113525,0.9459126591682434
63.344181000007666,-0.4390661120414734,1.036826491355896,-0.011942585930228233,-0.07830019295215607,0.10893791168928146,0.2953093349933624,0.9459356069564819
63.34821440000087,-0.43912312388420105,1.036784052848816,-0.011919341050088406,-0.07801670581102371,0.1087895855307579,0.29501181840896606,0.9460688233375549
63.3528168000048,-0.4391736388206482,1.036763072013855,-0.011897454038262367,-0.07808656990528107,0.10863535851240158,0.29495126008987427,0.9460996985435486
63.356896099998266,-0.43922901153564453,1.0367432832717896,-0.011876058764755726,-0.07827030122280121,0.10834472626447678,0.29488277435302734,0.9461391568183899
63.361144700000295,-0.4392830431461334,1.0367237329483032,-0.011854453943669796,-0.0784958153963089,0.10820437967777252,0.2952909469604492,0.9460092186927795
63.36516290000873,-0.4393466114997864,1.036705732345581,-0.011850480921566486,-0.07817201316356659,0.1082831397652626,0.29466357827186584,0.9462226033210754
63.36934679999831,-0.4394058287143707,1.036689281463623,-0.011857593432068825,-0.07794453948736191,0.10815461724996567,0.29443880915641785,0.9463260769844055
63.375713400004315,-0.43945175409317017,1.036672830581665,-0.011857126839458942,-0.07799167931079865,0.10807130485773087,0.29415667057037354,0.9464194774627686
63.380230399998254,-0.4394958019256592,1.0366522073745728,-0.011854234151542187,-0.07802001386880875,0.1080409586429596,0.29412841796875,0.946429431438446
63.38448449999851,-0.4395422339439392,1.0366322994232178,-0.011852040886878967,-0.07805904000997543,0.10807633399963379,0.2941705584526062,0.9464090466499329
63.38976669999829,-0.4396359324455261,1.0365813970565796,-0.011851433664560318,-0.07794111967086792,0.10768761485815048,0.2940168082714081,0.9465107917785645
63.39834169999813,-0.43974611163139343,1.0365309715270996,-0.01183909922838211,-0.07839051634073257,0.10738576203584671,0.2950309216976166,0.9461924433708191
63.40266300000076,-0.43978917598724365,1.0365153551101685,-0.011827807873487473,-0.07848378270864487,0.10728343576192856,0.2951248586177826,0.9461669325828552
63.41246940000565,-0.4398617148399353,1.036481499671936,-0.011817681603133678,-0.07859723269939423,0.1071004867553711,0.295352578163147,0.9461072683334351
63.41613789999974,-0.43989625573158264,1.0364528894424438,-0.01181619893759489,-0.07865919172763824,0.10717696696519852,0.2952321767807007,0.9461309313774109
63.42012500000419,-0.43992921710014343,1.0364323854446411,-0.011811729520559311,-0.0787353590130806,0.10706715285778046,0.29518046975135803,0.9461532831192017
63.42447720000928,-0.4399489164352417,1.0364139080047607,-0.01181318424642086,-0.07865050435066223,0.10708300769329071,0.29520371556282043,0.9461512565612793
63.42855779999809,-0.4399721026420593,1.0364011526107788,-0.011795160360634327,-0.07863960415124893,0.10687324404716492,0.29530763626098633,0.9461434483528137
63.43198740000662,-0.43999728560447693,1.036379098892212,-0.011790226213634014,-0.07853881269693375,0.10668718069791794,0.29521703720092773,0.9462010860443115
63.43612969999958,-0.4400118589401245,1.0363647937774658,-0.011791837401688099,-0.07846243679523468,0.10663539171218872,0.2952292859554291,0.9462093710899353
63.4400500000047,-0.4400273561477661,1.0363484621047974,-0.011788721196353436,-0.07851729542016983,0.10662800073623657,0.2951778769493103,0.9462217688560486
63.444342500006314,-0.4400399625301361,1.0363296270370483,-0.011791618540883064,-0.07850898802280426,0.1066192016005516,0.29507437348365784,0.9462557435035706
63.44937899999786,-0.4400559365749359,1.0363101959228516,-0.01179472915828228,-0.07849477976560593,0.10661430656909943,0.29505130648612976,0.9462646842002869
63.452843600010965,-0.44007742404937744,1.0362911224365234,-0.011802037246525288,-0.07848665118217468,0.10657845437526703,0.2950584590435028,0.9462671279907227
63.45760650000011,-0.4400954246520996,1.0362647771835327,-0.011806418187916279,-0.07854292541742325,0.10660102963447571,0.29474079608917236,0.946358859539032
63.46101310000813,-0.4401167035102844,1.0362520217895508,-0.01180188450962305,-0.07849431782960892,0.1065366193652153,0.29489171504974365,0.9463231563568115
63.46519070000795,-0.4401320219039917,1.0362287759780884,-0.011794868856668472,-0.07855120301246643,0.10642383247613907,0.2948841452598572,0.9463335275650024
63.46930560001056,-0.44015806913375854,1.0362067222595215,-0.011796570383012295,-0.07860653847455978,0.10626837611198425,0.29531756043434143,0.9462112188339233
63.47329130000435,-0.4401952922344208,1.0361868143081665,-0.01180172897875309,-0.07884365320205688,0.105930857360363,0.29532450437545776,0.9462271332740784
63.47762530000182,-0.4402160942554474,1.0361628532409668,-0.011799263767898083,-0.07888779789209366,0.1057935506105423,0.2953287661075592,0.9462374448776245
63.4817880000046,-0.4402349591255188,1.036138892173767,-0.01179938018321991,-0.07879937440156937,0.10572181642055511,0.295371413230896,0.9462395906448364
63.48581370001193,-0.4402531087398529,1.0360976457595825,-0.011801989749073982,-0.07880575954914093,0.1057666689157486,0.29506364464759827,0.9463300108909607
63.49009570000635,-0.4402708411216736,1.0360651016235352,-0.011807810515165329,-0.07884713262319565,0.10575762391090393,0.29497459530830383,0.946355402469635
63.49460280001222,-0.44028377532958984,1.0360350608825684,-0.011815207079052925,-0.0788557380437851,0.10571134835481644,0.295009970664978,0.9463487863540649
63.498509800003376,-0.44029501080513,1.0360034704208374,-0.01182037778198719,-0.07883074134588242,0.10566122829914093,0.2949792742729187,0.946366012096405
63.50253510000766,-0.4403136372566223,1.0359750986099243,-0.011822263710200787,-0.07873193174600601,0.10562526434659958,0.2949511408805847,0.9463871121406555
63.5065692000062,-0.4403294622898102,1.035950779914856,-0.011821878142654896,-0.07871107757091522,0.10557857900857925,0.2949800193309784,0.9463849663734436
63.51173560001189,-0.4403420686721802,1.0359283685684204,-0.011824719607830048,-0.07867790013551712,0.1056557297706604,0.294876366853714,0.9464114904403687
63.51527280001028,-0.44036006927490234,1.0359058380126953,-0.011822523549199104,-0.07873434573411942,0.10566402226686478,0.29487159848213196,0.9464073181152344
63.52369510001154,-0.44039472937583923,1.0358670949935913,-0.011820049956440926,-0.078729547560215,0.10555309057235718,0.2949283719062805,0.946402370929718
63.52767550000863,-0.4404119849205017,1.0358484983444214,-0.011823470704257488,-0.07879035174846649,0.10549240559339523,0.2950017750263214,0.9463812708854675
63.53166280000005,-0.4404342770576477,1.0358350276947021,-0.011826008558273315,-0.07883905619382858,0.10546985268592834,0.29501235485076904,0.9463764429092407
63.53569270001026,-0.4404538869857788,1.035814881324768,-0.01182304136455059,-0.07883244752883911,0.10552817583084106,0.2950271964073181,0.9463657736778259
63.54012910000165,-0.4404744505882263,1.0358012914657593,-0.011820456944406033,-0.07884912937879562,0.10547881573438644,0.29505884647369385,0.9463601112365723
63.548400700005004,-0.44051897525787354,1.0357745885849,-0.011832278221845627,-0.07890458405017853,0.10538766533136368,0.29500651359558105,0.9463819265365601
63.55251550000685,-0.44053933024406433,1.035760760307312,-0.01183177251368761,-0.07865152508020401,0.10546059161424637,0.29460981488227844,0.9465183615684509
63.55664960001013,-0.4405681788921356,1.03574800491333,-0.011831142008304596,-0.0787644013762474,0.10522632300853729,0.2946159541606903,0.946533203125
63.560765200003516,-0.44059228897094727,1.035730004310608,-0.011842572130262852,-0.07877273857593536,0.10511897504329681,0.29469358921051025,0.946520209312439
63.56476290000137,-0.4406147599220276,1.0357136726379395,-0.011860057711601257,-0.07881870120763779,0.10507307946681976,0.29470643401145935,0.9465175271034241
63.56916710000951,-0.4406426250934601,1.035702109336853,-0.011872224509716034,-0.07887135446071625,0.10500161349773407,0.2946450412273407,0.9465401768684387
63.57404680000036,-0.4406673014163971,1.035696268081665,-0.011886133812367916,-0.07881621271371841,0.10488264262676239,0.2946169078350067,0.9465667605400085
63.57759420000366,-0.4406929910182953,1.0356898307800293,-0.01188754104077816,-0.07878106087446213,0.10475149750709534,0.2946506440639496,0.9465736746788025
63.58162409999932,-0.4407285153865814,1.0356677770614624,-0.011887642554938793,-0.07835229486227036,0.10462351888418198,0.2946917414665222,0.9466106295585632
63.585803800000576,-0.4407554864883423,1.0356587171554565,-0.011897990480065346,-0.07826217263936996,0.10451609641313553,0.2947344481945038,0.9466166496276855
63.594369200000074,-0.44080764055252075,1.0356452465057373,-0.011911764740943909,-0.07849591225385666,0.10431639105081558,0.2949278652667999,0.9465590715408325
63.59847960001207,-0.44083675742149353,1.035634160041809,-0.011925597675144672,-0.07869086414575577,0.10413038730621338,0.29506683349609375,0.9465200901031494
63.603076400002465,-0.44086092710494995,1.0356247425079346,-0.01194198802113533,-0.07871019095182419,0.10405100136995316,0.2950589954853058,0.9465295672416687
63.60721500001091,-0.4408816993236542,1.0356156826019287,-0.011954909190535545,-0.07880944758653641,0.10396436601877213,0.2950966954231262,0.946519136428833
63.615447400006815,-0.4409236013889313,1.035597801208496,-0.011974397115409374,-0.0788479596376419,0.10388867557048798,0.29513147473335266,0.9465133547782898
63.62016030000814,-0.4409562051296234,1.0356019735336304,-0.011992898769676685,-0.07840600609779358,0.10390007495880127,0.29445046186447144,0.946760892868042
63.62489600000845,-0.44097355008125305,1.035600185394287,-0.012007586658000946,-0.07833385467529297,0.10385215282440186,0.2943500578403473,0.9468033909797668
63.62894870000309,-0.4410039186477661,1.035574197769165,-0.012035706080496311,-0.07824176549911499,0.10368633270263672,0.29446080327033997,0.9467947483062744
63.63387700000021,-0.4410260021686554,1.0355629920959473,-0.01205420307815075,-0.07834900170564651,0.10351503640413284,0.29449453949928284,0.9467940926551819
63.63875810000172,-0.4410487115383148,1.0355201959609985,-0.012110083363950253,-0.07915019243955612,0.1028674766421318,0.2956891357898712,0.9464256763458252
63.643740600004094,-0.44110551476478577,1.0355054140090942,-0.012157643213868141,-0.07949113845825195,0.10298405587673187,0.29578253626823425,0.9463552236557007
63.648067300004186,-0.44112733006477356,1.0355513095855713,-0.012109089642763138,-0.07856334745883942,0.10332024097442627,0.2944932281970978,0.9467980861663818
63.6533969000011,-0.44114574790000916,1.0355229377746582,-0.01215761061757803,-0.07925570011138916,0.10275624692440033,0.2954786717891693,0.9464945793151855
63.657425199999125,-0.44117802381515503,1.0355126857757568,-0.012172531336545944,-0.07946251332759857,0.10269490629434586,0.2958788573741913,0.9463589191436768
63.66102850000607,-0.4412030577659607,1.0355452299118042,-0.012132219970226288,-0.0787895917892456,0.10322435945272446,0.2947023808956146,0.9467245936393738
63.66514080000343,-0.44122958183288574,1.035513997077942,-0.012173851951956749,-0.07944707572460175,0.1026608943939209,0.29574981331825256,0.946404218673706
63.66914500000712,-0.4412572681903839,1.0354957580566406,-0.012196118012070656,-0.0795852392911911,0.10244403034448624,0.296223521232605,0.9462679624557495
63.67342630001076,-0.44128260016441345,1.0354948043823242,-0.012213723734021187,-0.0795656070113182,0.10231569409370422,0.2963365614414215,0.9462481141090393
63.678925900007016,-0.44130367040634155,1.0354803800582886,-0.012226785533130169,-0.07960102707147598,0.10228613764047623,0.29620012640953064,0.9462910294532776
63.68243140001141,-0.4413217008113861,1.0354782342910767,-0.012252912856638432,-0.07955941557884216,0.10223065316677094,0.2962951064109802,0.9462708830833435
63.68637200001103,-0.44133856892585754,1.03547203540802,-0.012274795211851597,-0.07966656982898712,0.10214931517839432,0.29642805457115173,0.9462289214134216
63.68999480000639,-0.44135382771492004,1.0354700088500977,-0.012297025881707668,-0.07972226291894913,0.10197034478187561,0.2963687777519226,0.9462621212005615
63.69445799999812,-0.44137275218963623,1.0354712009429932,-0.01232030987739563,-0.0797993391752243,0.10186571627855301,0.2964242100715637,0.9462495446205139
63.700308700004825,-0.4413885474205017,1.0354702472686768,-0.012341231107711792,-0.07993380725383759,0.10175129026174545,0.2963642477989197,0.9462692737579346
63.70429020001029,-0.44140389561653137,1.03546941280365,-0.012362053617835045,-0.08002489060163498,0.10181057453155518,0.29634377360343933,0.9462615847587585
63.707795900001656,-0.44141846895217896,1.0354677438735962,-0.012386564165353775,-0.07995419204235077,0.10176292061805725,0.296334445476532,0.9462755918502808
63.713665600007516,-0.44143325090408325,1.0354716777801514,-0.012407985515892506,-0.08001148700714111,0.101657934486866,0.2963501513004303,0.9462771415710449
63.717126500007,-0.44144394993782043,1.0354760885238647,-0.012431670911610126,-0.080021932721138,0.10160310566425323,0.2962439954280853,0.9463154077529907
63.72089880000567,-0.4414544701576233,1.0354737043380737,-0.012460030615329742,-0.08012150228023529,0.10146526992321014,0.2964407801628113,0.9462600946426392
63.72521020000568,-0.44146668910980225,1.035477638244629,-0.012476719915866852,-0.08019688725471497,0.10142434388399124,0.2963826656341553,0.9462763071060181
63.7294927000039,-0.4414742588996887,1.0354797840118408,-0.012492120265960693,-0.08018363267183304,0.10139644891023636,0.2964625656604767,0.9462555050849915
63.733397700008936,-0.4414847195148468,1.035474419593811,-0.012508491054177284,-0.08012450486421585,0.10134738683700562,0.2963854670524597,0.9462898969650269
63.73689140001079,-0.4414929151535034,1.0354712009429932,-0.012526663951575756,-0.08017062395811081,0.10126639157533646,0.29642683267593384,0.9462816715240479
63.74126010001055,-0.44150081276893616,1.0354634523391724,-0.012550005689263344,-0.08007049560546875,0.10128863900899887,0.2962893843650818,0.9463307857513428
63.744638900010614,-0.44151175022125244,1.0354504585266113,-0.012580672279000282,-0.08005303889513016,0.10119451582431793,0.2962965965270996,0.9463401436805725
63.74888080000528,-0.44151821732521057,1.0354381799697876,-0.012606349773705006,-0.08007210493087769,0.10122312605381012,0.29622751474380493,0.946357011795044
63.75220960000297,-0.44151821732521057,1.0354381799697876,-0.012606349773705006,-0.08007210493087769,0.10122312605381012,0.29622751474380493,0.946357011795044
63.757048700004816,-0.44154003262519836,1.0354154109954834,-0.012662013992667198,-0.08010084182024002,0.10107295960187912,0.29625850915908813,0.9463609457015991
63.76203950001218,-0.4415490925312042,1.0354104042053223,-0.012682681903243065,-0.08018478751182556,0.10099761933088303,0.296269953250885,0.946358323097229
63.765607400011504,-0.44156336784362793,1.0354057550430298,-0.012702904641628265,-0.08010165393352509,0.10101239383220673,0.2961800992488861,0.9463919401168823
63.77108400000725,-0.44158801436424255,1.035399317741394,-0.012729709967970848,-0.08024148643016815,0.1008063480257988,0.2962149977684021,0.9463911056518555
63.77570090000518,-0.4416382610797882,1.0353840589523315,-0.012780031189322472,-0.08022640645503998,0.10101127624511719,0.2966284453868866,0.9462409615516663
63.78124840000237,-0.44165462255477905,1.0353493690490723,-0.012842227704823017,-0.07997550070285797,0.1003226637840271,0.29604578018188477,0.9465179443359375
63.785717600010685,-0.4416614770889282,1.0353405475616455,-0.012853660620748997,-0.07976457476615906,0.09986300766468048,0.29604077339172363,0.9465858936309814
63.79034279999905,-0.44169843196868896,1.0353219509124756,-0.012870232574641705,-0.07991299033164978,0.10008641332387924,0.2962087094783783,0.9464973211288452
63.79435680000461,-0.44171857833862305,1.035299301147461,-0.012909580953419209,-0.07992395013570786,0.1001441702246666,0.2961280941963196,0.9465155005455017
63.79842210000788,-0.4417431652545929,1.0352891683578491,-0.012943040579557419,-0.0798833817243576,0.10019749402999878,0.2963770031929016,0.946435272693634
63.802864500001306,-0.44175565242767334,1.0352734327316284,-0.012965922243893147,-0.07986919581890106,0.10018874704837799,0.29638904333114624,0.9464336633682251
63.806721800006926,-0.4417649507522583,1.0352575778961182,-0.01298423483967781,-0.07982548326253891,0.10005027800798416,0.29635515809059143,0.9464626312255859
63.81119330000365,-0.44177308678627014,1.035245656967163,-0.013003824278712273,-0.07970242202281952,0.09993494302034378,0.29629287123680115,0.9465047121047974
63.81500080000842,-0.44178953766822815,1.0351855754852295,-0.013086945749819279,-0.08006955683231354,0.10090039670467377,0.2950086295604706,0.9467723965644836
63.819161799998255,-0.4418114423751831,1.0351632833480835,-0.0131229804828763,-0.08008325099945068,0.10120941698551178,0.29482313990592957,0.9467960000038147
63.82337240000197,-0.4418233335018158,1.0351548194885254,-0.013146942481398582,-0.08002869784832001,0.1011340469121933,0.2948519289493561,0.9467997550964355
63.82737410000118,-0.44183528423309326,1.0351533889770508,-0.013168797828257084,-0.08008100837469101,0.10098548233509064,0.2948506772518158,0.9468114972114563
63.83218470000429,-0.4418517053127289,1.0351576805114746,-0.013186984695494175,-0.07994940876960754,0.10096745193004608,0.29502758383750916,0.9467695355415344
63.84015410000575,-0.44187259674072266,1.035166621208191,-0.013217187486588955,-0.07995105534791946,0.1007930338382721,0.29514455795288086,0.9467514753341675
63.84421270000166,-0.44188401103019714,1.0351731777191162,-0.013237937353551388,-0.07996343821287155,0.1007879227399826,0.2951197922229767,0.9467587471008301
63.84825080000155,-0.4418922960758209,1.0351802110671997,-0.013263160362839699,-0.0800228863954544,0.10072466731071472,0.2951301038265228,0.9467571377754211
63.852401000011014,-0.441902756690979,1.0351837873458862,-0.01329100038856268,-0.08003902435302734,0.10062701255083084,0.2951030731201172,0.9467746615409851
63.85677170001145,-0.44190657138824463,1.0351840257644653,-0.013330715708434582,-0.07970312237739563,0.10055695474147797,0.2949993908405304,0.9468427300453186
63.86100930000248,-0.4419146776199341,1.035195231437683,-0.013354792259633541,-0.07975077629089355,0.1004442647099495,0.2951033115386963,0.9468182325363159
63.86687270000402,-0.44191989302635193,1.035207748413086,-0.013381578028202057,-0.07978395372629166,0.1004084050655365,0.29505863785743713,0.9468331933021545
63.87106350000249,-0.4419206380844116,1.0352239608764648,-0.013403377495706081,-0.07984263449907303,0.10037283599376678,0.2951035499572754,0.9468180537223816
63.8748273000092,-0.441946804523468,1.0352463722229004,-0.013429926708340645,-0.07941610366106033,0.10050364583730698,0.29438793659210205,0.9470627307891846
63.87874240000383,-0.4419717788696289,1.035267949104309,-0.013461981900036335,-0.07963398098945618,0.10022653639316559,0.2943514585494995,0.9470851421356201
63.882793500000844,-0.4419742524623871,1.0352880954742432,-0.013484797440469265,-0.07967543601989746,0.10015052556991577,0.2943640947341919,0.9470857977867126
63.886437400011346,-0.44197264313697815,1.0353130102157593,-0.013505139388144016,-0.07969867438077927,0.10011015832424164,0.29434338212013245,0.9470945000648499
63.89008019999892,-0.4419722557067871,1.0353344678878784,-0.013527052477002144,-0.0797453224658966,0.10008271038532257,0.29433122277259827,0.9470973610877991
63.895249100009096,-0.4419788122177124,1.0353676080703735,-0.013559677638113499,-0.08020669221878052,0.09995635598897934,0.2943767309188843,0.9470576047897339
63.89941220000037,-0.44198015332221985,1.0353941917419434,-0.013580703176558018,-0.08033543825149536,0.09995763003826141,0.294352263212204,0.9470541477203369
63.90275730000576,-0.44197532534599304,1.0354299545288086,-0.013609827496111393,-0.08062797039747238,0.10001339018344879,0.2943885326385498,0.9470121264457703
63.90742909999972,-0.4419848620891571,1.035455346107483,-0.013628114014863968,-0.08075497299432755,0.0999840795993805,0.2943442165851593,0.9470181465148926
63.91146220000519,-0.44199275970458984,1.0354888439178467,-0.013641700148582458,-0.08046979457139969,0.10007419437170029,0.2938242256641388,0.9471943378448486
63.91508479999902,-0.44199299812316895,1.0355134010314941,-0.013658314943313599,-0.08037970215082169,0.10000834614038467,0.29363182187080383,0.9472686052322388
63.91909670000314,-0.4419941008090973,1.035538911819458,-0.013675213791429996,-0.08037744462490082,0.10000880062580109,0.29360389709472656,0.9472773671150208
63.92317639999965,-0.44199979305267334,1.0355478525161743,-0.013701600022614002,-0.08048597723245621,0.09991597384214401,0.2937900722026825,0.9472202658653259
63.927575499998056,-0.4420219957828522,1.035581350326538,-0.013742195442318916,-0.08004693686962128,0.10023561865091324,0.2931671738624573,0.9474166631698608
63.93153250000614,-0.4420301020145416,1.0355987548828125,-0.013774587772786617,-0.08006387948989868,0.10028120130300522,0.2931269109249115,0.9474228620529175
63.93590280000353,-0.44203129410743713,1.0356168746948242,-0.013793613761663437,-0.08011167496442795,0.10027308017015457,0.29313376545906067,0.9474176168441772
63.94066860000021,-0.44203490018844604,1.0356353521347046,-0.01381643582135439,-0.08006957918405533,0.10028678178787231,0.2929726541042328,0.9474695324897766
63.9443683999998,-0.4420388638973236,1.0356618165969849,-0.013833077624440193,-0.08001981675624847,0.10029153525829315,0.2930128276348114,0.9474608302116394
63.948362200011616,-0.4420394003391266,1.0356796979904175,-0.013869092799723148,-0.08022851496934891,0.10015293210744858,0.29333239793777466,0.9473589658737183
63.95266039999842,-0.4420483708381653,1.0357122421264648,-0.013880627229809761,-0.08056202530860901,0.10018358379602432,0.29345735907554626,0.9472886919975281
63.95766840000579,-0.4420519769191742,1.0357277393341064,-0.013912987895309925,-0.08035475015640259,0.10011216998100281,0.29344066977500916,0.947318971157074
63.96131569999852,-0.44206199049949646,1.0357550382614136,-0.013925312086939812,-0.08051326870918274,0.1001986414194107,0.29345330595970154,0.9472924470901489
63.96513710000727,-0.4420711398124695,1.035773515701294,-0.013968946412205696,-0.08038435876369476,0.10011248290538788,0.29339203238487244,0.9473314881324768
63.969189000010374,-0.4420872628688812,1.0357896089553833,-0.01400189008563757,-0.0804130882024765,0.10003932565450668,0.29348862171173096,0.9473068714141846
63.97358520000125,-0.4420962631702423,1.0358071327209473,-0.014033702202141285,-0.08046023547649384,0.10007786005735397,0.293437123298645,0.9473147988319397
63.97818930000358,-0.4421044886112213,1.0358279943466187,-0.014066074974834919,-0.08059617877006531,0.10002164542675018,0.2935258746147156,0.9472816586494446
63.981802599999355,-0.44211453199386597,1.03584623336792,-0.014096778817474842,-0.08072271943092346,0.10007677227258682,0.2935287058353424,0.9472641944885254
63.98594810000213,-0.442130446434021,1.0358630418777466,-0.014129815623164177,-0.08086099475622177,0.09999282658100128,0.2934954762458801,0.9472715854644775
63.990171800003736,-0.44214650988578796,1.0358781814575195,-0.014162885025143623,-0.08083580434322357,0.09999261051416397,0.2934987246990204,0.9472726583480835
63.99415900000895,-0.4421537518501282,1.0358939170837402,-0.014199783094227314,-0.0809205174446106,0.0998087003827095,0.29371100664138794,0.9472190737724304
63.998300000006566,-0.44217145442962646,1.0358996391296387,-0.01422902848571539,-0.0809999480843544,0.09966956079006195,0.29378989338874817,0.9472025036811829
64.00259920000099,-0.4421853721141815,1.0359070301055908,-0.014257566072046757,-0.08105035871267319,0.0996696725487709,0.2938317060470581,0.9471851587295532
64.00738700000511,-0.44219785928726196,1.0359134674072266,-0.014285700395703316,-0.08114863187074661,0.0996626690030098,0.29380497336387634,0.9471858143806458
64.01325100001122,-0.4422135651111603,1.0359182357788086,-0.014315654523670673,-0.08119852095842361,0.09958949685096741,0.29382357001304626,0.9471834301948547
64.0174590000097,-0.4422299265861511,1.0359447002410889,-0.014356108382344246,-0.08162212371826172,0.09942353516817093,0.2938437759876251,0.9471582174301147
64.02100059999793,-0.44224482774734497,1.035974144935608,-0.014400779269635677,-0.08181767165660858,0.09928125143051147,0.2941986322402954,0.9470460414886475
64.02497360001144,-0.44225430488586426,1.0359874963760376,-0.014433038420975208,-0.08190789073705673,0.09922121465206146,0.29428303241729736,0.9470183253288269
64.02839240001049,-0.4422607719898224,1.0360026359558105,-0.01446133479475975,-0.08198406547307968,0.0991830825805664,0.2942623794078827,0.9470221996307373
64.03170440001122,-0.4422696530818939,1.0360130071640015,-0.014489235356450081,-0.08195609599351883,0.09911523759365082,0.29416874051094055,0.947060763835907
64.03627779999806,-0.44227707386016846,1.0360265970230103,-0.014522922225296497,-0.08197848498821259,0.09909903258085251,0.29407212138175964,0.9470906257629395
64.04010949999793,-0.4422887861728668,1.0360326766967773,-0.014557654038071632,-0.08204086124897003,0.09905049204826355,0.2941161096096039,0.9470766186714172
64.04422989999875,-0.4422852098941803,1.0360467433929443,-0.014599169604480267,-0.0820867046713829,0.09895404428243637,0.294108122587204,0.9470851421356201
64.04840790000162,-0.44227877259254456,1.0360690355300903,-0.014631841331720352,-0.08200039714574814,0.09889496117830276,0.29393869638442993,0.9471514821052551
64.05240159999812,-0.4422966241836548,1.0360692739486694,-0.01466158963739872,-0.0822833925485611,0.09884988516569138,0.2943294644355774,0.9470102190971375
64.05656090000411,-0.44229620695114136,1.03607976436615,-0.014710430055856705,-0.08208257704973221,0.09900368005037308,0.2938849627971649,0.9471496343612671
64.06068880000385,-0.4423102140426636,1.0360801219940186,-0.01473917905241251,-0.08229459822177887,0.09904533624649048,0.2942148447036743,0.9470244646072388
64.06480590000865,-0.44231727719306946,1.0360827445983887,-0.0147686917334795,-0.08236214518547058,0.09894919395446777,0.2943580150604248,0.9469841122627258
64.06896820000838,-0.442340612411499,1.0360937118530273,-0.01480885036289692,-0.08184131979942322,0.09899880737066269,0.29381251335144043,0.9471935033798218
64.07312960000127,-0.4423324465751648,1.0360947847366333,-0.014841150492429733,-0.08232206851243973,0.09875467419624329,0.29473382234573364,0.9468910098075867
64.07751240000653,-0.4423460066318512,1.0360403060913086,-0.014932087622582912,-0.08288703113794327,0.09801473468542099,0.2961224913597107,0.9464852809906006
64.08209760001046,-0.4423769414424896,1.036038875579834,-0.014985581859946251,-0.08238215744495392,0.09797704219818115,0.29559770226478577,0.9466972947120667
64.08604950000881,-0.4423845708370209,1.0360417366027832,-0.015015893615782261,-0.08226466178894043,0.09793677181005478,0.295389860868454,0.9467765688896179
64.09012040001107,-0.4423626661300659,1.0360405445098877,-0.015033001080155373,-0.08276831358671188,0.09784427285194397,0.296207994222641,0.9464865326881409
64.09410200000275,-0.4423626661300659,1.0360405445098877,-0.015033001080155373,-0.08276831358671188,0.09784427285194397,0.296207994222641,0.9464865326881409
64.09832760000427,-0.4423637390136719,1.0360634326934814,-0.015094298869371414,-0.08221735060214996,0.097903311252594,0.29542139172554016,0.9467742443084717
64.10260460000427,-0.442348450422287,1.036065697669983,-0.015118325129151344,-0.08284219354391098,0.09769276529550552,0.296011745929718,0.9465571641921997
64.10669780000171,-0.44233405590057373,1.0360603332519531,-0.015164436772465706,-0.08302041888237,0.09802499413490295,0.29571980237960815,0.946598470211029
64.11132050000015,-0.4423334300518036,1.036056399345398,-0.01519401278346777,-0.08302673697471619,0.09805084764957428,0.29577115178108215,0.9465791583061218
64.11501030001091,-0.4423251152038574,1.0360543727874756,-0.01522147934883833,-0.08300188928842545,0.09803596884012222,0.2956710457801819,0.9466140866279602
64.11923010001192,-0.4423271715641022,1.036057949066162,-0.015242306515574455,-0.08290021866559982,0.09799927473068237,0.29579564929008484,0.9465879201889038
64.12488270000904,-0.4423213601112366,1.0360580682754517,-0.015270886942744255,-0.08290858566761017,0.09797346591949463,0.29581040143966675,0.9465852379798889
64.12856920000922,-0.4423166513442993,1.0360523462295532,-0.01528542023152113,-0.08291111886501312,0.0979626327753067,0.2956184148788452,0.9466460943222046
64.13215530000161,-0.4423116445541382,1.0360517501831055,-0.015297616831958294,-0.08283090591430664,0.09796914458274841,0.2956579625606537,0.946640133857727
64.13636010000482,-0.44231173396110535,1.0360521078109741,-0.015318240039050579,-0.08285275846719742,0.09792877733707428,0.2956717908382416,0.9466381072998047
64.14028079999844,-0.4423115849494934,1.0360456705093384,-0.015331297181546688,-0.08280378580093384,0.09789375215768814,0.29568448662757874,0.9466420412063599
64.14468190001207,-0.4423159956932068,1.0360430479049683,-0.015350263565778732,-0.08278266340494156,0.09794046729803085,0.29576626420021057,0.9466134309768677
64.14857380000467,-0.442313015460968,1.0360363721847534,-0.015365415252745152,-0.08286143839359283,0.09793704748153687,0.295838862657547,0.9465842843055725
64.15270940000482,-0.4423101842403412,1.0360349416732788,-0.015382125973701477,-0.08280473947525024,0.09792851656675339,0.29584458470344543,0.9465883374214172
64.15702430000238,-0.442309707403183,1.0360398292541504,-0.015394463203847408,-0.08277508616447449,0.0979410707950592,0.2960033416748047,0.9465399384498596
64.16093880000699,-0.44230109453201294,1.0360445976257324,-0.01542656496167183,-0.08276492357254028,0.09792640805244446,0.29594820737838745,0.9465596079826355
64.165133100003,-0.4423033595085144,1.036060094833374,-0.015444647520780563,-0.0827147364616394,0.0979466363787651,0.2960541546344757,0.9465288519859314
64.16919080000662,-0.4422793388366699,1.0360677242279053,-0.015478373505175114,-0.08229397982358932,0.09800833463668823,0.2957363426685333,0.9466583728790283
64.17284930001188,-0.4422793388366699,1.0360677242279053,-0.015478373505175114,-0.08229397982358932,0.09800833463668823,0.2957363426685333,0.9466583728790283
64.17745760000253,-0.44229522347450256,1.0360796451568604,-0.01558679435402155,-0.08193578571081161,0.09914218634366989,0.2939179837703705,0.9471375942230225
64.18163890000142,-0.442300409078598,1.036084771156311,-0.015622202306985855,-0.08218998461961746,0.09946524351835251,0.2939475178718567,0.9470725655555725
64.18617780000204,-0.4422963559627533,1.0361011028289795,-0.015645399689674377,-0.08221503347158432,0.09947682917118073,0.2938350737094879,0.9471040964126587
64.18999860000622,-0.4422905743122101,1.0361205339431763,-0.015666183084249496,-0.08230281621217728,0.09938288480043411,0.2938846945762634,0.9470908641815186
64.1940331000078,-0.44228601455688477,1.0361417531967163,-0.015689518302679062,-0.0824468582868576,0.09934516996145248,0.29391244053840637,0.9470736384391785
64.19833330000984,-0.4422851800918579,1.0361610651016235,-0.01570952497422695,-0.08246644586324692,0.0993242934346199,0.29390355944633484,0.9470769166946411
64.20255440000619,-0.44227564334869385,1.0361796617507935,-0.015726761892437935,-0.08261405676603317,0.0992809310555458,0.2939969003200531,0.9470396041870117
64.2067945000017,-0.4422680139541626,1.0362153053283691,-0.01574075222015381,-0.08259076625108719,0.09913929551839828,0.29417136311531067,0.9470022916793823
64.21095670000068,-0.4422573447227478,1.036239504814148,-0.015755709260702133,-0.08268239349126816,0.09908726811408997,0.2942619025707245,0.9469716548919678
64.21512220001023,-0.4422589838504791,1.0362653732299805,-0.01578041911125183,-0.08270744234323502,0.09911847114562988,0.2942281663417816,0.9469766616821289
64.22039460000815,-0.4422622323036194,1.0362915992736816,-0.015815090388059616,-0.08251114934682846,0.09914035350084305,0.2938127815723419,0.9471204280853271
64.22400519999792,-0.44226181507110596,1.0363070964813232,-0.01584199070930481,-0.08245707303285599,0.09911786019802094,0.29376181960105896,0.9471433162689209
64.22766530000081,-0.4422559440135956,1.0363285541534424,-0.015864208340644836,-0.08256746083498001,0.09903132915496826,0.29387301206588745,0.947108268737793
64.23213030000625,-0.44224992394447327,1.0363446474075317,-0.015885379165410995,-0.08258412778377533,0.09906277060508728,0.2937811017036438,0.9471319913864136
64.23603680000815,-0.44224831461906433,1.0363963842391968,-0.015854859724640846,-0.08230679482221603,0.09839937090873718,0.2945922911167145,0.946973443031311
64.24006300000474,-0.4422275125980377,1.0364408493041992,-0.01586350053548813,-0.08273603022098541,0.09832499176263809,0.29476603865623474,0.9468896389007568
64.24437749999925,-0.44222187995910645,1.0364640951156616,-0.015875989571213722,-0.0828765407204628,0.09841285645961761,0.29483190178871155,0.9468477368354797
64.248648400011,-0.4422217905521393,1.036481261253357,-0.015890073031187057,-0.08295737951993942,0.09846236556768417,0.29484331607818604,0.9468319416046143
64.25263080000877,-0.44221800565719604,1.0364900827407837,-0.015901291742920876,-0.0829227864742279,0.09856560081243515,0.2948083281517029,0.9468351602554321
64.25687900000776,-0.44221609830856323,1.0365033149719238,-0.01591728813946247,-0.08296436816453934,0.09852172434329987,0.29478439688682556,0.9468434453010559
64.26130230000126,-0.4422157108783722,1.0365138053894043,-0.015932226553559303,-0.08292967081069946,0.09861142188310623,0.29478126764297485,0.9468381404876709
64.26582530001178,-0.4422108829021454,1.0365266799926758,-0.0159456729888916,-0.08288202434778214,0.09864138066768646,0.29463720321655273,0.9468840956687927
64.26929950001067,-0.44221165776252747,1.036531925201416,-0.015959514304995537,-0.08287318050861359,0.09863431006669998,0.2947632074356079,0.9468463659286499
64.27336890000151,-0.44221094250679016,1.036538004875183,-0.01597595028579235,-0.08282855898141861,0.09865199029445648,0.29478245973587036,0.94684237241745
64.27753150000353,-0.4422139525413513,1.0365492105484009,-0.015996528789401054,-0.08283434808254242,0.09865327924489975,0.2948634624481201,0.9468165636062622
64.2817284000048,-0.4422129988670349,1.036555528640747,-0.01601496711373329,-0.08272174745798111,0.0987323522567749,0.2948152720928192,0.9468331933021545
64.28583639999852,-0.44221174716949463,1.0365629196166992,-0.01603323593735695,-0.08272148668766022,0.098784439265728,0.29479360580444336,0.9468345046043396
64.28999860001204,-0.4422129988670349,1.0365653038024902,-0.01605869270861149,-0.0826631411910057,0.09877168387174606,0.2948351204395294,0.9468280673027039
64.29477980000956,-0.4422191083431244,1.0365699529647827,-0.0160846970975399,-0.0826827734708786,0.09879709780216217,0.29482588171958923,0.9468265771865845
64.30984739999985,-0.4422588646411896,1.0365331172943115,-0.01623198576271534,-0.08318383991718292,0.09996138513088226,0.2938317656517029,0.9469693899154663
64.31596540000464,-0.44228649139404297,1.0365368127822876,-0.01628902740776539,-0.08317064493894577,0.0999830812215805,0.29382050037384033,0.9469718337059021
64.31942460000573,-0.4422982931137085,1.0365296602249146,-0.016318054869771004,-0.08328340202569962,0.09992953389883041,0.29385319352149963,0.9469574093818665
64.32345210001222,-0.44231173396110535,1.0365238189697266,-0.016351252794265747,-0.08331385254859924,0.09992653131484985,0.29382264614105225,0.9469645619392395
64.32764380000299,-0.44233018159866333,1.0365166664123535,-0.016388816758990288,-0.08329106867313385,0.09985480457544327,0.29378563165664673,0.9469855427742004
64.33221630001208,-0.44234663248062134,1.0365053415298462,-0.01642446033656597,-0.08332611620426178,0.09979846328496933,0.29381152987480164,0.9469804167747498
64.33607960000518,-0.44236427545547485,1.0364902019500732,-0.01646428182721138,-0.08322583138942719,0.09983962029218674,0.29370036721229553,0.9470193982124329
64.34059440001147,-0.44238266348838806,1.0364711284637451,-0.016498306766152382,-0.08324326574802399,0.09976796060800552,0.2938689589500427,0.9469730257987976
64.34441160000279,-0.44240033626556396,1.0364525318145752,-0.01652899757027626,-0.08321765065193176,0.09977687895298004,0.29394322633743286,0.9469513297080994
64.34833110000181,-0.44241517782211304,1.036434292793274,-0.016559114679694176,-0.08307626098394394,0.09975600242614746,0.29392915964126587,0.9469703435897827
64.35242410001229,-0.44242921471595764,1.0364136695861816,-0.01658575050532818,-0.08299063891172409,0.09973514825105667,0.29391157627105713,0.9469854235649109
64.35672850000265,-0.4424538016319275,1.036388635635376,-0.01663006655871868,-0.08295715600252151,0.0996013954281807,0.29399430751800537,0.9469767808914185
64.36080290000245,-0.4424703121185303,1.036363124847412,-0.016656111925840378,-0.08286542445421219,0.09957106411457062,0.2940372824668884,0.9469746351242065
64.36490169999888,-0.4424847960472107,1.0363457202911377,-0.016689829528331757,-0.08275496959686279,0.09958096593618393,0.2939572036266327,0.9470081925392151
64.36920910001209,-0.4424980878829956,1.0363270044326782,-0.01671724207699299,-0.08268101513385773,0.09957662224769592,0.29398372769355774,0.9470068216323853
64.37369130000297,-0.44251707196235657,1.036289930343628,-0.016759129241108894,-0.08235415816307068,0.09932425618171692,0.2939121425151825,0.9470840096473694
64.37758050000411,-0.44252994656562805,1.0362666845321655,-0.016788726672530174,-0.08225484192371368,0.09923496842384338,0.29389286041259766,0.9471079707145691
64.38163010000426,-0.44254228472709656,1.0362422466278076,-0.01682054065167904,-0.08227373659610748,0.09928067773580551,0.29398930072784424,0.9470716118812561
64.38591430000088,-0.4425544738769531,1.0362173318862915,-0.016851507127285004,-0.08222980797290802,0.09930340200662613,0.29396477341651917,0.947080671787262
64.39014909999969,-0.442564994096756,1.0361976623535156,-0.016884930431842804,-0.08217392861843109,0.09930888563394547,0.2939748167991638,0.9470818638801575
64.39443290000781,-0.44257020950317383,1.0361748933792114,-0.016921954229474068,-0.08214040100574493,0.09929268062114716,0.29393333196640015,0.9470992684364319
64.39882890001172,-0.44257721304893494,1.0361474752426147,-0.01696701906621456,-0.08221519738435745,0.09938456118106842,0.2938096225261688,0.9471216201782227
64.40268620000279,-0.4425835609436035,1.0361253023147583,-0.017005790024995804,-0.0821981132030487,0.09940264374017715,0.2938096523284912,0.9471212029457092
64.40795259999868,-0.4425886869430542,1.0361064672470093,-0.01704537495970726,-0.08215842396020889,0.0993906557559967,0.2938516139984131,0.9471128582954407
64.41141760000028,-0.4425923228263855,1.0360842943191528,-0.01708713173866272,-0.08206060528755188,0.09934262186288834,0.29384782910346985,0.9471275210380554
64.4151797000086,-0.44259902834892273,1.0360586643218994,-0.017135946080088615,-0.08223681896924973,0.0992705449461937,0.2940318286418915,0.9470627307891846
64.41941970000335,-0.4426032602787018,1.0360381603240967,-0.017179150134325027,-0.0821923092007637,0.09921122342348099,0.29401788115501404,0.9470771551132202
64.42430280000553,-0.4426019489765167,1.0360195636749268,-0.0172247514128685,-0.08213313668966293,0.09942307323217392,0.294126957654953,0.9470261335372925
64.42797509999946,-0.442611962556839,1.036000370979309,-0.017265671864151955,-0.08213673532009125,0.09945864975452423,0.2941204905509949,0.9470241069793701
64.4317704999994,-0.4426232576370239,1.0359567403793335,-0.017340315505862236,-0.08267752081155777,0.09887455403804779,0.29518574476242065,0.9467067122459412
64.43638210000063,-0.44265031814575195,1.0359598398208618,-0.017391368746757507,-0.08312813192605972,0.09865306317806244,0.2954486608505249,0.9466084241867065
64.44010750000598,-0.4426545798778534,1.0359545946121216,-0.017425397410988808,-0.08323372155427933,0.09860412776470184,0.29545870423316956,0.9466010332107544
64.44437270000344,-0.44266411662101746,1.0359508991241455,-0.017460891976952553,-0.08310167491436005,0.09863979369401932,0.2953548729419708,0.9466413259506226
64.44874980000895,-0.4426753520965576,1.0359461307525635,-0.017499186098575592,-0.0830388143658638,0.09861686825752258,0.29538044333457947,0.9466413259506226
64.45341680001002,-0.4426857531070709,1.0359419584274292,-0.017541976645588875,-0.083013616502285,0.09864714741706848,0.2954648435115814,0.9466139674186707
64.4569843000063,-0.4427088797092438,1.0359236001968384,-0.01759590022265911,-0.08271022886037827,0.0984039157629013,0.2953607738018036,0.9466983675956726
64.46092540000973,-0.4427190124988556,1.0359163284301758,-0.01764172688126564,-0.08259299397468567,0.0983993336558342,0.2954593896865845,0.9466782808303833
64.46942500000296,-0.4427456259727478,1.0359286069869995,-0.01775357685983181,-0.08243803679943085,0.09845121949911118,0.29613786935806274,0.9464743733406067
64.47337810001045,-0.4427654445171356,1.0359275341033936,-0.0177986491471529,-0.08252600580453873,0.09837622940540314,0.29621949791908264,0.9464489817619324
64.4775018000073,-0.4427783489227295,1.035913109779358,-0.0178473349660635,-0.08256758004426956,0.09816401451826096,0.29645076394081116,0.9463949203491211
64.48170290001144,-0.4427981674671173,1.035904049873352,-0.01788387820124626,-0.08254986256361008,0.09814026951789856,0.29654911160469055,0.9463680982589722
64.48589520000678,-0.4428323805332184,1.0358587503433228,-0.0179896242916584,-0.08279630541801453,0.09922421723604202,0.29588115215301514,0.9464426636695862
64.48999050000566,-0.4428688585758209,1.0358463525772095,-0.018039295449852943,-0.08283177018165588,0.09972808510065079,0.29556068778038025,0.94648677110672
64.49439740000525,-0.442892462015152,1.0358394384384155,-0.018071157857775688,-0.08270730823278427,0.0996919646859169,0.29548391699790955,0.9465253353118896
64.49852259999898,-0.4429093599319458,1.0358253717422485,-0.01810932531952858,-0.08284520357847214,0.09942473471164703,0.2957845628261566,0.9464475512504578
64.50251089999801,-0.4429364800453186,1.0358153581619263,-0.01814076118171215,-0.08273221552371979,0.09941373765468597,0.29576942324638367,0.9464632868766785
64.5066705000063,-0.44294801354408264,1.035804271697998,-0.018172692507505417,-0.08282170444726944,0.09933335334062576,0.29581424593925476,0.9464499354362488
64.51082970001153,-0.44296568632125854,1.0357784032821655,-0.018220679834485054,-0.08248058706521988,0.09922561794519424,0.295623779296875,0.9465504884719849
64.51554069999838,-0.4429832398891449,1.0357836484909058,-0.018271323293447495,-0.08199722319841385,0.09914867579936981,0.29503506422042847,0.946784257888794
64.51929110000492,-0.44300195574760437,1.0357682704925537,-0.018307490274310112,-0.08202328532934189,0.09913735091686249,0.29492640495300293,0.9468169808387756
64.52322990000539,-0.4430166184902191,1.035749077796936,-0.01835070550441742,-0.08203300833702087,0.09918637573719025,0.2946200668811798,0.9469064474105835
64.52742370001215,-0.4430325925350189,1.0357261896133423,-0.018389081582427025,-0.08208253234624863,0.09916945546865463,0.2946999967098236,0.946878969669342
64.53172959999938,-0.4430586099624634,1.0357069969177246,-0.018436478450894356,-0.08205557614564896,0.09933096915483475,0.29476842284202576,0.946843147277832
64.53590050000639,-0.4430963099002838,1.0356943607330322,-0.018491873517632484,-0.0816926509141922,0.09938859939575195,0.29426735639572144,0.9470242261886597
64.54023450000386,-0.4431266784667969,1.0356782674789429,-0.018523070961236954,-0.08157603442668915,0.09936321526765823,0.29419928789138794,0.9470581412315369
64.54360290001205,-0.4431266784667969,1.0356782674789429,-0.018523070961236954,-0.08157603442668915,0.09936321526765823,0.29419928789138794,0.9470581412315369
64.54836110000906,-0.4431802034378052,1.0356286764144897,-0.018593791872262955,-0.08160898089408875,0.09933838993310928,0.2943635582923889,0.9470068216323853
64.55246770000667,-0.4432174861431122,1.0356093645095825,-0.018622232601046562,-0.08155698329210281,0.09933675080537796,0.2944331467151642,0.946989893913269
64.55684499999916,-0.44325926899909973,1.0355838537216187,-0.018640341237187386,-0.08089274913072586,0.09938789159059525,0.2940826416015625,0.9471504092216492
64.56166520000261,-0.4432941973209381,1.0355662107467651,-0.018678832799196243,-0.08075559884309769,0.09928784519433975,0.29410892724990845,0.9471644163131714
64.56506439999794,-0.4433302581310272,1.0355465412139893,-0.01871144399046898,-0.08076020330190659,0.09921666979789734,0.29425737261772156,0.9471253752708435
64.56914820001111,-0.44336333870887756,1.0355323553085327,-0.01874711364507675,-0.08075910806655884,0.09927558153867722,0.2943480610847473,0.9470911622047424
64.57448860000295,-0.44339779019355774,1.0355156660079956,-0.018786663189530373,-0.08068636059761047,0.09927481412887573,0.2942937910556793,0.9471142292022705
64.57786630000919,-0.44343048334121704,1.0355041027069092,-0.01882287859916687,-0.08065865933895111,0.09925758838653564,0.29430264234542847,0.9471156597137451
64.58216070001072,-0.4434548318386078,1.0354877710342407,-0.018860256299376488,-0.08067554980516434,0.09921932965517044,0.2943089008331299,0.9471163153648376
64.58623320001061,-0.4434985816478729,1.035457730293274,-0.018916470929980278,-0.08041464537382126,0.09886898100376129,0.2943167984485626,0.9471726417541504
64.59033590000763,-0.44352641701698303,1.0354419946670532,-0.018960388377308846,-0.08035776019096375,0.09880215674638748,0.2943125069141388,0.9471858143806458
64.5952999000001,-0.44355514645576477,1.0354313850402832,-0.019001316279172897,-0.08032236993312836,0.09882372617721558,0.29425209760665894,0.9472053647041321
64.59874270000728,-0.4435822069644928,1.0354173183441162,-0.019043833017349243,-0.08027038723230362,0.09877271205186844,0.29416316747665405,0.9472426772117615
64.60268710000673,-0.44361573457717896,1.0354076623916626,-0.019081171602010727,-0.08018001914024353,0.09878278523683548,0.2941325008869171,0.9472587704658508
64.60673290000705,-0.44364455342292786,1.0354045629501343,-0.019112160429358482,-0.08026241511106491,0.09881823509931564,0.294121116399765,0.9472516775131226
64.61085730000923,-0.443681538105011,1.0353988409042358,-0.019140208140015602,-0.08034433424472809,0.09861036390066147,0.29411113262176514,0.9472694396972656
64.61500440000964,-0.4437219798564911,1.0353888273239136,-0.019164223223924637,-0.08027422428131104,0.09852403402328491,0.29403579235076904,0.9473077654838562
64.61914110000362,-0.4437609910964966,1.0353782176971436,-0.01918499357998371,-0.08020420372486115,0.09853062033653259,0.2939257025718689,0.9473472237586975
64.62332090000564,-0.44380709528923035,1.035370111465454,-0.01920298859477043,-0.08025116473436356,0.09855534881353378,0.2939349412918091,0.947337806224823
64.62803870000062,-0.4438524544239044,1.0353587865829468,-0.019229914993047714,-0.08027124404907227,0.09854459762573242,0.29399600625038147,0.9473181962966919
64.63180500001181,-0.4438958168029785,1.0353504419326782,-0.019250910729169846,-0.08016237616539001,0.09852888435125351,0.2939387261867523,0.9473468661308289
64.63597040000604,-0.4439527690410614,1.0353337526321411,-0.019273443147540092,-0.08029632270336151,0.09842178225517273,0.29405906796455383,0.9473093152046204
64.63994720000483,-0.4440003037452698,1.0353291034698486,-0.019299808889627457,-0.08026689291000366,0.09838960319757462,0.2941778302192688,0.9472783207893372
64.64416950001032,-0.4440517723560333,1.0353137254714966,-0.01933608017861843,-0.07996287196874619,0.09822069108486176,0.2941651940345764,0.9473254680633545
64.64819620001072,-0.44411128759384155,1.0353062152862549,-0.01936892792582512,-0.08016576617956161,0.09779302775859833,0.29411908984184265,0.9473668932914734
64.65646040000138,-0.4442468583583832,1.0353013277053833,-0.01944337971508503,-0.08029372245073318,0.09833955764770508,0.2949449419975281,0.9470426440238953
64.6607406000112,-0.4443068504333496,1.0352916717529297,-0.01946498639881611,-0.08027978241443634,0.09847742319107056,0.29488110542297363,0.9470493793487549
64.66510769999877,-0.44435498118400574,1.0352931022644043,-0.01948937401175499,-0.08026953786611557,0.0984223335981369,0.2948349118232727,0.947070300579071
64.66928770000231,-0.4444015920162201,1.035292625427246,-0.019511910155415535,-0.080280601978302,0.09839138388633728,0.2948562204837799,0.9470660090446472
64.67351950000739,-0.4444521963596344,1.03529691696167,-0.019538024440407753,-0.08050248771905899,0.09833478182554245,0.29505130648612976,0.9469922780990601
64.6779591000086,-0.44450199604034424,1.0353049039840698,-0.019561519846320152,-0.08053593337535858,0.0982813835144043,0.2951543927192688,0.946962833404541
64.68175280001014,-0.4445514678955078,1.035299301147461,-0.019584031775593758,-0.08059540390968323,0.09822919964790344,0.29485830664634705,0.947055459022522
64.68598390000989,-0.44460898637771606,1.035309910774231,-0.019619371742010117,-0.08086303621530533,0.09797023236751556,0.2949538826942444,0.9470296502113342
64.68999280000571,-0.4446651041507721,1.0353184938430786,-0.01965540461242199,-0.08083909749984741,0.09793268889188766,0.29491791129112244,0.9470468759536743
64.69444620001013,-0.4447203278541565,1.0353304147720337,-0.01967794820666313,-0.08099092543125153,0.09796088188886642,0.29498231410980225,0.94701087474823
64.69865260001097,-0.44477805495262146,1.0353505611419678,-0.019702866673469543,-0.08138465136289597,0.09812881052494049,0.29540541768074036,0.9468278884887695
64.70249170000898,-0.4448573887348175,1.0353665351867676,-0.01974335126578808,-0.08084820955991745,0.09837783128023148,0.29441484808921814,0.9471564888954163
64.70667100000719,-0.444918692111969,1.035374402999878,-0.019785186275839806,-0.08081907778978348,0.09857185184955597,0.2944071888923645,0.9471411108970642
64.71508910000557,-0.445020854473114,1.0353878736495972,-0.019844310358166695,-0.08062369376420975,0.09873223304748535,0.29391342401504517,0.9472944736480713
64.71854240000539,-0.445020854473114,1.0353878736495972,-0.019844310358166695,-0.08062369376420975,0.09873223304748535,0.29391342401504517,0.9472944736480713
64.72282850000192,-0.4451231062412262,1.0353881120681763,-0.019894573837518692,-0.0806027501821518,0.09874468296766281,0.2939436733722687,0.9472854733467102
64.72739640000509,-0.44517242908477783,1.0353894233703613,-0.019918292760849,-0.08065648376941681,0.09875381737947464,0.29399827122688293,0.9472630023956299
64.73168690000603,-0.4452199339866638,1.0353829860687256,-0.01994010992348194,-0.08065927028656006,0.09874459356069565,0.29397061467170715,0.9472723007202148
64.73609790000774,-0.44527530670166016,1.035377860069275,-0.019960330799221992,-0.08074107766151428,0.09874899685382843,0.2940317988395691,0.9472458958625793
64.73999200000253,-0.4453267455101013,1.0353695154190063,-0.019979698583483696,-0.08069747686386108,0.09871944040060043,0.2939809262752533,0.9472684860229492
64.74401030001172,-0.44538190960884094,1.0353662967681885,-0.019981132820248604,-0.08070478588342667,0.09849143028259277,0.29421019554138184,0.9472204446792603
64.74818590001087,-0.4454287886619568,1.0353593826293945,-0.01999521628022194,-0.0806003287434578,0.09847699850797653,0.29420045018196106,0.9472339153289795
64.75215510000999,-0.4454790949821472,1.0353453159332275,-0.020006397739052773,-0.08053092658519745,0.09843599051237106,0.2942308187484741,0.947234570980072
64.75698810000904,-0.4455360174179077,1.0353105068206787,-0.02003135345876217,-0.08024713397026062,0.09810920059680939,0.29413482546806335,0.9473223686218262
64.76103629999852,-0.4455798864364624,1.035286784172058,-0.020042136311531067,-0.0801466628909111,0.09798171371221542,0.2941495180130005,0.9473395347595215
64.7650263000105,-0.4456220865249634,1.0352635383605957,-0.02005607821047306,-0.08015480637550354,0.09795830398797989,0.29413124918937683,0.9473469853401184
64.7692406999995,-0.4456613063812256,1.0352469682693481,-0.020069431513547897,-0.08021936565637589,0.09797291457653046,0.2941931486129761,0.9473207592964172
64.77368290000595,-0.4456990361213684,1.035218596458435,-0.020085643976926804,-0.08018149435520172,0.09799010306596756,0.2940618395805359,0.9473629593849182
64.77839089999907,-0.44573089480400085,1.035199761390686,-0.020101772621273994,-0.08014915138483047,0.09794386476278305,0.29403793811798096,0.9473779201507568
64.78196040001058,-0.44578006863594055,1.035168170928955,-0.020123273134231567,-0.08042626082897186,0.09769099205732346,0.2942509651184082,0.9473143815994263
64.78602610000235,-0.4458152651786804,1.0351439714431763,-0.02015230990946293,-0.0804402306675911,0.09751858562231064,0.2942436635494232,0.9473332166671753
64.79019739999785,-0.4458460807800293,1.0351241827011108,-0.020177174359560013,-0.08045902848243713,0.09744751453399658,0.29425305128097534,0.947335958480835
64.79429080001137,-0.44588086009025574,1.03510320186615,-0.02020278200507164,-0.08054517954587936,0.0973988026380539,0.29425764083862305,0.9473322629928589
64.79839830000128,-0.44591182470321655,1.0350912809371948,-0.0202240739017725,-0.08049261569976807,0.09742600470781326,0.29415664076805115,0.9473652839660645
64.80261400000018,-0.4459446370601654,1.0350744724273682,-0.02024618349969387,-0.08055705577135086,0.09725679457187653,0.29420146346092224,0.9473632574081421
64.8068237999978,-0.44597920775413513,1.035048484802246,-0.020277466624975204,-0.08028586953878403,0.09717848896980286,0.2941768169403076,0.9474020004272461
64.81103340000845,-0.4460231363773346,1.0350154638290405,-0.02030765265226364,-0.07992247492074966,0.09684819728136063,0.2941848039627075,0.9474640488624573
64.81500680001045,-0.4460662603378296,1.0349998474121094,-0.020326271653175354,-0.07983855903148651,0.0968044325709343,0.2941436171531677,0.9474883675575256
64.81930370000191,-0.4460955560207367,1.0349838733673096,-0.02034573070704937,-0.07981807738542557,0.0967840775847435,0.29419833421707153,0.9474751949310303
64.82344100000046,-0.44612425565719604,1.0349622964859009,-0.020367862656712532,-0.0796935185790062,0.09678488969802856,0.2942032814025879,0.9474840760231018
64.82805130000634,-0.44616955518722534,1.0349116325378418,-0.020442558452486992,-0.08065716177225113,0.09589873254299164,0.29545193910598755,0.9471040964126587
64.83184009999968,-0.4462001919746399,1.0348767042160034,-0.0204730574041605,-0.080782949924469,0.09568319469690323,0.29563722014427185,0.9470572471618652
64.83578269999998,-0.44621893763542175,1.0348632335662842,-0.02048775553703308,-0.08071402460336685,0.09572836756706238,0.2957508862018585,0.9470231533050537
64.83990190000623,-0.4462342858314514,1.034845232963562,-0.020507385954260826,-0.08065149933099747,0.09578649699687958,0.295695036649704,0.9470399618148804
64.84426860000531,-0.44625234603881836,1.0348166227340698,-0.020520564168691635,-0.08065047860145569,0.09587759524583817,0.2955661714076996,0.9470711350440979
64.8485081000108,-0.4462698698043823,1.0347996950149536,-0.020536204800009727,-0.08059468865394592,0.09593237936496735,0.29560646414756775,0.9470577836036682
64.85291180000058,-0.4462827742099762,1.034780740737915,-0.020558107644319534,-0.08050057291984558,0.09589937329292297,0.29553356766700745,0.947091817855835
64.85677040000155,-0.44630032777786255,1.0347553491592407,-0.02057519182562828,-0.0804758220911026,0.09591873735189438,0.29557356238365173,0.9470794796943665
64.86076560000947,-0.4463218152523041,1.034734845161438,-0.020598359405994415,-0.08055077493190765,0.09579857438802719,0.29578039050102234,0.9470207095146179
64.86512380000204,-0.44633162021636963,1.0347193479537964,-0.020612291991710663,-0.08052514493465424,0.09580973535776138,0.2957744002342224,0.9470236897468567
64.86917510000058,-0.4463449716567993,1.0347113609313965,-0.02062312513589859,-0.08042798936367035,0.09583114087581635,0.2956618368625641,0.9470648765563965
64.87331080000149,-0.4463600218296051,1.0346919298171997,-0.020654546096920967,-0.08044357597827911,0.09608519077301025,0.2954130172729492,0.947115421295166
64.87738550000358,-0.4463723301887512,1.0346786975860596,-0.020670216530561447,-0.08044421672821045,0.09615573287010193,0.29544731974601746,0.9470975995063782
64.88179670000682,-0.44638487696647644,1.0346686840057373,-0.02068815752863884,-0.08046898990869522,0.09617288410663605,0.29545357823371887,0.9470916986465454
64.88713550000102,-0.44639766216278076,1.0346606969833374,-0.02069980837404728,-0.08036807924509048,0.09619592875242233,0.2954229712486267,0.9471074938774109
64.89067480000085,-0.44641441106796265,1.034644365310669,-0.020713090896606445,-0.08034633845090866,0.09608401358127594,0.2953180968761444,0.9471533894538879
64.89434080000501,-0.4464298486709595,1.0346258878707886,-0.020724976435303688,-0.0803384929895401,0.09608286619186401,0.29529595375061035,0.947161078453064
64.89847390000068,-0.44644638895988464,1.034610390663147,-0.020739389583468437,-0.08033651858568192,0.09610628336668015,0.2953522205352783,0.9471414089202881
64.90285199999926,-0.44646430015563965,1.0345979928970337,-0.020758377388119698,-0.08036309480667114,0.09614653885364532,0.29537978768348694,0.9471264481544495
64.90722950000782,-0.4464840590953827,1.0345802307128906,-0.02077190764248371,-0.08031583577394485,0.09618130326271057,0.29536229372024536,0.9471323490142822
64.91174330000649,-0.44650521874427795,1.034566879272461,-0.020784175023436546,-0.08031942695379257,0.09608659148216248,0.2953784465789795,0.9471365809440613
64.91714109999884,-0.4465273916721344,1.0345522165298462,-0.020800193771719933,-0.08027195930480957,0.09619185328483582,0.29536834359169006,0.9471330642700195
64.92137510000612,-0.44658172130584717,1.034543514251709,-0.0208204984664917,-0.08037984371185303,0.09673881530761719,0.29576364159584045,0.9469448924064636
64.92532710000523,-0.44661852717399597,1.0345261096954346,-0.02084321901202202,-0.08047414571046829,0.09697973728179932,0.29588261246681213,0.9468750953674316
64.92947090000962,-0.4466494917869568,1.0345118045806885,-0.020850058645009995,-0.08037076145410538,0.09698446094989777,0.29590877890586853,0.9468752145767212
64.93314120000286,-0.4466913342475891,1.0344992876052856,-0.020854808390140533,-0.0803460031747818,0.09698613733053207,0.2959173023700714,0.9468744397163391
64.93670460001158,-0.4467271566390991,1.0344830751419067,-0.020864875987172127,-0.0803748220205307,0.09694864600896835,0.2959528863430023,0.9468647241592407
64.94024360000913,-0.4467518925666809,1.0344717502593994,-0.020874369889497757,-0.08029086142778397,0.09700849652290344,0.29596763849258423,0.9468610882759094
64.94427900000301,-0.446780264377594,1.0344630479812622,-0.020884385332465172,-0.08024604618549347,0.09702471643686295,0.29592037200927734,0.9468780159950256
64.94878580000659,-0.4468157887458801,1.034450888633728,-0.020894262939691544,-0.08037936687469482,0.09692586958408356,0.2961618900299072,0.9468013644218445
64.95301270000346,-0.44684451818466187,1.0344455242156982,-0.02090267464518547,-0.08036372065544128,0.09691867232322693,0.2962301969528198,0.9467819929122925
64.95715590000327,-0.4468699097633362,1.0344356298446655,-0.02090892568230629,-0.08034265041351318,0.09695281088352203,0.29631343483924866,0.9467542171478271
64.96088400000008,-0.4468936026096344,1.0344325304031372,-0.020919691771268845,-0.08032989501953125,0.09695775806903839,0.29640674591064453,0.946725606918335
64.96917330000724,-0.4469394385814667,1.0344254970550537,-0.02093839831650257,-0.08020812273025513,0.09696022421121597,0.296417772769928,0.946732223033905
64.97322670000722,-0.446959525346756,1.0344228744506836,-0.020951665937900543,-0.08023915439844131,0.09699904918670654,0.2964847683906555,0.9467046856880188
64.97759080000105,-0.44698628783226013,1.0344288349151611,-0.020974047482013702,-0.08043485134840012,0.09692947566509247,0.296575129032135,0.9466668367385864
64.9815452000039,-0.44701087474823,1.0344257354736328,-0.020989354699850082,-0.08044182509183884,0.09691859036684036,0.29652711749076843,0.9466824531555176
64.98628340000869,-0.4470335841178894,1.0344303846359253,-0.021002160385251045,-0.08047938346862793,0.09695282578468323,0.2965348958969116,0.9466732740402222
64.99110790000123,-0.4470675587654114,1.0343941450119019,-0.021082798019051552,-0.08083503693342209,0.09797903895378113,0.2956858277320862,0.9468029737472534
64.99446430000535,-0.44710373878479004,1.0343900918960571,-0.021112896502017975,-0.08099444210529327,0.09835130721330643,0.29558002948760986,0.946783721446991
64.99868070000957,-0.4471367299556732,1.0343899726867676,-0.021126756444573402,-0.08106086403131485,0.09829816222190857,0.2956930696964264,0.9467482566833496
65.00313009999809,-0.4471763074398041,1.0343981981277466,-0.021152595058083534,-0.0806131586432457,0.09836769849061966,0.29502618312835693,0.9469873309135437
65.00674920000893,-0.44720643758773804,1.034399390220642,-0.021175222471356392,-0.08057188242673874,0.09836066514253616,0.2949415445327759,0.9470179080963135
65.0109824000101,-0.44724005460739136,1.0343985557556152,-0.02119353786110878,-0.08066326379776001,0.09851919859647751,0.29503345489501953,0.9469649791717529
65.01567950000754,-0.4472746253013611,1.0343868732452393,-0.021211232990026474,-0.08067227154970169,0.09849117696285248,0.2951284348964691,0.9469375014305115
65.01949510000122,-0.44730451703071594,1.0343739986419678,-0.02122449316084385,-0.08066549152135849,0.09851378202438354,0.29519131779670715,0.9469161629676819
65.02332580000802,-0.4473538398742676,1.0343623161315918,-0.021229641512036324,-0.08071727305650711,0.09831894934177399,0.2952200770378113,0.946923017501831
65.02738200000022,-0.4473910927772522,1.0343509912490845,-0.021241560578346252,-0.0806422233581543,0.09829358011484146,0.29519209265708923,0.9469408392906189
65.03195830000914,-0.44742777943611145,1.0343291759490967,-0.021251868456602097,-0.08060460537672043,0.09829632192850113,0.2952246367931366,0.9469335675239563
65.03653280000435,-0.44748446345329285,1.0343023538589478,-0.02129785716533661,-0.08014384657144547,0.0981774851679802,0.2949220538139343,0.9470793008804321
65.04172210000979,-0.4475367069244385,1.0343080759048462,-0.02127469703555107,-0.07980616390705109,0.09739752113819122,0.2959001660346985,0.9468832015991211
65.04518370000005,-0.4475685656070709,1.0343011617660522,-0.021274279803037643,-0.07979884743690491,0.09704775363206863,0.29609057307243347,0.9468602538108826
65.04864590000943,-0.44760653376579285,1.0342856645584106,-0.021283073350787163,-0.0797206461429596,0.09707842767238617,0.2960768938064575,0.9468679428100586
65.05273870000383,-0.4476534128189087,1.0342671871185303,-0.021298879757523537,-0.07976073771715164,0.09710735827684402,0.29605594277381897,0.9468681812286377
65.05664300000353,-0.4476999044418335,1.0342426300048828,-0.021311447024345398,-0.07960977405309677,0.09704972803592682,0.29606422781944275,0.9468842148780823
65.06120019999798,-0.44774237275123596,1.034226894378662,-0.021321145817637444,-0.07971178740262985,0.09700068831443787,0.29601678252220154,0.9468954205513
65.06583099999989,-0.4477836787700653,1.034194827079773,-0.021326685324311256,-0.07925909012556076,0.0969918966293335,0.2957734167575836,0.9470104575157166
65.06938919999811,-0.4477836787700653,1.034194827079773,-0.021326685324311256,-0.07925909012556076,0.0969918966293335,0.2957734167575836,0.9470104575157166
65.07346930001222,-0.4478735625743866,1.0341529846191406,-0.02132984809577465,-0.07903594523668289,0.09656120091676712,0.29597795009613037,0.9470091462135315
65.07758199999807,-0.4479118287563324,1.0341200828552246,-0.021347492933273315,-0.07912803441286087,0.09644239395856857,0.29615291953086853,0.9469588994979858
65.08101090000127,-0.4479118287563324,1.0341200828552246,-0.021347492933273315,-0.07912803441286087,0.09644239395856857,0.29615291953086853,0.9469588994979858
65.08569659999921,-0.44799068570137024,1.0340709686279297,-0.021369971334934235,-0.0791115015745163,0.0963185727596283,0.29603204131126404,0.9470106363296509
65.08990079999785,-0.44802162051200867,1.0340416431427002,-0.021396327763795853,-0.07920420169830322,0.09656856954097748,0.295727014541626,0.9470727443695068
65.09455790001084,-0.448067307472229,1.0340105295181274,-0.021407969295978546,-0.0791071355342865,0.09667014330625534,0.2956148684024811,0.9471054673194885
65.0983305000118,-0.4481067955493927,1.0339837074279785,-0.02141348458826542,-0.07908856123685837,0.09668981283903122,0.2956456243991852,0.9470954537391663
65.10270370000217,-0.4481554329395294,1.0339547395706177,-0.021415874361991882,-0.07910694181919098,0.09648722410202026,0.29558056592941284,0.9471349120140076
65.10664660000475,-0.44820430874824524,1.0339263677597046,-0.021426845341920853,-0.07907811552286148,0.09640933573246002,0.29568514227867126,0.9471125602722168
65.11097720000544,-0.4482499063014984,1.0339032411575317,-0.02143467217683792,-0.07904896140098572,0.0964089035987854,0.2956218719482422,0.947134792804718
65.11584030000085,-0.44829264283180237,1.033878207206726,-0.02144145593047142,-0.07899563014507294,0.09645809233188629,0.2955467104911804,0.9471576809883118
65.1193604,-0.4483535587787628,1.0338412523269653,-0.02146756462752819,-0.07882727682590485,0.09617508202791214,0.2955140173435211,0.9472107291221619
65.12347950000549,-0.44840312004089355,1.033818244934082,-0.021476073190569878,-0.07862401008605957,0.09625355154275894,0.2953227162361145,0.9472792744636536
65.12780260000727,-0.44845160841941833,1.0337858200073242,-0.02148382179439068,-0.07866896688938141,0.09621376544237137,0.2952606976032257,0.9472988843917847
65.13191430000006,-0.44849464297294617,1.033760905265808,-0.021495437249541283,-0.07869978249073029,0.09616885334253311,0.29522842168807983,0.9473110437393188
65.13637600000948,-0.4485357999801636,1.0337321758270264,-0.02150678262114525,-0.0786125436425209,0.09617356956005096,0.29526206851005554,0.947307288646698
65.14019740000367,-0.4485827386379242,1.0336840152740479,-0.021506357938051224,-0.0790652483701706,0.09610641002655029,0.29595622420310974,0.9470597505569458
65.14470220000658,-0.44863730669021606,1.033668875694275,-0.021530522033572197,-0.07949763536453247,0.09577331691980362,0.296150803565979,0.9469964504241943
65.14841390000947,-0.4486806094646454,1.0336437225341797,-0.021536562591791153,-0.0795614942908287,0.09576898068189621,0.29611635208129883,0.9470022916793823
65.1526145000098,-0.44871777296066284,1.03361976146698,-0.02154192328453064,-0.07937537878751755,0.09582540392875671,0.29607900977134705,0.9470239281654358
65.15708930000255,-0.4487532675266266,1.0335853099822998,-0.02154471166431904,-0.07942895591259003,0.09582898765802383,0.2962733507156372,0.9469582438468933
65.16091840001172,-0.44879424571990967,1.033527135848999,-0.021523697301745415,-0.07882144302129745,0.0958884134888649,0.2958444058895111,0.9471370577812195
65.16514880000614,-0.44882699847221375,1.0334988832473755,-0.02152179554104805,-0.07878600805997849,0.09586679935455322,0.2958797514438629,0.9471311569213867
65.169779200005,-0.4488803446292877,1.033465027809143,-0.021521437913179398,-0.07883908599615097,0.09625978767871857,0.2961007058620453,0.9470179080963135
65.17379320001055,-0.4489124119281769,1.033435344696045,-0.02152622677385807,-0.07884170860052109,0.09644433110952377,0.2960895001888275,0.9470024108886719
65.17787680000765,-0.44894134998321533,1.0334078073501587,-0.02152891457080841,-0.07877812534570694,0.0964745283126831,0.29615122079849243,0.9469853043556213
65.18210950000503,-0.44896602630615234,1.0333884954452515,-0.02152600698173046,-0.07876601815223694,0.09643808752298355,0.29604941606521606,0.9470219016075134
65.18585310000344,-0.4490160644054413,1.033351182937622,-0.02154640667140484,-0.07797219604253769,0.09635686129331589,0.29531213641166687,0.9473259449005127
65.18990389999817,-0.449048787355423,1.0333266258239746,-0.021550338715314865,-0.07783226668834686,0.09629669785499573,0.29526808857917786,0.9473572969436646
65.19404740000027,-0.44906988739967346,1.0333021879196167,-0.021555611863732338,-0.07786515355110168,0.09642373770475388,0.2952485978603363,0.9473477602005005
65.19851640000707,-0.4490901231765747,1.0332812070846558,-0.021558845415711403,-0.07783349603414536,0.0964774489402771,0.2952277958393097,0.9473513960838318
65.20275440000114,-0.44910797476768494,1.0332577228546143,-0.021563876420259476,-0.07774806767702103,0.09647424519062042,0.2952299416065216,0.9473581314086914
65.20676460000686,-0.44913122057914734,1.033226728439331,-0.021568231284618378,-0.07777422666549683,0.09663626551628113,0.29507941007614136,0.9473862648010254
65.2108084000065,-0.4491581618785858,1.0331947803497314,-0.02156769670546055,-0.07790231704711914,0.09663677960634232,0.29533079266548157,0.9472973346710205
65.21508610001183,-0.4491751790046692,1.0331764221191406,-0.02156316302716732,-0.07795176655054092,0.09662959724664688,0.2954321503639221,0.9472624063491821
65.21951580001041,-0.44918888807296753,1.033155083656311,-0.02156180515885353,-0.0778273418545723,0.09658679366111755,0.29546767473220825,0.9472659230232239
65.22342910000589,-0.4492097795009613,1.0331308841705322,-0.02155015431344509,-0.07784124463796616,0.09660440683364868,0.2956210970878601,0.94721519947052
65.22767160000512,-0.4492301344871521,1.0331133604049683,-0.021539174020290375,-0.0777682438492775,0.09672383219003677,0.2954966425895691,0.9472478628158569
65.23165300000983,-0.44924864172935486,1.0330958366394043,-0.021531838923692703,-0.0778917446732521,0.09669509530067444,0.2957322597503662,0.9471670985221863
65.23641070000303,-0.4492742419242859,1.033077597618103,-0.021510343998670578,-0.07816959917545319,0.09666162729263306,0.2958441972732544,0.9471125602722168
65.24031380000815,-0.44929370284080505,1.0330500602722168,-0.021501166746020317,-0.07817131280899048,0.09663967788219452,0.29587703943252563,0.9471043944358826
65.24426420000964,-0.44931507110595703,1.0330222845077515,-0.02148963324725628,-0.07809419184923172,0.09668830037117004,0.29593202471733093,0.9470887184143066
65.24860980000813,-0.44932156801223755,1.0329904556274414,-0.02148299477994442,-0.0780855044722557,0.09668093919754028,0.29602527618408203,0.9470610022544861
65.25263040000573,-0.44933903217315674,1.0329591035842896,-0.021469270810484886,-0.07803764939308167,0.09671813249588013,0.2960315942764282,0.9470592141151428
65.2569885999983,-0.44935229420661926,1.032932996749878,-0.02145472727715969,-0.07803641259670258,0.09672904014587402,0.2960794270038605,0.947043240070343
65.26120660000015,-0.44936367869377136,1.0329049825668335,-0.021434884518384933,-0.0780562236905098,0.09674952924251556,0.2961327135562897,0.9470228552818298
65.2651373000117,-0.4493713080883026,1.0328761339187622,-0.021417364478111267,-0.07797715067863464,0.09674923866987228,0.2962026596069336,0.947007417678833
65.26930690000881,-0.44937974214553833,1.0328443050384521,-0.021401604637503624,-0.07797717303037643,0.09673920273780823,0.29626619815826416,0.9469886422157288
65.27328520000447,-0.44939279556274414,1.0327924489974976,-0.02137712948024273,-0.07754424959421158,0.09658841043710709,0.296186238527298,0.9470646381378174
65.27768420000211,-0.4493984580039978,1.0327517986297607,-0.021363159641623497,-0.0773271843791008,0.09648769348859787,0.29616960883140564,0.9470977783203125
65.28194830000575,-0.4494030475616455,1.0327141284942627,-0.02134164795279503,-0.07734334468841553,0.09649074822664261,0.29618039727211,0.9470927715301514
65.28635049999866,-0.44940271973609924,1.0326803922653198,-0.021318698301911354,-0.07742948085069656,0.0964633896946907,0.296322762966156,0.9470440149307251
65.29071610000392,-0.44940271973609924,1.0326803922653198,-0.021318698301911354,-0.07742948085069656,0.0964633896946907,0.296322762966156,0.9470440149307251
65.29704230000789,-0.449398010969162,1.0326226949691772,-0.02125130221247673,-0.07717777788639069,0.09628225862979889,0.2965458929538727,0.9470131993293762
65.3014145000052,-0.449398010969162,1.0326226949691772,-0.02125130221247673,-0.07717777788639069,0.09628225862979889,0.2965458929538727,0.9470131993293762
65.30743710001116,-0.4493878483772278,1.0325241088867188,-0.021171946078538895,-0.07707522809505463,0.09634056687355042,0.2964157164096832,0.9470562934875488
65.31324870001117,-0.44938087463378906,1.0324883460998535,-0.021152161061763763,-0.07701390981674194,0.09640564769506454,0.29651886224746704,0.9470223784446716
65.31776280001213,-0.4493648111820221,1.032443881034851,-0.021117594093084335,-0.07736852765083313,0.0964052826166153,0.2970220446586609,0.9468357563018799
65.32117540000763,-0.4493553340435028,1.032378077507019,-0.02114553190767765,-0.07757172733545303,0.0973460003733635,0.2960014343261719,0.9470425248146057
65.3255547000008,-0.4493558406829834,1.0323504209518433,-0.021130768582224846,-0.07753372192382812,0.09772691875696182,0.2957344055175781,0.9470898509025574
65.32966820000729,-0.4493452310562134,1.032305121421814,-0.021101759746670723,-0.07798369973897934,0.09763127565383911,0.29654115438461304,0.9468104243278503
65.33345920000284,-0.4493407607078552,1.0322855710983276,-0.02106694132089615,-0.07791068404912949,0.09766930341720581,0.29641851782798767,0.9468509554862976
65.3375737000024,-0.44934701919555664,1.0322558879852295,-0.02104988507926464,-0.07792362570762634,0.09763295203447342,0.2966068387031555,0.9467946290969849
65.34169200000179,-0.4493564963340759,1.0322258472442627,-0.021024469286203384,-0.07797166705131531,0.09764187037944794,0.29666680097579956,0.9467710256576538
65.3464141000004,-0.4493614733219147,1.0321918725967407,-0.020999694243073463,-0.07770974934101105,0.09779202938079834,0.2966407239437103,0.9467852115631104
65.3505712000042,-0.4493732154369354,1.0321720838546753,-0.020975353196263313,-0.07756775617599487,0.09787601977586746,0.2966633141040802,0.9467811584472656
65.35433510001167,-0.44938644766807556,1.0321464538574219,-0.020951341837644577,-0.07748046517372131,0.09787029027938843,0.2967250347137451,0.9467695355415344
65.35859380000329,-0.449390172958374,1.0321059226989746,-0.02092643640935421,-0.07790211588144302,0.09771667420864105,0.2974231541156769,0.9465317130088806
65.3627567000076,-0.4493970274925232,1.0320894718170166,-0.020888641476631165,-0.0780346691608429,0.0977676510810852,0.2975913882255554,0.9464626312255859
65.36698160000378,-0.4494057893753052,1.0320721864700317,-0.02085609920322895,-0.07807691395282745,0.09778552502393723,0.2976100742816925,0.9464514255523682
65.37124870000116,-0.44941630959510803,1.0320550203323364,-0.020830519497394562,-0.07793216407299042,0.09784158319234848,0.29756441712379456,0.9464719295501709
65.3757556000055,-0.44943535327911377,1.032025694847107,-0.020808717235922813,-0.07816540449857712,0.09779078513383865,0.29785311222076416,0.946367084980011
65.3798947000032,-0.44944947957992554,1.0320013761520386,-0.020788496360182762,-0.07823290675878525,0.09777799248695374,0.2979820668697357,0.9463223218917847
65.38340960000642,-0.4494653344154358,1.0320171117782593,-0.02069801837205887,-0.07782204449176788,0.09681681543588638,0.2985849678516388,0.946264922618866
65.38785630000348,-0.449463427066803,1.0320045948028564,-0.020655181258916855,-0.07762464135885239,0.09636003524065018,0.29852500557899475,0.946346640586853
65.39241060000495,-0.44948121905326843,1.0319862365722656,-0.02062882110476494,-0.07769636064767838,0.09637098014354706,0.29845327138900757,0.9463622570037842
65.39638679999916,-0.4495047926902771,1.0319650173187256,-0.020611677318811417,-0.0778663381934166,0.09647325426340103,0.29851365089416504,0.9463189244270325
65.40051780000795,-0.4495491087436676,1.0319297313690186,-0.020587436854839325,-0.07781475782394409,0.09641365706920624,0.29845303297042847,0.946348249912262
65.40472310000041,-0.4495770037174225,1.0319037437438965,-0.020558010786771774,-0.07786304503679276,0.09641973674297333,0.29836949706077576,0.9463700652122498
65.40924190000806,-0.44959622621536255,1.031872034072876,-0.020515138283371925,-0.07746072858572006,0.09653633087873459,0.298197865486145,0.9464452266693115
65.41333640000084,-0.44962477684020996,1.031844973564148,-0.02047814428806305,-0.07745715975761414,0.0965200811624527,0.29830777645111084,0.9464125633239746
65.41749820001132,-0.44966036081314087,1.031815528869629,-0.02044394612312317,-0.07769864052534103,0.09652750194072723,0.298625111579895,0.9462919235229492
65.42192480000085,-0.44970273971557617,1.0317720174789429,-0.02041601575911045,-0.07774375379085541,0.09656232595443726,0.29848340153694153,0.9463293552398682
65.42614000001049,-0.44974687695503235,1.0317177772521973,-0.020364465191960335,-0.07772911339998245,0.0963742733001709,0.29793432354927063,0.9465227723121643
65.43192139999883,-0.44981563091278076,1.031658411026001,-0.020296476781368256,-0.07784365862607956,0.09634228050708771,0.2979043424129486,0.946526050567627
65.4359439000109,-0.4498543441295624,1.0316241979599,-0.020263634622097015,-0.07783377915620804,0.09636721014976501,0.29790422320365906,0.9465243220329285
65.43991760000063,-0.44989830255508423,1.0315899848937988,-0.020230958238244057,-0.07779975980520248,0.09636722505092621,0.29776236414909363,0.9465717673301697
65.44412130001001,-0.4499383270740509,1.0315614938735962,-0.020199254155158997,-0.07772449404001236,0.09645336866378784,0.2975805401802063,0.9466263651847839
65.45042730000569,-0.4499620497226715,1.03157639503479,-0.020109400153160095,-0.07711679488420486,0.09728910773992538,0.2962650954723358,0.9470031261444092
65.45466800000577,-0.45000720024108887,1.0315437316894531,-0.02004624903202057,-0.0770869255065918,0.0971972867846489,0.2961820065975189,0.9470409154891968
65.45910680000088,-0.4500456750392914,1.0315117835998535,-0.020016521215438843,-0.07707811892032623,0.0971822738647461,0.2959033250808716,0.9471303224563599
65.4628989000048,-0.4500834047794342,1.0314871072769165,-0.01999237947165966,-0.07723257690668106,0.09712964296340942,0.2960527837276459,0.9470763802528381
65.4668845999986,-0.4501253366470337,1.0314710140228271,-0.019946131855249405,-0.07720717042684555,0.09694082289934158,0.2962423264980316,0.9470385313034058
65.47102680000535,-0.4501592814922333,1.0314429998397827,-0.019909774884581566,-0.07715602219104767,0.09682650119066238,0.29623767733573914,0.9470558762550354
65.47545220000029,-0.45019862055778503,1.0313998460769653,-0.019885117188096046,-0.07717134803533554,0.09701231122016907,0.2958020865917206,0.9471718072891235
65.47936470000423,-0.4502406418323517,1.0313777923583984,-0.019860539585351944,-0.07718934118747711,0.09711261093616486,0.29580575227737427,0.9471588730812073
65.48368270001083,-0.4502767026424408,1.031345248222351,-0.019834186881780624,-0.0771644338965416,0.09710647165775299,0.2956012785434723,0.9472253918647766
65.48785440000938,-0.45030632615089417,1.031315565109253,-0.019805995747447014,-0.07713661342859268,0.09712223708629608,0.29560616612434387,0.947224497795105
65.49181400000816,-0.4503539502620697,1.0312689542770386,-0.019798196852207184,-0.07693616300821304,0.09679637104272842,0.29550495743751526,0.9473057985305786
65.49530030001188,-0.450397789478302,1.031226396560669,-0.01978481560945511,-0.07693629711866379,0.09669950604438782,0.2954437732696533,0.9473347067832947
65.5007992000028,-0.4504343271255493,1.0311915874481201,-0.019765740260481834,-0.07690718024969101,0.09668252617120743,0.295366495847702,0.9473628401756287
65.50503200000094,-0.45047298073768616,1.0311540365219116,-0.019751520827412605,-0.07694565504789352,0.09664510935544968,0.2953627109527588,0.9473647475242615
65.50850809999974,-0.45051315426826477,1.0311098098754883,-0.019731562584638596,-0.07711325585842133,0.09655995666980743,0.2954295575618744,0.9473389983177185
